totalHoles = 50;
zeroHoleID = 47;
C = [[0.0, 0.4145781599116111, 2.7950849718747373, 3.5, 3.681698486032731, 4.0, 4.0858835573770875, 4.333333333333333, 4.716990566028302, 5.0, 4.5, 4.576510072581994, 4.7987266829626565, 5.1478150704935, 5.0, 5.068968775248516, 5.270462766947299, 5.5901699437494745, 5.5, 5.562773089426212, 5.74697988318889, 6.041522986797286, 6.0, 6.057593948462083, 6.227180564089801, 6.5, 6.5, 6.553201083779166, 6.710274046399132, 6.96419413859206, 7.0, 7.0494286608522, 7.195677714974301, 7.433034373659253, 7.5, 7.54615428178118, 7.68295371441074, 7.905694150420948, 9.32010611812745, 8.0, 8.043285674675769, 8.171767114754175, 8.381527307120106, 8.5, 8.540751983545972, 8.661857640124188, 8.860022573334675, 9.013878188659973, 9.818741340016132, 13.006969830813023], [0.4145781599116111, 0.0, 2.402226959973706, 3.456968253709947, 3.618904772751237, 3.953897914113029, 3.9554974729436934, 4.12886191226946, 4.45397912114592, 4.709443095619594, 4.451515239027754, 4.452936050128376, 4.607621935300072, 4.901082453874118, 4.949612826410291, 4.950890695077186, 5.09046747428243, 5.357545000066887, 5.448058951538083, 5.449219933409811, 5.576337356616464, 5.821165487753347, 5.946765973830077, 5.947829611777709, 6.064504721975674, 6.290361423946927, 6.445673336089268, 6.446654659496562, 6.554456249829898, 6.763972653104725, 6.944737861405649, 6.9456486743052075, 7.0458197492558075, 7.241132871313543, 7.443927939717717, 7.444777680693135, 7.538319119476975, 7.7211841363929725, 9.057399005288012, 7.9432199000014485, 7.944016233808665, 8.031745411499363, 8.203618937771028, 8.442595666490726, 8.44334490181969, 8.52593769407272, 8.68804022114449, 8.821732661076263, 9.680745960425835, 12.944231248486286], [2.7950849718747373, 2.402226959973706, 0.0, 3.3634060117684275, 3.3685013413986886, 3.7165171868296265, 3.215630230262456, 2.873489941594445, 2.75, 2.7950849718747373, 4.100304866714182, 3.6524345001351874, 3.355137023199566, 3.25, 4.5069390943299865, 4.103690750748377, 3.84147685720537, 3.75, 4.930770730829005, 4.565115308267446, 4.330928820062094, 4.25, 5.367727638395972, 5.033912770179652, 4.822545432076762, 4.75, 5.814851674806504, 5.508200956553581, 5.315726144605687, 5.25, 6.269968101992227, 5.986675018553937, 5.810072671184453, 5.75, 6.73145600891813, 6.468406123441676, 6.305310812675648, 6.25, 7.121698924101919, 7.198090024443984, 6.952717294538717, 6.801245800913568, 6.75, 7.668930825088983, 7.439104635490603, 7.297735569643809, 7.25, 7.267220926874317, 8.400805176467575, 12.007444218030379], [3.5, 3.456968253709947, 3.3634060117684275, 0.0, 0.24279122960567293, 0.5, 0.9718253158075502, 1.7400510848184252, 2.5495097567963922, 3.0413812651491097, 1.0, 1.3017082793177759, 1.9436506316151003, 2.692582403567252, 1.5, 1.7159383568311668, 2.242270674512285, 2.9154759474226504, 2.0, 2.1666666666666665, 2.6034165586355518, 3.2015621187164243, 2.5, 2.6352313834736494, 3.0046260628866577, 3.5355339059327378, 3.0, 3.1135902820449006, 3.4318767136623336, 3.905124837953327, 3.5, 3.5978388574871505, 3.8765677832043357, 4.301162633521313, 4.0, 4.0858835573770875, 4.333333333333333, 4.716990566028302, 6.5707029063401015, 4.5, 4.576510072581994, 4.7987266829626565, 5.1478150704935, 5.0, 5.068968775248516, 5.270462766947299, 5.5901699437494745, 5.830951894845301, 6.422243542332474, 9.507020089278708], [3.681698486032731, 3.618904772751237, 3.3685013413986886, 0.24279122960567293, 0.0, 0.36187545358111683, 0.7417494530204143, 1.5356821113422263, 2.356975971881309, 2.8531056954922125, 0.8384271623913693, 1.059338715325362, 1.7118194442836612, 2.4753468433245764, 1.3322786380358833, 1.4812848397652263, 2.0005829331869065, 2.6831601252046156, 1.8294733209582075, 1.940672831584293, 2.3610036711724596, 2.9616472646517433, 2.3278700339213434, 2.416240323722063, 2.7652024515432747, 3.292925869640897, 2.8268330614947996, 2.9000385453837687, 3.196615532207782, 3.662699420602428, 3.326107547914103, 3.3885439096229386, 3.6455942071880605, 4.060464666563726, 3.8255715498500704, 3.8799788775422237, 4.106380813589291, 4.47876987253683, 6.328533690173548, 4.325159412756179, 4.373355960004276, 4.575409232947951, 4.912370693857975, 4.824832661189865, 4.8680846968428995, 5.050383739051564, 5.357554675092526, 5.593591732887738, 6.204005696600946, 9.329436456854793], [4.0, 3.953897914113029, 3.7165171868296265, 0.5, 0.36187545358111683, 0.0, 0.8333333333333335, 1.666666666666667, 2.5, 3.0, 0.5, 0.9718253158075502, 1.7400510848184252, 2.5495097567963922, 1.0, 1.3017082793177759, 1.9436506316151003, 2.692582403567252, 1.5, 1.7159383568311668, 2.242270674512285, 2.9154759474226504, 2.0, 2.1666666666666665, 2.6034165586355518, 3.2015621187164243, 2.5, 2.6352313834736494, 3.0046260628866577, 3.5355339059327378, 3.0, 3.1135902820449006, 3.4318767136623336, 3.905124837953327, 3.5, 3.5978388574871505, 3.8765677832043357, 4.301162633521313, 6.239605246372713, 4.0, 4.0858835573770875, 4.333333333333333, 4.716990566028302, 4.5, 4.576510072581994, 4.7987266829626565, 5.1478150704935, 5.408326913195984, 5.946836078767401, 9.007030457560132], [4.0858835573770875, 3.9554974729436934, 3.215630230262456, 0.9718253158075502, 0.7417494530204143, 0.8333333333333335, 0.0, 0.8333333333333335, 1.6666666666666665, 2.1666666666666665, 0.9718253158075502, 0.5, 0.9718253158075502, 1.740051084818425, 1.3017082793177759, 1.0, 1.3017082793177759, 1.9436506316151, 1.7159383568311668, 1.5, 1.7159383568311668, 2.2422706745122847, 2.1666666666666665, 2.0, 2.1666666666666665, 2.6034165586355513, 2.6352313834736494, 2.5, 2.6352313834736494, 3.0046260628866577, 3.1135902820449006, 3.0, 3.1135902820449006, 3.431876713662333, 3.5978388574871505, 3.5, 3.5978388574871505, 3.8765677832043357, 5.624403060754614, 4.0858835573770875, 4.0, 4.0858835573770875, 4.333333333333333, 4.576510072581994, 4.5, 4.576510072581994, 4.7987266829626565, 4.994441354590566, 5.733153274612458, 9.040006675501676], [4.333333333333333, 4.12886191226946, 2.873489941594445, 1.7400510848184252, 1.5356821113422263, 1.666666666666667, 0.8333333333333335, 0.0, 0.833333333333333, 1.333333333333333, 1.7400510848184252, 0.9718253158075502, 0.5, 0.9718253158075498, 1.9436506316151003, 1.3017082793177759, 1.0, 1.3017082793177757, 2.242270674512285, 1.7159383568311668, 1.5, 1.7159383568311666, 2.6034165586355518, 2.1666666666666665, 2.0, 2.1666666666666665, 3.0046260628866577, 2.6352313834736494, 2.5, 2.6352313834736494, 3.4318767136623336, 3.1135902820449006, 3.0, 3.1135902820449006, 3.8765677832043357, 3.5978388574871505, 3.5, 3.5978388574871505, 5.07188671383527, 4.333333333333333, 4.0858835573770875, 4.0, 4.0858835573770875, 4.7987266829626565, 4.576510072581994, 4.5, 4.576510072581994, 4.693375946776241, 5.635789428426008, 9.149083703393622], [4.716990566028302, 4.45397912114592, 2.75, 2.5495097567963922, 2.356975971881309, 2.5, 1.6666666666666665, 0.833333333333333, 0.0, 0.5, 2.5495097567963922, 1.740051084818425, 0.9718253158075498, 0.5, 2.692582403567252, 1.9436506316151, 1.3017082793177757, 1.0, 2.9154759474226504, 2.2422706745122847, 1.7159383568311666, 1.5, 3.2015621187164243, 2.6034165586355513, 2.1666666666666665, 2.0, 3.5355339059327378, 3.0046260628866577, 2.6352313834736494, 2.5, 3.905124837953327, 3.431876713662333, 3.1135902820449006, 3.0, 4.301162633521313, 3.8765677832043357, 3.5978388574871505, 3.5, 4.604676837197208, 4.716990566028302, 4.333333333333333, 4.0858835573770875, 4.0, 5.1478150704935, 4.7987266829626565, 4.576510072581994, 4.5, 4.527692569068709, 5.66074971905719, 9.33159329477981], [5.0, 4.709443095619594, 2.7950849718747373, 3.0413812651491097, 2.8531056954922125, 3.0, 2.1666666666666665, 1.333333333333333, 0.5, 0.0, 3.0413812651491097, 2.223610677354389, 1.4240006242195882, 0.7071067811865476, 3.1622776601683795, 2.3863035105460586, 1.6666666666666663, 1.118033988749895, 3.3541019662496847, 2.6352313834736494, 2.0069324297987157, 1.5811388300841898, 3.605551275463989, 2.948634335492355, 2.403700850309326, 2.0615528128088303, 3.905124837953327, 3.3082388735465345, 2.833333333333333, 2.5495097567963922, 4.242640687119285, 3.7006005518624194, 3.2829526005987013, 3.0413812651491097, 4.6097722286464435, 4.1163630117428225, 3.745367509040705, 3.5355339059327378, 4.3768851714332415, 5.0, 4.549114687985393, 4.216370213557839, 4.031128874149275, 5.408326913195984, 4.994441354590566, 4.693375946776241, 4.527692569068709, 4.5, 5.734102631504021, 9.474652530321745], [4.5, 4.451515239027754, 4.100304866714182, 1.0, 0.8384271623913693, 0.5, 0.9718253158075502, 1.7400510848184252, 2.5495097567963922, 3.0413812651491097, 0.0, 0.8333333333333335, 1.666666666666667, 2.5, 0.5, 0.9718253158075502, 1.7400510848184252, 2.5495097567963922, 1.0, 1.3017082793177759, 1.9436506316151003, 2.692582403567252, 1.5, 1.7159383568311668, 2.242270674512285, 2.9154759474226504, 2.0, 2.1666666666666665, 2.6034165586355518, 3.2015621187164243, 2.5, 2.6352313834736494, 3.0046260628866577, 3.5355339059327378, 3.0, 3.1135902820449006, 3.4318767136623336, 3.905124837953327, 5.932218015020819, 3.5, 3.5978388574871505, 3.8765677832043357, 4.301162633521313, 4.0, 4.0858835573770875, 4.333333333333333, 4.716990566028302, 5.0, 5.475811042980585, 8.507042044617085], [4.576510072581994, 4.452936050128376, 3.6524345001351874, 1.3017082793177759, 1.059338715325362, 0.9718253158075502, 0.5, 0.9718253158075502, 1.740051084818425, 2.223610677354389, 0.8333333333333335, 0.0, 0.8333333333333335, 1.6666666666666665, 0.9718253158075502, 0.5, 0.9718253158075502, 1.740051084818425, 1.3017082793177759, 1.0, 1.3017082793177759, 1.9436506316151, 1.7159383568311668, 1.5, 1.7159383568311668, 2.2422706745122847, 2.1666666666666665, 2.0, 2.1666666666666665, 2.6034165586355513, 2.6352313834736494, 2.5, 2.6352313834736494, 3.0046260628866577, 3.1135902820449006, 3.0, 3.1135902820449006, 3.431876713662333, 5.281330015914695, 3.5978388574871505, 3.5, 3.5978388574871505, 3.8765677832043357, 4.0858835573770875, 4.0, 4.0858835573770875, 4.333333333333333, 4.549114687985393, 5.242966116703219, 8.541948687423838], [4.7987266829626565, 4.607621935300072, 3.355137023199566, 1.9436506316151003, 1.7118194442836612, 1.7400510848184252, 0.9718253158075502, 0.5, 0.9718253158075498, 1.4240006242195882, 1.666666666666667, 0.8333333333333335, 0.0, 0.833333333333333, 1.7400510848184252, 0.9718253158075502, 0.5, 0.9718253158075498, 1.9436506316151003, 1.3017082793177759, 1.0, 1.3017082793177757, 2.242270674512285, 1.7159383568311668, 1.5, 1.7159383568311666, 2.6034165586355518, 2.1666666666666665, 2.0, 2.1666666666666665, 3.0046260628866577, 2.6352313834736494, 2.5, 2.6352313834736494, 3.4318767136623336, 3.1135902820449006, 3.0, 3.1135902820449006, 4.688557537788609, 3.8765677832043357, 3.5978388574871505, 3.5, 3.5978388574871505, 4.333333333333333, 4.0858835573770875, 4.0, 4.0858835573770875, 4.216370213557839, 5.136318692629658, 8.657303234678205], [5.1478150704935, 4.901082453874118, 3.25, 2.692582403567252, 2.4753468433245764, 2.5495097567963922, 1.740051084818425, 0.9718253158075498, 0.5, 0.7071067811865476, 2.5, 1.6666666666666665, 0.833333333333333, 0.0, 2.5495097567963922, 1.740051084818425, 0.9718253158075498, 0.5, 2.692582403567252, 1.9436506316151, 1.3017082793177757, 1.0, 2.9154759474226504, 2.2422706745122847, 1.7159383568311666, 1.5, 3.2015621187164243, 2.6034165586355513, 2.1666666666666665, 2.0, 3.5355339059327378, 3.0046260628866577, 2.6352313834736494, 2.5, 3.905124837953327, 3.431876713662333, 3.1135902820449006, 3.0, 4.178706225878547, 4.301162633521313, 3.8765677832043357, 3.5978388574871505, 3.5, 4.716990566028302, 4.333333333333333, 4.0858835573770875, 4.0, 4.031128874149275, 5.163693892215584, 8.849960457801293], [5.0, 4.949612826410291, 4.5069390943299865, 1.5, 1.3322786380358833, 1.0, 1.3017082793177759, 1.9436506316151003, 2.692582403567252, 3.1622776601683795, 0.5, 0.9718253158075502, 1.7400510848184252, 2.5495097567963922, 0.0, 0.8333333333333335, 1.666666666666667, 2.5, 0.5, 0.9718253158075502, 1.7400510848184252, 2.5495097567963922, 1.0, 1.3017082793177759, 1.9436506316151003, 2.692582403567252, 1.5, 1.7159383568311668, 2.242270674512285, 2.9154759474226504, 2.0, 2.1666666666666665, 2.6034165586355518, 3.2015621187164243, 2.5, 2.6352313834736494, 3.0046260628866577, 3.5355339059327378, 5.652410771070445, 3.0, 3.1135902820449006, 3.4318767136623336, 3.905124837953327, 3.5, 3.5978388574871505, 3.8765677832043357, 4.301162633521313, 4.6097722286464435, 5.010404555435279, 8.007055078763342], [5.068968775248516, 4.950890695077186, 4.103690750748377, 1.7159383568311668, 1.4812848397652263, 1.3017082793177759, 1.0, 1.3017082793177759, 1.9436506316151, 2.3863035105460586, 0.9718253158075502, 0.5, 0.9718253158075502, 1.740051084818425, 0.8333333333333335, 0.0, 0.8333333333333335, 1.6666666666666665, 0.9718253158075502, 0.5, 0.9718253158075502, 1.740051084818425, 1.3017082793177759, 1.0, 1.3017082793177759, 1.9436506316151, 1.7159383568311668, 1.5, 1.7159383568311668, 2.2422706745122847, 2.1666666666666665, 2.0, 2.1666666666666665, 2.6034165586355513, 2.6352313834736494, 2.5, 2.6352313834736494, 3.0046260628866577, 4.964975698246383, 3.1135902820449006, 3.0, 3.1135902820449006, 3.431876713662333, 3.5978388574871505, 3.5, 3.5978388574871505, 3.8765677832043357, 4.1163630117428225, 4.75482291274833, 8.044131653823724], [5.270462766947299, 5.09046747428243, 3.84147685720537, 2.242270674512285, 2.0005829331869065, 1.9436506316151003, 1.3017082793177759, 1.0, 1.3017082793177757, 1.6666666666666663, 1.7400510848184252, 0.9718253158075502, 0.5, 0.9718253158075498, 1.666666666666667, 0.8333333333333335, 0.0, 0.833333333333333, 1.7400510848184252, 0.9718253158075502, 0.5, 0.9718253158075498, 1.9436506316151003, 1.3017082793177759, 1.0, 1.3017082793177757, 2.242270674512285, 1.7159383568311668, 1.5, 1.7159383568311666, 2.6034165586355518, 2.1666666666666665, 2.0, 2.1666666666666665, 3.0046260628866577, 2.6352313834736494, 2.5, 2.6352313834736494, 4.329100222024206, 3.4318767136623336, 3.1135902820449006, 3.0, 3.1135902820449006, 3.8765677832043357, 3.5978388574871505, 3.5, 3.5978388574871505, 3.745367509040705, 4.63696203811885, 8.166521045257685], [5.5901699437494745, 5.357545000066887, 3.75, 2.9154759474226504, 2.6831601252046156, 2.692582403567252, 1.9436506316151, 1.3017082793177757, 1.0, 1.118033988749895, 2.5495097567963922, 1.740051084818425, 0.9718253158075498, 0.5, 2.5, 1.6666666666666665, 0.833333333333333, 0.0, 2.5495097567963922, 1.740051084818425, 0.9718253158075498, 0.5, 2.692582403567252, 1.9436506316151, 1.3017082793177757, 1.0, 2.9154759474226504, 2.2422706745122847, 1.7159383568311666, 1.5, 3.2015621187164243, 2.6034165586355513, 2.1666666666666665, 2.0, 3.5355339059327378, 3.0046260628866577, 2.6352313834736494, 2.5, 3.7709577920432595, 3.905124837953327, 3.431876713662333, 3.1135902820449006, 3.0, 4.301162633521313, 3.8765677832043357, 3.5978388574871505, 3.5, 3.5355339059327378, 4.6672670636254585, 8.370481873232475], [5.5, 5.448058951538083, 4.930770730829005, 2.0, 1.8294733209582075, 1.5, 1.7159383568311668, 2.242270674512285, 2.9154759474226504, 3.3541019662496847, 1.0, 1.3017082793177759, 1.9436506316151003, 2.692582403567252, 0.5, 0.9718253158075502, 1.7400510848184252, 2.5495097567963922, 0.0, 0.8333333333333335, 1.666666666666667, 2.5, 0.5, 0.9718253158075502, 1.7400510848184252, 2.5495097567963922, 1.0, 1.3017082793177759, 1.9436506316151003, 2.692582403567252, 1.5, 1.7159383568311668, 2.242270674512285, 2.9154759474226504, 2.0, 2.1666666666666665, 2.6034165586355518, 3.2015621187164243, 5.404468935250607, 2.5, 2.6352313834736494, 3.0046260628866577, 3.5355339059327378, 3.0, 3.1135902820449006, 3.4318767136623336, 3.905124837953327, 4.242640687119285, 4.552340171804506, 7.5070698491366645], [5.562773089426212, 5.449219933409811, 4.565115308267446, 2.1666666666666665, 1.940672831584293, 1.7159383568311668, 1.5, 1.7159383568311668, 2.2422706745122847, 2.6352313834736494, 1.3017082793177759, 1.0, 1.3017082793177759, 1.9436506316151, 0.9718253158075502, 0.5, 0.9718253158075502, 1.740051084818425, 0.8333333333333335, 0.0, 0.8333333333333335, 1.6666666666666665, 0.9718253158075502, 0.5, 0.9718253158075502, 1.740051084818425, 1.3017082793177759, 1.0, 1.3017082793177759, 1.9436506316151, 1.7159383568311668, 1.5, 1.7159383568311668, 2.2422706745122847, 2.1666666666666665, 2.0, 2.1666666666666665, 2.6034165586355513, 4.6807606893915015, 2.6352313834736494, 2.5, 2.6352313834736494, 3.0046260628866577, 3.1135902820449006, 3.0, 3.1135902820449006, 3.431876713662333, 3.7006005518624194, 4.269424804618883, 7.546603259050775], [5.74697988318889, 5.576337356616464, 4.330928820062094, 2.6034165586355518, 2.3610036711724596, 2.242270674512285, 1.7159383568311668, 1.5, 1.7159383568311666, 2.0069324297987157, 1.9436506316151003, 1.3017082793177759, 1.0, 1.3017082793177757, 1.7400510848184252, 0.9718253158075502, 0.5, 0.9718253158075498, 1.666666666666667, 0.8333333333333335, 0.0, 0.833333333333333, 1.7400510848184252, 0.9718253158075502, 0.5, 0.9718253158075498, 1.9436506316151003, 1.3017082793177759, 1.0, 1.3017082793177757, 2.242270674512285, 1.7159383568311668, 1.5, 1.7159383568311666, 2.6034165586355518, 2.1666666666666665, 2.0, 2.1666666666666665, 3.9999557096930047, 3.0046260628866577, 2.6352313834736494, 2.5, 2.6352313834736494, 3.4318767136623336, 3.1135902820449006, 3.0, 3.1135902820449006, 3.2829526005987013, 4.137760768054842, 7.676928596001375], [6.041522986797286, 5.821165487753347, 4.25, 3.2015621187164243, 2.9616472646517433, 2.9154759474226504, 2.2422706745122847, 1.7159383568311666, 1.5, 1.5811388300841898, 2.692582403567252, 1.9436506316151, 1.3017082793177757, 1.0, 2.5495097567963922, 1.740051084818425, 0.9718253158075498, 0.5, 2.5, 1.6666666666666665, 0.833333333333333, 0.0, 2.5495097567963922, 1.740051084818425, 0.9718253158075498, 0.5, 2.692582403567252, 1.9436506316151, 1.3017082793177757, 1.0, 2.9154759474226504, 2.2422706745122847, 1.7159383568311666, 1.5, 3.2015621187164243, 2.6034165586355513, 2.1666666666666665, 2.0, 3.388017062611613, 3.5355339059327378, 3.0046260628866577, 2.6352313834736494, 2.5, 3.905124837953327, 3.431876713662333, 3.1135902820449006, 3.0, 3.0413812651491097, 4.171693789565755, 7.89355011864626], [6.0, 5.946765973830077, 5.367727638395972, 2.5, 2.3278700339213434, 2.0, 2.1666666666666665, 2.6034165586355518, 3.2015621187164243, 3.605551275463989, 1.5, 1.7159383568311668, 2.242270674512285, 2.9154759474226504, 1.0, 1.3017082793177759, 1.9436506316151003, 2.692582403567252, 0.5, 0.9718253158075502, 1.7400510848184252, 2.5495097567963922, 0.0, 0.8333333333333335, 1.666666666666667, 2.5, 0.5, 0.9718253158075502, 1.7400510848184252, 2.5495097567963922, 1.0, 1.3017082793177759, 1.9436506316151003, 2.692582403567252, 1.5, 1.7159383568311668, 2.242270674512285, 2.9154759474226504, 5.192958830884805, 2.0, 2.1666666666666665, 2.6034165586355518, 3.2015621187164243, 2.5, 2.6352313834736494, 3.0046260628866577, 3.5355339059327378, 3.905124837953327, 4.104077030286293, 7.007086727398467], [6.057593948462083, 5.947829611777709, 5.033912770179652, 2.6352313834736494, 2.416240323722063, 2.1666666666666665, 2.0, 2.1666666666666665, 2.6034165586355513, 2.948634335492355, 1.7159383568311668, 1.5, 1.7159383568311668, 2.2422706745122847, 1.3017082793177759, 1.0, 1.3017082793177759, 1.9436506316151, 0.9718253158075502, 0.5, 0.9718253158075502, 1.740051084818425, 0.8333333333333335, 0.0, 0.8333333333333335, 1.6666666666666665, 0.9718253158075502, 0.5, 0.9718253158075502, 1.740051084818425, 1.3017082793177759, 1.0, 1.3017082793177759, 1.9436506316151, 1.7159383568311668, 1.5, 1.7159383568311668, 2.2422706745122847, 4.434868383450455, 2.1666666666666665, 2.0, 2.1666666666666665, 2.6034165586355513, 2.6352313834736494, 2.5, 2.6352313834736494, 3.0046260628866577, 3.3082388735465345, 3.7878272654641307, 7.049424617299112], [6.227180564089801, 6.064504721975674, 4.822545432076762, 3.0046260628866577, 2.7652024515432747, 2.6034165586355518, 2.1666666666666665, 2.0, 2.1666666666666665, 2.403700850309326, 2.242270674512285, 1.7159383568311668, 1.5, 1.7159383568311666, 1.9436506316151003, 1.3017082793177759, 1.0, 1.3017082793177757, 1.7400510848184252, 0.9718253158075502, 0.5, 0.9718253158075498, 1.666666666666667, 0.8333333333333335, 0.0, 0.833333333333333, 1.7400510848184252, 0.9718253158075502, 0.5, 0.9718253158075498, 1.9436506316151003, 1.3017082793177759, 1.0, 1.3017082793177757, 2.242270674512285, 1.7159383568311668, 1.5, 1.7159383568311666, 3.709202424603073, 2.6034165586355518, 2.1666666666666665, 2.0, 2.1666666666666665, 3.0046260628866577, 2.6352313834736494, 2.5, 2.6352313834736494, 2.833333333333333, 3.6387788342179137, 7.188768973445357], [6.5, 6.290361423946927, 4.75, 3.5355339059327378, 3.292925869640897, 3.2015621187164243, 2.6034165586355513, 2.1666666666666665, 2.0, 2.0615528128088303, 2.9154759474226504, 2.2422706745122847, 1.7159383568311666, 1.5, 2.692582403567252, 1.9436506316151, 1.3017082793177757, 1.0, 2.5495097567963922, 1.740051084818425, 0.9718253158075498, 0.5, 2.5, 1.6666666666666665, 0.833333333333333, 0.0, 2.5495097567963922, 1.740051084818425, 0.9718253158075498, 0.5, 2.692582403567252, 1.9436506316151, 1.3017082793177757, 1.0, 2.9154759474226504, 2.2422706745122847, 1.7159383568311666, 1.5, 3.0392756643192254, 3.2015621187164243, 2.6034165586355513, 2.1666666666666665, 2.0, 3.5355339059327378, 3.0046260628866577, 2.6352313834736494, 2.5, 2.5495097567963922, 3.677319173610033, 7.419656337125551], [6.5, 6.445673336089268, 5.814851674806504, 3.0, 2.8268330614947996, 2.5, 2.6352313834736494, 3.0046260628866577, 3.5355339059327378, 3.905124837953327, 2.0, 2.1666666666666665, 2.6034165586355518, 3.2015621187164243, 1.5, 1.7159383568311668, 2.242270674512285, 2.9154759474226504, 1.0, 1.3017082793177759, 1.9436506316151003, 2.692582403567252, 0.5, 0.9718253158075502, 1.7400510848184252, 2.5495097567963922, 0.0, 0.8333333333333335, 1.666666666666667, 2.5, 0.5, 0.9718253158075502, 1.7400510848184252, 2.5495097567963922, 1.0, 1.3017082793177759, 1.9436506316151003, 2.692582403567252, 5.0224852778719145, 1.5, 1.7159383568311668, 2.242270674512285, 2.9154759474226504, 2.0, 2.1666666666666665, 2.6034165586355518, 3.2015621187164243, 3.605551275463989, 3.6692091111330845, 6.507106199436945], [6.553201083779166, 6.446654659496562, 5.508200956553581, 3.1135902820449006, 2.9000385453837687, 2.6352313834736494, 2.5, 2.6352313834736494, 3.0046260628866577, 3.3082388735465345, 2.1666666666666665, 2.0, 2.1666666666666665, 2.6034165586355513, 1.7159383568311668, 1.5, 1.7159383568311668, 2.2422706745122847, 1.3017082793177759, 1.0, 1.3017082793177759, 1.9436506316151, 0.9718253158075502, 0.5, 0.9718253158075502, 1.740051084818425, 0.8333333333333335, 0.0, 0.8333333333333335, 1.6666666666666665, 0.9718253158075502, 0.5, 0.9718253158075502, 1.740051084818425, 1.3017082793177759, 1.0, 1.3017082793177759, 1.9436506316151, 4.233980931192782, 1.7159383568311668, 1.5, 1.7159383568311668, 2.2422706745122847, 2.1666666666666665, 2.0, 2.1666666666666665, 2.6034165586355513, 2.948634335492355, 3.3116887872642797, 6.552675340687168], [6.710274046399132, 6.554456249829898, 5.315726144605687, 3.4318767136623336, 3.196615532207782, 3.0046260628866577, 2.6352313834736494, 2.5, 2.6352313834736494, 2.833333333333333, 2.6034165586355518, 2.1666666666666665, 2.0, 2.1666666666666665, 2.242270674512285, 1.7159383568311668, 1.5, 1.7159383568311666, 1.9436506316151003, 1.3017082793177759, 1.0, 1.3017082793177757, 1.7400510848184252, 0.9718253158075502, 0.5, 0.9718253158075498, 1.666666666666667, 0.8333333333333335, 0.0, 0.833333333333333, 1.7400510848184252, 0.9718253158075502, 0.5, 0.9718253158075498, 1.9436506316151003, 1.3017082793177759, 1.0, 1.3017082793177757, 3.4665140377412236, 2.242270674512285, 1.7159383568311668, 1.5, 1.7159383568311666, 2.6034165586355518, 2.1666666666666665, 2.0, 2.1666666666666665, 2.403700850309326, 3.1401207994360285, 6.702355260580982], [6.96419413859206, 6.763972653104725, 5.25, 3.905124837953327, 3.662699420602428, 3.5355339059327378, 3.0046260628866577, 2.6352313834736494, 2.5, 2.5495097567963922, 3.2015621187164243, 2.6034165586355513, 2.1666666666666665, 2.0, 2.9154759474226504, 2.2422706745122847, 1.7159383568311666, 1.5, 2.692582403567252, 1.9436506316151, 1.3017082793177757, 1.0, 2.5495097567963922, 1.740051084818425, 0.9718253158075498, 0.5, 2.5, 1.6666666666666665, 0.833333333333333, 0.0, 2.5495097567963922, 1.740051084818425, 0.9718253158075498, 0.5, 2.692582403567252, 1.9436506316151, 1.3017082793177757, 1.0, 2.7378337259407686, 2.9154759474226504, 2.2422706745122847, 1.7159383568311666, 1.5, 3.2015621187164243, 2.6034165586355513, 2.1666666666666665, 2.0, 2.0615528128088303, 3.1847014829177405, 6.949422051258242], [7.0, 6.944737861405649, 6.269968101992227, 3.5, 3.326107547914103, 3.0, 3.1135902820449006, 3.4318767136623336, 3.905124837953327, 4.242640687119285, 2.5, 2.6352313834736494, 3.0046260628866577, 3.5355339059327378, 2.0, 2.1666666666666665, 2.6034165586355518, 3.2015621187164243, 1.5, 1.7159383568311668, 2.242270674512285, 2.9154759474226504, 1.0, 1.3017082793177759, 1.9436506316151003, 2.692582403567252, 0.5, 0.9718253158075502, 1.7400510848184252, 2.5495097567963922, 0.0, 0.8333333333333335, 1.666666666666667, 2.5, 0.5, 0.9718253158075502, 1.7400510848184252, 2.5495097567963922, 4.897335532063917, 1.0, 1.3017082793177759, 1.9436506316151003, 2.692582403567252, 1.5, 1.7159383568311668, 2.242270674512285, 2.9154759474226504, 3.3541019662496847, 3.2531127757765366, 6.0071289129015435], [7.0494286608522, 6.9456486743052075, 5.986675018553937, 3.5978388574871505, 3.3885439096229386, 3.1135902820449006, 3.0, 3.1135902820449006, 3.431876713662333, 3.7006005518624194, 2.6352313834736494, 2.5, 2.6352313834736494, 3.0046260628866577, 2.1666666666666665, 2.0, 2.1666666666666665, 2.6034165586355513, 1.7159383568311668, 1.5, 1.7159383568311668, 2.2422706745122847, 1.3017082793177759, 1.0, 1.3017082793177759, 1.9436506316151, 0.9718253158075502, 0.5, 0.9718253158075502, 1.740051084818425, 0.8333333333333335, 0.0, 0.8333333333333335, 1.6666666666666665, 0.9718253158075502, 0.5, 0.9718253158075502, 1.740051084818425, 4.084743746292997, 1.3017082793177759, 1.0, 1.3017082793177759, 1.9436506316151, 1.7159383568311668, 1.5, 1.7159383568311668, 2.2422706745122847, 2.6352313834736494, 2.843752776594765, 6.056461079369425], [7.195677714974301, 7.0458197492558075, 5.810072671184453, 3.8765677832043357, 3.6455942071880605, 3.4318767136623336, 3.1135902820449006, 3.0, 3.1135902820449006, 3.2829526005987013, 3.0046260628866577, 2.6352313834736494, 2.5, 2.6352313834736494, 2.6034165586355518, 2.1666666666666665, 2.0, 2.1666666666666665, 2.242270674512285, 1.7159383568311668, 1.5, 1.7159383568311666, 1.9436506316151003, 1.3017082793177759, 1.0, 1.3017082793177757, 1.7400510848184252, 0.9718253158075502, 0.5, 0.9718253158075498, 1.666666666666667, 0.8333333333333335, 0.0, 0.833333333333333, 1.7400510848184252, 0.9718253158075502, 0.5, 0.9718253158075498, 3.2825685858840186, 1.9436506316151003, 1.3017082793177759, 1.0, 1.3017082793177757, 2.242270674512285, 1.7159383568311668, 1.5, 1.7159383568311666, 2.0069324297987157, 2.6419700728337636, 6.2180971948422075], [7.433034373659253, 7.241132871313543, 5.75, 4.301162633521313, 4.060464666563726, 3.905124837953327, 3.431876713662333, 3.1135902820449006, 3.0, 3.0413812651491097, 3.5355339059327378, 3.0046260628866577, 2.6352313834736494, 2.5, 3.2015621187164243, 2.6034165586355513, 2.1666666666666665, 2.0, 2.9154759474226504, 2.2422706745122847, 1.7159383568311666, 1.5, 2.692582403567252, 1.9436506316151, 1.3017082793177757, 1.0, 2.5495097567963922, 1.740051084818425, 0.9718253158075498, 0.5, 2.5, 1.6666666666666665, 0.833333333333333, 0.0, 2.5495097567963922, 1.740051084818425, 0.9718253158075498, 0.5, 2.5008539457701957, 2.692582403567252, 1.9436506316151, 1.3017082793177757, 1.0, 2.9154759474226504, 2.2422706745122847, 1.7159383568311666, 1.5, 1.5811388300841898, 2.694804402177816, 6.483643538318658], [7.5, 7.443927939717717, 6.73145600891813, 4.0, 3.8255715498500704, 3.5, 3.5978388574871505, 3.8765677832043357, 4.301162633521313, 4.6097722286464435, 3.0, 3.1135902820449006, 3.4318767136623336, 3.905124837953327, 2.5, 2.6352313834736494, 3.0046260628866577, 3.5355339059327378, 2.0, 2.1666666666666665, 2.6034165586355518, 3.2015621187164243, 1.5, 1.7159383568311668, 2.242270674512285, 2.9154759474226504, 1.0, 1.3017082793177759, 1.9436506316151003, 2.692582403567252, 0.5, 0.9718253158075502, 1.7400510848184252, 2.5495097567963922, 0.0, 0.8333333333333335, 1.666666666666667, 2.5, 4.821040578629412, 0.5, 0.9718253158075502, 1.7400510848184252, 2.5495097567963922, 1.0, 1.3017082793177759, 1.9436506316151003, 2.692582403567252, 3.1622776601683795, 2.8639814878275667, 5.507155750628871], [7.54615428178118, 7.444777680693135, 6.468406123441676, 4.0858835573770875, 3.8799788775422237, 3.5978388574871505, 3.5, 3.5978388574871505, 3.8765677832043357, 4.1163630117428225, 3.1135902820449006, 3.0, 3.1135902820449006, 3.431876713662333, 2.6352313834736494, 2.5, 2.6352313834736494, 3.0046260628866577, 2.1666666666666665, 2.0, 2.1666666666666665, 2.6034165586355513, 1.7159383568311668, 1.5, 1.7159383568311668, 2.2422706745122847, 1.3017082793177759, 1.0, 1.3017082793177759, 1.9436506316151, 0.9718253158075502, 0.5, 0.9718253158075502, 1.740051084818425, 0.8333333333333335, 0.0, 0.8333333333333335, 1.6666666666666665, 3.992952343824728, 0.9718253158075502, 0.5, 0.9718253158075502, 1.740051084818425, 1.3017082793177759, 1.0, 1.3017082793177759, 1.9436506316151, 2.3863035105460586, 2.388844299046909, 5.560925057163027], [7.68295371441074, 7.538319119476975, 6.305310812675648, 4.333333333333333, 4.106380813589291, 3.8765677832043357, 3.5978388574871505, 3.5, 3.5978388574871505, 3.745367509040705, 3.4318767136623336, 3.1135902820449006, 3.0, 3.1135902820449006, 3.0046260628866577, 2.6352313834736494, 2.5, 2.6352313834736494, 2.6034165586355518, 2.1666666666666665, 2.0, 2.1666666666666665, 2.242270674512285, 1.7159383568311668, 1.5, 1.7159383568311666, 1.9436506316151003, 1.3017082793177759, 1.0, 1.3017082793177757, 1.7400510848184252, 0.9718253158075502, 0.5, 0.9718253158075498, 1.666666666666667, 0.8333333333333335, 0.0, 0.833333333333333, 3.167616370113062, 1.7400510848184252, 0.9718253158075502, 0.5, 0.9718253158075498, 1.9436506316151003, 1.3017082793177759, 1.0, 1.3017082793177757, 1.6666666666666663, 2.1446801851203183, 5.736540718060972], [7.905694150420948, 7.7211841363929725, 6.25, 4.716990566028302, 4.47876987253683, 4.301162633521313, 3.8765677832043357, 3.5978388574871505, 3.5, 3.5355339059327378, 3.905124837953327, 3.431876713662333, 3.1135902820449006, 3.0, 3.5355339059327378, 3.0046260628866577, 2.6352313834736494, 2.5, 3.2015621187164243, 2.6034165586355513, 2.1666666666666665, 2.0, 2.9154759474226504, 2.2422706745122847, 1.7159383568311666, 1.5, 2.692582403567252, 1.9436506316151, 1.3017082793177757, 1.0, 2.5495097567963922, 1.740051084818425, 0.9718253158075498, 0.5, 2.5, 1.6666666666666665, 0.833333333333333, 0.0, 2.347936840132205, 2.5495097567963922, 1.740051084818425, 0.9718253158075498, 0.5, 2.692582403567252, 1.9436506316151, 1.3017082793177757, 1.0, 1.118033988749895, 2.2094383894318974, 6.023354565144596], [9.32010611812745, 9.057399005288012, 7.121698924101919, 6.5707029063401015, 6.328533690173548, 6.239605246372713, 5.624403060754614, 5.07188671383527, 4.604676837197208, 4.3768851714332415, 5.932218015020819, 5.281330015914695, 4.688557537788609, 4.178706225878547, 5.652410771070445, 4.964975698246383, 4.329100222024206, 3.7709577920432595, 5.404468935250607, 4.6807606893915015, 3.9999557096930047, 3.388017062611613, 5.192958830884805, 4.434868383450455, 3.709202424603073, 3.0392756643192254, 5.0224852778719145, 4.233980931192782, 3.4665140377412236, 2.7378337259407686, 4.897335532063917, 4.084743746292997, 3.2825685858840186, 2.5008539457701957, 4.821040578629412, 3.992952343824728, 3.167616370113062, 2.347936840132205, 0.0, 4.795932569163901, 3.962600833698877, 3.129269949266745, 2.2959408425361594, 4.822811022126277, 3.995089775512771, 3.1703102943654495, 2.3515699648535433, 1.86653591674337, 3.315201527292198, 6.898317246574939], [8.0, 7.9432199000014485, 7.198090024443984, 4.5, 4.325159412756179, 4.0, 4.0858835573770875, 4.333333333333333, 4.716990566028302, 5.0, 3.5, 3.5978388574871505, 3.8765677832043357, 4.301162633521313, 3.0, 3.1135902820449006, 3.4318767136623336, 3.905124837953327, 2.5, 2.6352313834736494, 3.0046260628866577, 3.5355339059327378, 2.0, 2.1666666666666665, 2.6034165586355518, 3.2015621187164243, 1.5, 1.7159383568311668, 2.242270674512285, 2.9154759474226504, 1.0, 1.3017082793177759, 1.9436506316151003, 2.692582403567252, 0.5, 0.9718253158075502, 1.7400510848184252, 2.5495097567963922, 4.795932569163901, 0.0, 0.8333333333333335, 1.666666666666667, 2.5, 0.5, 0.9718253158075502, 1.7400510848184252, 2.5495097567963922, 3.0413812651491097, 2.514366161345138, 5.007187948055436], [8.043285674675769, 7.944016233808665, 6.952717294538717, 4.576510072581994, 4.373355960004276, 4.0858835573770875, 4.0, 4.0858835573770875, 4.333333333333333, 4.549114687985393, 3.5978388574871505, 3.5, 3.5978388574871505, 3.8765677832043357, 3.1135902820449006, 3.0, 3.1135902820449006, 3.431876713662333, 2.6352313834736494, 2.5, 2.6352313834736494, 3.0046260628866577, 2.1666666666666665, 2.0, 2.1666666666666665, 2.6034165586355513, 1.7159383568311668, 1.5, 1.7159383568311668, 2.2422706745122847, 1.3017082793177759, 1.0, 1.3017082793177759, 1.9436506316151, 0.9718253158075502, 0.5, 0.9718253158075502, 1.740051084818425, 3.962600833698877, 0.8333333333333335, 0.0, 0.8333333333333335, 1.6666666666666665, 0.9718253158075502, 0.5, 0.9718253158075502, 1.740051084818425, 2.223610677354389, 1.9560736989662224, 5.066266295493219], [8.171767114754175, 8.031745411499363, 6.801245800913568, 4.7987266829626565, 4.575409232947951, 4.333333333333333, 4.0858835573770875, 4.0, 4.0858835573770875, 4.216370213557839, 3.8765677832043357, 3.5978388574871505, 3.5, 3.5978388574871505, 3.4318767136623336, 3.1135902820449006, 3.0, 3.1135902820449006, 3.0046260628866577, 2.6352313834736494, 2.5, 2.6352313834736494, 2.6034165586355518, 2.1666666666666665, 2.0, 2.1666666666666665, 2.242270674512285, 1.7159383568311668, 1.5, 1.7159383568311666, 1.9436506316151003, 1.3017082793177759, 1.0, 1.3017082793177757, 1.7400510848184252, 0.9718253158075502, 0.5, 0.9718253158075498, 3.129269949266745, 1.666666666666667, 0.8333333333333335, 0.0, 0.833333333333333, 1.7400510848184252, 0.9718253158075502, 0.5, 0.9718253158075498, 1.4240006242195882, 1.6490301171131485, 5.258428101195114], [8.381527307120106, 8.203618937771028, 6.75, 5.1478150704935, 4.912370693857975, 4.716990566028302, 4.333333333333333, 4.0858835573770875, 4.0, 4.031128874149275, 4.301162633521313, 3.8765677832043357, 3.5978388574871505, 3.5, 3.905124837953327, 3.431876713662333, 3.1135902820449006, 3.0, 3.5355339059327378, 3.0046260628866577, 2.6352313834736494, 2.5, 3.2015621187164243, 2.6034165586355513, 2.1666666666666665, 2.0, 2.9154759474226504, 2.2422706745122847, 1.7159383568311666, 1.5, 2.692582403567252, 1.9436506316151, 1.3017082793177757, 1.0, 2.5495097567963922, 1.740051084818425, 0.9718253158075498, 0.5, 2.2959408425361594, 2.5, 1.6666666666666665, 0.833333333333333, 0.0, 2.5495097567963922, 1.740051084818425, 0.9718253158075498, 0.5, 0.7071067811865476, 1.7324160087559508, 5.56991623841106], [8.5, 8.442595666490726, 7.668930825088983, 5.0, 4.824832661189865, 4.5, 4.576510072581994, 4.7987266829626565, 5.1478150704935, 5.408326913195984, 4.0, 4.0858835573770875, 4.333333333333333, 4.716990566028302, 3.5, 3.5978388574871505, 3.8765677832043357, 4.301162633521313, 3.0, 3.1135902820449006, 3.4318767136623336, 3.905124837953327, 2.5, 2.6352313834736494, 3.0046260628866577, 3.5355339059327378, 2.0, 2.1666666666666665, 2.6034165586355518, 3.2015621187164243, 1.5, 1.7159383568311668, 2.242270674512285, 2.9154759474226504, 1.0, 1.3017082793177759, 1.9436506316151003, 2.692582403567252, 4.822811022126277, 0.5, 0.9718253158075502, 1.7400510848184252, 2.5495097567963922, 0.0, 0.8333333333333335, 1.666666666666667, 2.5, 3.0, 2.222989973890113, 4.507227288768403], [8.540751983545972, 8.44334490181969, 7.439104635490603, 5.068968775248516, 4.8680846968428995, 4.576510072581994, 4.5, 4.576510072581994, 4.7987266829626565, 4.994441354590566, 4.0858835573770875, 4.0, 4.0858835573770875, 4.333333333333333, 3.5978388574871505, 3.5, 3.5978388574871505, 3.8765677832043357, 3.1135902820449006, 3.0, 3.1135902820449006, 3.431876713662333, 2.6352313834736494, 2.5, 2.6352313834736494, 3.0046260628866577, 2.1666666666666665, 2.0, 2.1666666666666665, 2.6034165586355513, 1.7159383568311668, 1.5, 1.7159383568311668, 2.2422706745122847, 1.3017082793177759, 1.0, 1.3017082793177759, 1.9436506316151, 3.995089775512771, 0.9718253158075502, 0.5, 0.9718253158075502, 1.740051084818425, 0.8333333333333335, 0.0, 0.8333333333333335, 1.6666666666666665, 2.1666666666666665, 1.5639282421153091, 4.572769495865448], [8.661857640124188, 8.52593769407272, 7.297735569643809, 5.270462766947299, 5.050383739051564, 4.7987266829626565, 4.576510072581994, 4.5, 4.576510072581994, 4.693375946776241, 4.333333333333333, 4.0858835573770875, 4.0, 4.0858835573770875, 3.8765677832043357, 3.5978388574871505, 3.5, 3.5978388574871505, 3.4318767136623336, 3.1135902820449006, 3.0, 3.1135902820449006, 3.0046260628866577, 2.6352313834736494, 2.5, 2.6352313834736494, 2.6034165586355518, 2.1666666666666665, 2.0, 2.1666666666666665, 2.242270674512285, 1.7159383568311668, 1.5, 1.7159383568311666, 1.9436506316151003, 1.3017082793177759, 1.0, 1.3017082793177757, 3.1703102943654495, 1.7400510848184252, 0.9718253158075502, 0.5, 0.9718253158075498, 1.666666666666667, 0.8333333333333335, 0.0, 0.833333333333333, 1.333333333333333, 1.1571290152116511, 4.784791822107355], [8.860022573334675, 8.68804022114449, 7.25, 5.5901699437494745, 5.357554675092526, 5.1478150704935, 4.7987266829626565, 4.576510072581994, 4.5, 4.527692569068709, 4.716990566028302, 4.333333333333333, 4.0858835573770875, 4.0, 4.301162633521313, 3.8765677832043357, 3.5978388574871505, 3.5, 3.905124837953327, 3.431876713662333, 3.1135902820449006, 3.0, 3.5355339059327378, 3.0046260628866577, 2.6352313834736494, 2.5, 3.2015621187164243, 2.6034165586355513, 2.1666666666666665, 2.0, 2.9154759474226504, 2.2422706745122847, 1.7159383568311666, 1.5, 2.692582403567252, 1.9436506316151, 1.3017082793177757, 1.0, 2.3515699648535433, 2.5495097567963922, 1.740051084818425, 0.9718253158075498, 0.5, 2.5, 1.6666666666666665, 0.833333333333333, 0.0, 0.5, 1.273150603067987, 5.125147177241076], [9.013878188659973, 8.821732661076263, 7.267220926874317, 5.830951894845301, 5.593591732887738, 5.408326913195984, 4.994441354590566, 4.693375946776241, 4.527692569068709, 4.5, 5.0, 4.549114687985393, 4.216370213557839, 4.031128874149275, 4.6097722286464435, 4.1163630117428225, 3.745367509040705, 3.5355339059327378, 4.242640687119285, 3.7006005518624194, 3.2829526005987013, 3.0413812651491097, 3.905124837953327, 3.3082388735465345, 2.833333333333333, 2.5495097567963922, 3.605551275463989, 2.948634335492355, 2.403700850309326, 2.0615528128088303, 3.3541019662496847, 2.6352313834736494, 2.0069324297987157, 1.5811388300841898, 3.1622776601683795, 2.3863035105460586, 1.6666666666666663, 1.118033988749895, 1.86653591674337, 3.0413812651491097, 2.223610677354389, 1.4240006242195882, 0.7071067811865476, 3.0, 2.1666666666666665, 1.333333333333333, 0.5, 0.0, 1.5674048822520816, 5.381221119739914], [9.818741340016132, 9.680745960425835, 8.400805176467575, 6.422243542332474, 6.204005696600946, 5.946836078767401, 5.733153274612458, 5.635789428426008, 5.66074971905719, 5.734102631504021, 5.475811042980585, 5.242966116703219, 5.136318692629658, 5.163693892215584, 5.010404555435279, 4.754822