totalHoles = 50;
zeroHoleID = 48;
C = [[0.0, 2.1666666666666665, 4.333333333333333, 6.5, 7.0, 6.707353220757661, 3.88880017132118, 4.166666666666667, 5.7397251192408545, 7.433034373659253, 4.878782364597863, 6.275814743477093, 7.854387706880785, 5.547482654140787, 5.701029390479505, 6.934339870848879, 8.389912097274918, 4.981214711292819, 6.592326399770503, 7.683885780934308, 9.019293556038633, 7.52818777071289, 8.50040848691664, 9.724325169388361, 8.49389588829008, 9.36640809993054, 10.48976435626654, 9.996348009386672, 9.000868013697346, 9.480334177185481, 10.269375319095337, 11.3033457436283, 10.050069962443047, 10.481651461535588, 11.200372792654914, 12.155406461735453, 10.5, 10.721214690716927, 11.359039474259157, 12.349089035228468, 12.619429464123963, 11.0, 11.10180165558726, 11.49395976637778, 11.8227652339788, 12.152960316089429, 13.038404810405298, 12.671545278710871, 12.194033149226899, 13.647344063956181], [2.1666666666666665, 0.0, 2.1666666666666665, 4.333333333333334, 4.833333333333334, 4.556552965771375, 1.8086497651660232, 2.758824226207808, 3.9051248379533274, 5.441609239104837, 3.7486687451828966, 4.657403380640333, 6.004374851815226, 4.355277089606744, 4.769877997508019, 5.512769267799987, 6.689673841908222, 4.79655547705272, 5.805925194240029, 6.430214323799791, 7.463830609084796, 6.850081102520693, 7.386643351347079, 8.302024518821366, 7.899130797822702, 8.368700989400924, 9.18674411100642, 8.91101930482238, 8.900003901372429, 8.951353870287505, 9.368330961275866, 10.105777363029086, 9.959836880915493, 10.00574921538168, 10.380457901749807, 11.050566381915052, 10.721214690716927, 10.5, 10.721214690716927, 11.359039474259157, 11.559027256266468, 11.211353372561426, 11.020183503211026, 11.061695670696745, 11.211353372561426, 11.40175425099138, 12.015036875145707, 11.897734193099517, 12.0, 12.758439472669759], [4.333333333333333, 2.1666666666666665, 0.0, 2.166666666666667, 2.666666666666667, 2.4340607060302615, 0.899194118359027, 2.692582403567252, 2.63523138347365, 3.655285366576885, 3.700190028903921, 3.658667885234248, 4.4500019506862145, 4.068316868854091, 4.731873307686925, 4.699475443540954, 5.338701725242863, 5.530847835348372, 5.774742959647641, 5.748225873645228, 6.281621395874724, 6.823672031978091, 6.801245800913568, 7.257658789934335, 7.8762399817425575, 7.8568187388054485, 8.25507524866437, 8.262835195376601, 9.316297696927561, 8.931160338948125, 8.914037774456895, 9.266970168890753, 10.333522343701482, 9.987687732903948, 9.972379389816878, 10.28907271629038, 11.359039474259157, 10.721214690716927, 10.5, 10.721214690716927, 10.833333333333334, 11.8227652339788, 11.359039474259157, 11.045361017187261, 11.0, 11.031520495581942, 11.31861789756643, 11.486208556254232, 12.194033149226899, 12.194033149226899], [6.5, 4.333333333333334, 2.166666666666667, 0.0, 0.5, 0.6899398526611167, 2.7811463537247936, 4.034572812303401, 2.833333333333333, 2.5495097567963922, 4.76646452077195, 3.8038380653989172, 3.59741660778954, 4.8500365619695085, 5.605212108188037, 4.813356705852764, 4.651948516482099, 6.896557112066861, 6.509641620533174, 5.841697872004147, 5.70943572080464, 7.4558887986461935, 6.880427150822671, 6.768493185340442, 8.4298833934864, 7.925461123983751, 7.828483649468779, 8.156685280791475, 10.186541365939668, 9.42302513940071, 8.974597638767866, 8.889073348780514, 11.124473302138847, 10.429845829530644, 10.026548959027616, 9.95007066557821, 12.349089035228468, 11.359039474259157, 10.721214690716927, 10.5, 10.51189802081432, 12.776932339180638, 12.083045973594572, 11.446736555795184, 11.211353372561426, 11.080513425729775, 11.01135777277262, 11.476009060417097, 12.758439472669759, 12.0], [7.0, 4.833333333333334, 2.666666666666667, 0.5, 0.0, 0.7429489461728966, 3.26595590670747, 4.437842318564782, 3.100179206289712, 2.5, 5.112323414499952, 4.006559292099783, 3.5625, 5.144417447293128, 5.902124146817351, 4.975111668205158, 4.625, 7.267220926874317, 6.766986086467479, 5.975681330284531, 5.6875, 7.68159777939749, 6.994541522581098, 6.75, 8.630156469870315, 8.02472849142643, 7.8125, 8.213563984483017, 10.441054783880793, 9.60260742946646, 9.062380267408289, 8.875, 11.357988653366405, 10.592372288323538, 10.105197541914315, 9.9375, 12.619429464123963, 11.559027256266468, 10.833333333333334, 10.51189802081432, 10.5, 13.038404810405298, 12.298373876248844, 11.595018087284059, 11.31861789756643, 11.151731305546736, 11.0, 11.531611788125433, 12.936812246883353, 12.010412149464313], [6.707353220757661, 4.556552965771375, 2.4340607060302615, 0.6899398526611167, 0.7429489461728966, 0.0, 2.856581433023189, 3.810241182766439, 2.372715119307505, 1.8611390131190337, 4.4204792578295695, 3.263813112824093, 2.913166219803765, 4.421454385813455, 5.178913821155313, 4.23473582806467, 3.970774347939936, 6.590637274733864, 6.029881621143619, 5.241308188949266, 5.0304446046358455, 6.939424245789968, 6.266374392708968, 6.091100837973539, 7.887303586214348, 7.3021501646878475, 7.152304413013614, 7.509421661349318, 9.702149370878752, 8.86122561269951, 8.344648496234148, 8.213843187842468, 10.616085738769023, 9.853471132408815, 9.39163098315489, 9.275602078168196, 11.883535729910191, 10.816284442724491, 10.10715022826338, 9.833913321579258, 9.837774512188384, 12.300438793065839, 11.555460307185824, 10.85901836517767, 10.594189860229584, 10.441748848818715, 10.337513260478568, 10.829194570041615, 12.195865214065153, 11.333709471750835], [3.88880017132118, 1.8086497651660232, 0.899194118359027, 2.7811463537247936, 3.26595590670747, 2.856581433023189, 0.0, 1.8284036648531725, 2.219444545066266, 3.6374483416019148, 2.866732504836505, 3.1306595760737186, 4.255129343564094, 3.2971628946939227, 3.9180432676176324, 4.115086532978347, 5.023846486816438, 4.63443785855776, 4.974111311537119, 5.130756032646399, 5.884705074660542, 6.032438655485789, 6.162239062157123, 6.802814609290275, 7.092013918827067, 7.202745001165372, 7.757875475992823, 7.657075333405495, 8.461688207014063, 8.152350533280236, 8.248860123947455, 8.73777944867279, 9.487999663014252, 9.213185633108248, 9.298691501339752, 9.735027477428414, 10.483030529201997, 9.901635030475955, 9.776487731604071, 10.124521585959021, 10.268282733167746, 10.950198243266382, 10.52149801111972, 10.274364812617366, 10.275827210344573, 10.351108463818056, 10.744791425566339, 10.819594985945217, 11.38337005234863, 11.577766400152893], [4.166666666666667, 2.758824226207808, 2.692582403567252, 4.034572812303401, 4.437842318564782, 3.810241182766439, 1.8284036648531725, 0.0, 1.8333333333333335, 3.6666666666666665, 1.0625, 2.118966106645199, 3.817505821140872, 1.6059309910794501, 2.125, 2.8065523531748187, 4.237932213290397, 2.9023457945446665, 3.1875, 3.6771275965230132, 4.8584566165032745, 4.25, 4.628564692332938, 5.613104706349636, 5.3125, 5.619943715119495, 6.45500586323858, 6.152605537305403, 6.633380443718806, 6.375, 6.633380443718806, 7.3542551930460265, 7.660125153097116, 7.4375, 7.660125153097116, 8.292216271567236, 8.666666666666666, 8.08462189042327, 8.06225774829855, 8.603939666093538, 8.80025252162939, 9.130230616534892, 8.695464973830388, 8.5, 8.558621384311845, 8.695464973830388, 9.257129384665877, 9.181991100948082, 9.571369343574153, 10.013879257199868], [5.7397251192408545, 3.9051248379533274, 2.63523138347365, 2.833333333333333, 3.100179206289712, 2.372715119307505, 2.219444545066266, 1.8333333333333335, 0.0, 1.833333333333333, 2.118966106645199, 1.0625, 2.1189661066451984, 2.049469968848085, 2.8065523531748187, 2.125, 2.806552353174818, 4.301969833046769, 3.6771275965230132, 3.1875, 3.6771275965230132, 4.628564692332938, 4.25, 4.628564692332938, 5.619943715119495, 5.3125, 5.619943715119495, 5.6658617709789505, 7.3542551930460265, 6.633380443718806, 6.375, 6.633380443718806, 8.292216271567236, 7.660125153097116, 7.4375, 7.660125153097115, 9.523363084774434, 8.54400374531753, 8.043285674675769, 8.110350040397625, 8.207381501496753, 9.947082207584515, 9.257129384665877, 8.695464973830388, 8.540751983545972, 8.5, 8.695464973830388, 8.934932064347377, 9.962429422585638, 9.59311095410544], [7.433034373659253, 5.441609239104837, 3.655285366576885, 2.5495097567963922, 2.5, 1.8611390131190337, 3.6374483416019148, 3.6666666666666665, 1.833333333333333, 0.0, 3.817505821140872, 2.1189661066451984, 1.0625, 3.541731522932411, 4.237932213290397, 2.806552353174818, 2.125, 5.942432162002357, 4.8584566165032745, 3.6771275965230132, 3.1875, 5.613104706349636, 4.628564692332938, 4.25, 6.45500586323858, 5.619943715119495, 5.3125, 5.750795296324029, 8.419657059524456, 7.3542551930460265, 6.633380443718806, 6.375, 9.25021114623877, 8.292216271567236, 7.660125153097115, 7.4375, 10.63014581273465, 9.346716595206635, 8.432740427115679, 8.0156097709407, 8.0, 11.01135777277262, 10.124228365658293, 9.257129384665877, 8.908485343261844, 8.695464973830388, 8.5, 9.059761786787675, 10.65885130354632, 9.513148795220223], [4.878782364597863, 3.7486687451828966, 3.700190028903921, 4.76646452077195, 5.112323414499952, 4.4204792578295695, 2.866732504836505, 1.0625, 2.118966106645199, 3.817505821140872, 0.0, 1.8333333333333335, 3.6666666666666665, 0.6690843775115991, 1.0625, 2.118966106645199, 3.817505821140872, 2.1843230899093458, 2.125, 2.8065523531748187, 4.237932213290397, 3.1875, 3.6771275965230132, 4.8584566165032745, 4.25, 4.628564692332938, 5.613104706349636, 5.1984172363535, 5.619943715119495, 5.3125, 5.619943715119495, 6.45500586323858, 6.633380443718806, 6.375, 6.633380443718806, 7.3542551930460265, 7.6967536897779905, 7.034914168709602, 7.009201541545228, 7.626052978296032, 7.846868846517345, 8.150307807752485, 7.660125153097116, 7.4375, 7.504425777499568, 7.660125153097116, 8.292216271567236, 8.152431075356866, 8.517776550315881, 9.012168663966392], [6.275814743477093, 4.657403380640333, 3.658667885234248, 3.8038380653989172, 4.006559292099783, 3.263813112824093, 3.1306595760737186, 2.118966106645199, 1.0625, 2.1189661066451984, 1.8333333333333335, 0.0, 1.833333333333333, 1.4383972710384394, 2.118966106645199, 1.0625, 2.1189661066451984, 3.854166666666667, 2.8065523531748187, 2.125, 2.806552353174818, 3.6771275965230132, 3.1875, 3.6771275965230132, 4.628564692332938, 4.25, 4.628564692332938, 4.61204688542699, 6.45500586323858, 5.619943715119495, 5.3125, 5.619943715119495, 7.3542551930460265, 6.633380443718806, 6.375, 6.633380443718806, 8.650049172949506, 7.558366639029891, 6.987370799839124, 7.064466294616868, 7.175654490087375, 9.055984247691933, 8.292216271567236, 7.660125153097116, 7.48403973095042, 7.4375, 7.660125153097115, 7.873130435541977, 8.954965452194665, 8.542200186589973], [7.854387706880785, 6.004374851815226, 4.4500019506862145, 3.59741660778954, 3.5625, 2.913166219803765, 4.255129343564094, 3.817505821140872, 2.1189661066451984, 1.0625, 3.6666666666666665, 1.833333333333333, 0.0, 3.226843928152367, 3.817505821140872, 2.1189661066451984, 1.0625, 5.626735843275389, 4.237932213290397, 2.806552353174818, 2.125, 4.8584566165032745, 3.6771275965230132, 3.1875, 5.613104706349636, 4.628564692332938, 4.25, 4.715997604511546, 7.6467415446057805, 6.45500586323858, 5.619943715119495, 5.3125, 8.419657059524456, 7.3542551930460265, 6.633380443718806, 6.375, 9.855399852365199, 8.455176956226943, 7.4323628383651394, 6.95549468046666, 6.9375, 10.213540338687658, 9.25021114623877, 8.292216271567236, 7.901108615954543, 7.660125153097115, 7.4375, 8.01451529999742, 9.723811874008625, 8.452301831453962], [5.547482654140787, 4.355277089606744, 4.068316868854091, 4.8500365619695085, 5.144417447293128, 4.421454385813455, 3.2971628946939227, 1.6059309910794501, 2.049469968848085, 3.541731522932411, 0.6690843775115991, 1.4383972710384394, 3.226843928152367, 0.0, 0.7577241980765448, 1.4817080567545986, 3.246381646198496, 2.4162723238282102, 1.7200088710443913, 2.1400334860866423, 3.5948961527275185, 2.756905434103981, 3.036748323074009, 4.191106704083752, 3.807943950311338, 4.015189900093577, 4.9462394767273885, 4.561237884108264, 5.362748232199126, 4.863965376607175, 5.027869527934682, 5.798534902650591, 6.338343881336473, 5.922304765963504, 6.057640344726219, 6.711076036924164, 7.503709435590743, 6.670796805707248, 6.487086683649555, 7.003852236321212, 7.210833680497323, 7.938603249657801, 7.338116257882276, 6.981908105745498, 6.985560815202114, 7.097066549087407, 7.662368343371285, 7.580169650503576, 8.133070072742859, 8.40840323327403], [5.701029390479505, 4.769877997508019, 4.731873307686925, 5.605212108188037, 5.902124146817351, 5.178913821155313, 3.9180432676176324, 2.125, 2.8065523531748187, 4.237932213290397, 1.0625, 2.118966106645199, 3.817505821140872, 0.7577241980765448, 0.0, 1.8333333333333335, 3.6666666666666665, 1.837589755933329, 1.0625, 2.118966106645199, 3.817505821140872, 2.125, 2.8065523531748187, 4.237932213290397, 3.1875, 3.6771275965230132, 4.8584566165032745, 4.2953860279086955, 4.628564692332938, 4.25, 4.628564692332938, 5.613104706349636, 5.619943715119495, 5.3125, 5.619943715119495, 6.45500586323858, 6.754756554540742, 5.989719201357532, 5.959498720530108, 6.674084414942455, 6.925320891081109, 7.193867952020742, 6.633380443718806, 6.375, 6.452954749570154, 6.633380443718806, 7.3542551930460265, 7.132539295300015, 7.466708519227941, 8.026107573274718], [6.934339870848879, 5.512769267799987, 4.699475443540954, 4.813356705852764, 4.975111668205158, 4.23473582806467, 4.115086532978347, 2.8065523531748187, 2.125, 2.806552353174818, 2.118966106645199, 1.0625, 2.1189661066451984, 1.4817080567545986, 1.8333333333333335, 0.0, 1.833333333333333, 3.6687967297800035, 2.118966106645199, 1.0625, 2.1189661066451984, 2.8065523531748187, 2.125, 2.806552353174818, 3.6771275965230132, 3.1875, 3.6771275965230132, 3.563393865251617, 5.613104706349637, 4.628564692332938, 4.25, 4.628564692332938, 6.45500586323858, 5.619943715119495, 5.3125, 5.619943715119495, 7.8236864357184235, 6.596637400979381, 5.933807331254061, 6.024400615644495, 6.154407860315329, 8.205794869751768, 7.3542551930460265, 6.633380443718806, 6.429235525662786, 6.375, 6.633380443718806, 6.811546609663031, 7.9618229696470895, 7.49455821098067], [8.389912097274918, 6.689673841908222, 5.338701725242863, 4.651948516482099, 4.625, 3.970774347939936, 5.023846486816438, 4.237932213290397, 2.806552353174818, 2.125, 3.817505821140872, 2.1189661066451984, 1.0625, 3.246381646198496, 3.6666666666666665, 1.833333333333333, 0.0, 5.501420271166347, 3.817505821140872, 2.1189661066451984, 1.0625, 4.237932213290397, 2.806552353174818, 2.125, 4.8584566165032745, 3.6771275965230132, 3.1875, 3.6969491166764397, 6.950719387228922, 5.613104706349636, 4.628564692332938, 4.25, 7.6467415446057805, 6.45500586323858, 5.619943715119495, 5.3125, 9.13868836321712, 7.6076761307978344, 6.451878494757253, 5.896238207535378, 5.875, 9.46787330924955, 8.419657059524456, 7.3542551930460265, 6.910263099992005, 6.633380443718806, 6.375, 6.9744849167839815, 8.817694489554007, 7.391929720986259], [4.981214711292819, 4.79655547705272, 5.530847835348372, 6.896557112066861, 7.267220926874317, 6.590637274733864, 4.63443785855776, 2.9023457945446665, 4.301969833046769, 5.942432162002357, 2.1843230899093458, 3.854166666666667, 5.626735843275389, 2.4162723238282102, 1.837589755933329, 3.6687967297800035, 5.501420271166347, 0.0, 2.059130243843529, 3.7846202840502303, 5.5793284766179525, 2.7131367660166177, 4.176654695380556, 5.852349955359813, 3.5693160915098443, 4.777379061205469, 6.295149422372752, 5.483151858326298, 4.125, 4.514059825823215, 5.519064181946469, 6.875, 5.1875, 5.501933056763878, 6.35252711087835, 7.560433601983421, 5.942432162002357, 5.7885183289374185, 6.410169871210729, 7.6198753270640855, 7.956915231419774, 6.427480066091221, 6.25, 6.513341009889711, 6.8622356253467265, 7.2461675694427905, 8.325412902673357, 7.7708251984376275, 7.280586820060897, 8.806957476904268], [6.592326399770503, 5.805925194240029, 5.774742959647641, 6.509641620533174, 6.766986086467479, 6.029881621143619, 4.974111311537119, 3.1875, 3.6771275965230132, 4.8584566165032745, 2.125, 2.8065523531748187, 4.237932213290397, 1.7200088710443913, 1.0625, 2.118966106645199, 3.817505821140872, 2.059130243843529, 0.0, 1.8333333333333335, 3.6666666666666665, 1.0625, 2.118966106645199, 3.817505821140872, 2.125, 2.8065523531748187, 4.237932213290397, 3.4835259428184684, 3.6771275965230132, 3.1875, 3.6771275965230132, 4.8584566165032745, 4.628564692332938, 4.25, 4.628564692332938, 5.613104706349636, 5.854166666666667, 4.951895330185313, 4.9152981852579405, 5.760896981180776, 6.050173608620206, 6.2716638431209875, 5.619943715119495, 5.3125, 5.405798391542178, 5.619943715119495, 6.45500586323858, 6.1271456372077004, 6.41940553019601, 7.062254174679483], [7.683885780934308, 6.430214323799791, 5.748225873645228, 5.841697872004147, 5.975681330284531, 5.241308188949266, 5.130756032646399, 3.6771275965230132, 3.1875, 3.6771275965230132, 2.8065523531748187, 2.125, 2.806552353174818, 2.1400334860866423, 2.118966106645199, 1.0625, 2.1189661066451984, 3.7846202840502303, 1.8333333333333335, 0.0, 1.833333333333333, 2.118966106645199, 1.0625, 2.1189661066451984, 2.8065523531748187, 2.125, 2.806552353174818, 2.5263387944709486, 4.8584566165032745, 3.6771275965230132, 3.1875, 3.6771275965230132, 5.613104706349637, 4.628564692332938, 4.25, 4.628564692332938, 7.060779043026658, 5.6709925277679565, 4.884117186805047, 4.993789545803645, 5.14988032493097, 7.410607309421033, 6.45500586323858, 5.619943715119495, 5.377462291308461, 5.3125, 5.619943715119495, 5.75030121612481, 6.989109832446475, 6.451777586663832], [9.019293556038633, 7.463830609084796, 6.281621395874724, 5.70943572080464, 5.6875, 5.0304446046358455, 5.884705074660542, 4.8584566165032745, 3.6771275965230132, 3.1875, 4.237932213290397, 2.806552353174818, 2.125, 3.5948961527275185, 3.817505821140872, 2.1189661066451984, 1.0625, 5.5793284766179525, 3.6666666666666665, 1.833333333333333, 0.0, 3.817505821140872, 2.1189661066451984, 1.0625, 4.237932213290397, 2.806552353174818, 2.125, 2.711465403952404, 6.3568983199355955, 4.8584566165032745, 3.6771275965230132, 3.1875, 6.950719387228922, 5.613104706349636, 4.628564692332938, 4.25, 8.494713429539575, 6.820650068806573, 5.501933056763878, 4.838404308240476, 4.8125, 8.787642246359372, 7.6467415446057805, 6.45500586323858, 5.944221341867336, 5.619943715119495, 5.3125, 5.942410008994818, 7.950394163883393, 6.332271018363001], [7.52818777071289, 6.850081102520693, 6.823672031978091, 7.4558887986461935, 7.68159777939749, 6.939424245789968, 6.032438655485789, 4.25, 4.628564692332938, 5.613104706349636, 3.1875, 3.6771275965230132, 4.8584566165032745, 2.756905434103981, 2.125, 2.8065523531748187, 4.237932213290397, 2.7131367660166177, 1.0625, 2.118966106645199, 3.817505821140872, 0.0, 1.8333333333333335, 3.6666666666666665, 1.0625, 2.118966106645199, 3.817505821140872, 2.8420727224730484, 2.8065523531748187, 2.125, 2.8065523531748187, 4.237932213290397, 3.6771275965230132, 3.1875, 3.6771275965230132, 4.8584566165032745, 5.0173310744967905, 3.9272905559827263, 3.881043674065006, 4.908184774209074, 5.244706325853188, 5.401260141032934, 4.628564692332938, 4.25, 4.366062299143245, 4.628564692332938, 5.613104706349636, 5.144756847520385, 5.378067600087517, 6.131091075638803], [8.50040848691664, 7.386643351347079, 6.801245800913568, 6.880427150822671, 6.994541522581098, 6.266374392708968, 6.162239062157123, 4.628564692332938, 4.25, 4.628564692332938, 3.6771275965230132, 3.1875, 3.6771275965230132, 3.036748323074009, 2.8065523531748187, 2.125, 2.806552353174818, 4.176654695380556, 2.118966106645199, 1.0625, 2.1189661066451984, 1.8333333333333335, 0.0, 1.833333333333333, 2.118966106645199, 1.0625, 2.1189661066451984, 1.5247334422727763, 4.237932213290398, 2.8065523531748187, 2.125, 2.806552353174818, 4.8584566165032745, 3.6771275965230132, 3.1875, 3.6771275965230132, 6.384116575098268, 4.802343178074637, 3.84147685720537, 3.979984645419851, 4.174159928789398, 6.6900631121421, 5.613104706349637, 4.628564692332938, 4.330928820062095, 4.25, 4.628564692332938, 4.689624018694994, 6.046693311223912, 5.416666666666667], [9.724325169388361, 8.302024518821366, 7.257658789934335, 6.768493185340442, 6.75, 6.091100837973539, 6.802814609290275, 5.613104706349636, 4.628564692332938, 4.25, 4.8584566165032745, 3.6771275965230132, 3.1875, 4.191106704083752, 4.237932213290397, 2.806552353174818, 2.125, 5.852349955359813, 3.817505821140872, 2.1189661066451984, 1.0625, 3.6666666666666665, 1.833333333333333, 0.0, 3.817505821140872, 2.1189661066451984, 1.0625, 1.8150672170382112, 5.896238207535378, 4.237932213290397, 2.806552353174818, 2.125, 6.3568983199355955, 4.8584566165032745, 3.6771275965230132, 3.1875, 7.941190087134295, 6.117484050744318, 4.601479230759508, 3.783186487605389, 3.75, 8.1891696770796, 6.950719387228922, 5.613104706349636, 5.0173310744967905, 4.628564692332938, 4.25, 4.923296261201058, 7.136078132357515, 5.273755777432247], [8.49389588829008, 7.899130797822702, 7.8762399817425575, 8.4298833934864, 8.630156469870315, 7.887303586214348, 7.092013918827067, 5.3125, 5.619943715119495, 6.45500586323858, 4.25, 4.628564692332938, 5.613104706349636, 3.807943950311338, 3.1875, 3.6771275965230132, 4.8584566165032745, 3.5693160915098443, 2.125, 2.8065523531748187, 4.237932213290397, 1.0625, 2.118966106645199, 3.817505821140872, 0.0, 1.8333333333333335, 3.6666666666666665, 2.5055167581481927, 2.118966106645199, 1.0625, 2.118966106645199, 3.817505821140872, 2.8065523531748187, 2.125, 2.8065523531748187, 4.237932213290397, 4.281794876113417, 2.9298067105375933, 2.8675174367386154, 4.153364181934661, 4.546108302102408, 4.612078420962844, 3.6771275965230132, 3.1875, 3.3406820037231917, 3.6771275965230132, 4.8584566165032745, 4.201540774604289, 4.346983708401852, 5.250041335816108], [9.36640809993054, 8.368700989400924, 7.8568187388054485, 7.925461123983751, 8.02472849142643, 7.3021501646878475, 7.202745001165372, 5.619943715119495, 5.3125, 5.619943715119495, 4.628564692332938, 4.25, 4.628564692332938, 4.015189900093577, 3.6771275965230132, 3.1875, 3.6771275965230132, 4.777379061205469, 2.8065523531748187, 2.125, 2.806552353174818, 2.118966106645199, 1.0625, 2.1189661066451984, 1.8333333333333335, 0.0, 1.833333333333333, 0.724602605240317, 3.8175058211408723, 2.118966106645199, 1.0625, 2.1189661066451984, 4.237932213290398, 2.8065523531748187, 2.125, 2.806552353174818, 5.823838999701524, 4.027735871429506, 2.813734297058705, 3.0000723370908537, 3.2532702563898854, 6.070799016146428, 4.8584566165032745, 3.6771275965230132, 3.294632103049511, 3.1875, 3.6771275965230132, 3.630013126322757, 5.151228615582888, 4.394648339489495], [10.48976435626654, 9.18674411100642, 8.25507524866437, 7.828483649468779, 7.8125, 7.152304413013614, 7.757875475992823, 6.45500586323858, 5.619943715119495, 5.3125, 5.613104706349636, 4.628564692332938, 4.25, 4.9462394767273885, 4.8584566165032745, 3.6771275965230132, 3.1875, 6.295149422372752, 4.237932213290397, 2.806552353174818, 2.125, 3.817505821140872, 2.1189661066451984, 1.0625, 3.6666666666666665, 1.833333333333333, 0.0, 1.222581640588023, 5.60168780368917, 3.817505821140872, 2.1189661066451984, 1.0625, 5.896238207535378, 4.237932213290397, 2.806552353174818, 2.125, 7.49817686174446, 5.53025924899648, 3.785996217788802, 2.73361596607863, 2.6875, 7.691563966450516, 6.3568983199355955, 4.8584566165032745, 4.155871432216246, 3.6771275965230132, 3.1875, 3.9272468646764294, 6.395018949237845, 4.217245101959334], [9.996348009386672, 8.91101930482238, 8.262835195376601, 8.156685280791475, 8.213563984483017, 7.509421661349318, 7.657075333405495, 6.152605537305403, 5.6658617709789505, 5.750795296324029, 5.1984172363535, 4.61204688542699, 4.715997604511546, 4.561237884108264, 4.2953860279086955, 3.563393865251617, 3.6969491166764397, 5.483151858326298, 3.4835259428184684, 2.5263387944709486, 2.711465403952404, 2.8420727224730484, 1.5247334422727763, 1.8150672170382112, 2.5055167581481927, 0.724602605240317, 1.222581640588023, 0.0, 4.382972861307732, 2.595315701585742, 0.9915131371076834, 1.3974101879687892, 4.682554107375179, 3.074333335283206, 1.9232680953505117, 2.1606982896681877, 6.283695490670934, 4.354781343032791, 2.798624833853871, 2.46766494171912, 2.649620505262195, 6.488962294703478, 5.18651977090922, 3.7980521089065675, 3.2332806255054347, 2.9449337058971716, 3.1052039328377607, 3.3198673692718548, 5.322549057870871, 3.9312565665961374], [9.000868013697346, 8.900003901372429, 9.316297696927561, 10.186541365939668, 10.441054783880793, 9.702149370878752, 8.461688207014063, 6.633380443718806, 7.3542551930460265, 8.419657059524456, 5.619943715119495, 6.45500586323858, 7.6467415446057805, 5.362748232199126, 4.628564692332938, 5.613104706349637, 6.950719387228922, 4.125, 3.6771275965230132, 4.8584566165032745, 6.3568983199355955, 2.8065523531748187, 4.237932213290398, 5.896238207535378, 2.118966106645199, 3.8175058211408723, 5.60168780368917, 4.382972861307732, 0.0, 1.8333333333333335, 3.666666666666667, 5.5, 1.0625, 2.118966106645199, 3.8175058211408723, 5.60168780368917, 2.2114757516192665, 1.7564365756964992, 3.266252099544335, 5.257435211203273, 5.735034873477231, 2.6010815058356016, 2.125, 2.8065523531748187, 3.5416666666666665, 4.237932213290398, 5.896238207535378, 4.721583531700573, 3.1953199283396403, 5.896238207535378], [9.480334177185481, 8.951353870287505, 8.931160338948125, 9.42302513940071, 9.60260742946646, 8.86122561269951, 8.152350533280236, 6.375, 6.633380443718806, 7.3542551930460265, 5.3125, 5.619943715119495, 6.45500586323858, 4.863965376607175, 4.25, 4.628564692332938, 5.613104706349636, 4.514059825823215, 3.1875, 3.6771275965230132, 4.8584566165032745, 2.125, 2.8065523531748187, 4.237932213290397, 1.0625, 2.118966106645199, 3.817505821140872, 2.595315701585742, 1.8333333333333335, 0.0, 1.8333333333333335, 3.6666666666666665, 2.118966106645199, 1.0625, 2.118966106645199, 3.817505821140872, 3.7083333333333335, 2.0004339806929674, 1.9080421903092182, 3.5592699782087025, 4.010619583611047, 3.95306667172603, 2.8065523531748187, 2.125, 2.348536778506992, 2.8065523531748187, 4.237932213290397, 3.330942695576875, 3.3356762599375727, 4.448977722778322], [10.269375319095337, 9.368330961275866, 8.914037774456895, 8.974597638767866, 9.062380267408289, 8.344648496234148, 8.248860123947455, 6.633380443718806, 6.375, 6.633380443718806, 5.619943715119495, 5.3125, 5.619943715119495, 5.027869527934682, 4.628564692332938, 4.25, 4.628564692332938, 5.519064181946469, 3.6771275965230132, 3.1875, 3.6771275965230132, 2.8065523531748187, 2.125, 2.806552353174818, 2.118966106645199, 1.0625, 2.1189661066451984, 0.9915131371076834, 3.666666666666667, 1.8333333333333335, 0.0, 1.833333333333333, 3.8175058211408723, 2.118966106645199, 1.0625, 2.1189661066451984, 5.416185876098091, 3.4118360159890457, 1.8262172500675942, 2.1019997092715728, 2.449844099348183, 5.586597304660901, 4.237932213290398, 2.8065523531748187, 2.2825576541337234, 2.125, 2.806552353174818, 2.572786360705071, 4.331930862790864, 3.3975583553160313], [11.3033457436283, 10.105777363029086, 9.266970168890753, 8.889073348780514, 8.875, 8.213843187842468, 8.73777944867279, 7.3542551930460265, 6.633380443718806, 6.375, 6.45500586323858, 5.619943715119495, 5.3125, 5.798534902650591, 5.613104706349636, 4.628564692332938, 4.25, 6.875, 4.8584566165032745, 3.6771275965230132, 3.1875, 4.237932213290397, 2.806552353174818, 2.125, 3.817505821140872, 2.1189661066451984, 1.0625, 1.3974101879687892, 5.5, 3.6666666666666665, 1.833333333333333, 0.0, 5.60168780368917, 3.817505821140872, 2.1189661066451984, 1.0625, 7.186141175902405, 5.099189750451646, 3.1227769870919557, 1.7001838135919305, 1.625, 7.315437444199766, 5.896238207535378, 4.237932213290397, 3.409800010427461, 2.806552353174818, 2.125, 2.97749933613181, 5.755583038329924, 3.164747225293041], [10.050069962443047, 9.959836880915493, 10.333522343701482, 11.124473302138847, 11.357988653366405, 10.616085738769023, 9.487999663014252, 7.660125153097116, 8.292216271567236, 9.25021114623877, 6.633380443718806, 7.3542551930460265, 8.419657059524456, 6.338343881336473, 5.619943715119495, 6.45500586323858, 7.6467415446057805, 5.1875, 4.628564692332938, 5.613104706349637, 6.950719387228922, 3.6771275965230132, 4.8584566165032745, 6.3568983199355955, 2.8065523531748187, 4.237932213290398, 5.896238207535378, 4.682554107375179, 1.0625, 2.118966106645199, 3.8175058211408723, 5.60168780368917, 0.0, 1.8333333333333335, 3.666666666666667, 5.5, 1.602000702247037, 0.8722675589774299, 2.8886301299712596, 5.031541140644683, 5.528689379048166, 1.8381801462315928, 1.0625, 2.118966106645199, 3.0260013264666257, 3.8175058211408723, 5.60168780368917, 4.241862551684176, 2.1675679215296677, 5.408688034079984], [10.481651461535588, 10.00574921538168, 9.987687732903948, 10.429845829530644, 10.592372288323538, 9.853471132408815, 9.213185633108248, 7.4375, 7.660125153097116, 8.292216271567236, 6.375, 6.633380443718806, 7.3542551930460265, 5.922304765963504, 5.3125, 5.619943715119495, 6.45500586323858, 5.501933056763878, 4.25, 4.628564692332938, 5.613104706349636, 3.1875, 3.6771275965230132, 4.8584566165032745, 2.125, 2.8065523531748187, 4.237932213290397, 3.074333335283206, 2.118966106645199, 1.0625, 2.118966106645199, 3.817505821140872, 1.8333333333333335, 0.0, 1.8333333333333335, 3.6666666666666665, 3.3804611166394314, 1.2951900868641297, 1.1473474844178633, 3.2162375577338462, 3.709562062352434, 3.4985736180779607, 2.118966106645199, 1.0625, 1.4590771912410938, 2.118966106645199, 3.817505821140872, 2.606765448169717, 2.36960278551303, 3.779111539472972], [11.200372792654914, 10.380457901749807, 9.972379389816878, 10.026548959027616, 10.105197541914315, 9.39163098315489, 9.298691501339752, 7.660125153097116, 7.4375, 7.660125153097115, 6.633380443718806, 6.375, 6.633380443718806, 6.057640344726219, 5.619943715119495, 5.3125, 5.619943715119495, 6.35252711087835, 4.628564692332938, 4.25, 4.628564692332938, 3.6771275965230132, 3.1875, 3.6771275965230132, 2.8065523531748187, 2.125, 2.806552353174818, 1.9232680953505117, 3.8175058211408723, 2.118966106645199, 1.0625, 2.1189661066451984, 3.666666666666667, 1.8333333333333335, 0.0, 1.833333333333333, 5.197196426386484, 3.0522788617686953, 1.0054107093344717, 1.4471295822343544, 1.9176854176613822, 5.274784421608569, 3.8175058211408723, 2.118966106645199, 1.3503150352582338, 1.0625, 2.1189661066451984, 1.5229171081790926, 3.640591469802675, 2.455948702187767], [12.155406461735453, 11.050566381915052, 10.28907271629038, 9.95007066557821, 9.9375, 9.275602078168196, 9.735027477428414, 8.292216271567236, 7.660125153097115, 7.4375, 7.3542551930460265, 6.633380443718806, 6.375, 6.711076036924164, 6.45500586323858, 5.619943715119495, 5.3125, 7.560433601983421, 5.613104706349636, 4.628564692332938, 4.25, 4.8584566165032745, 3.6771275965230132, 3.1875, 4.237932213290397, 2.806552353174818, 2.125, 2.1606982896681877, 5.60168780368917, 3.817505821140872, 2.1189661066451984, 1.0625, 5.5, 3.6666666666666665, 1.833333333333333, 0.0, 7.022564079451323, 4.865954927977767, 2.7253472001033394, 0.7525996611745185, 0.5625, 7.0801769928441765, 5.60168780368917, 3.817505821140872, 2.870543042894691, 2.1189661066451984, 1.0625, 2.136714570835304, 5.2549992731789334, 2.122240855793706], [10.5, 10.721214690716927, 11.359039474259157, 12.349089035228468, 12.619429464123963, 11.883535729910191, 10.483030529201997, 8.666666666666666, 9.523363084774434, 10.63014581273465, 7.6967536897779905, 8.650049172949506, 9.855399852365199, 7.503709435590743, 6.754756554540742, 7.8236864357184235, 9.13868836321712, 5.942432162002357, 5.854166666666667, 7.060779043026658, 8.494713429539575, 5.0173310744967905, 6.384116575098268, 7.941190087134295, 4.281794876113417, 5.823838999701524, 7.49817686174446, 6.283695490670934, 2.2114757516192665, 3.7083333333333335, 5.416185876098091, 7.186141175902405, 1.602000702247037, 3.3804611166394314, 5.197196426386484, 7.022564079451323, 0.0, 2.1666666666666665, 4.333333333333333, 6.5, 7.0, 0.5, 1.5811388300841898, 3.370624736026114, 4.362084109434133, 5.190803834132479, 7.0178344238090995, 5.549158061895499, 2.6352313834736494, 6.670832032063167], [10.721214690716927, 10.5, 10.721214690716927, 11.359039474259157, 11.559027256266468, 10.816284442724491, 9.901635030475955, 8.08462189042327, 8.54400374531753, 9.346716595206635, 7.034914168709602, 7.558366639029891, 8.455176956226943, 6.670796805707248, 5.989719201357532, 6.596637400979381, 7.6076761307978344, 5.7885183289374185, 4.951895330185313, 5.6709925277679565, 6.820650068806573, 3.9272905559827263, 4.802343178074637, 6.117484050744318, 2.9298067105375933, 4.027735871429506, 5.53025924899648, 4.354781343032791, 1.7564365756964992, 2.0004339806929674, 3.4118360159890457, 5.099189750451646, 0.8722675589774299, 1.2951900868641297, 3.0522788617686953, 4.865954927977767, 2.1666666666666665, 0.0, 2.1666666666666665, 4.333333333333334, 4.833333333333334, 2.223610677354389, 0.8333333333333331, 1.269295517643985, 2.223610677354389, 3.0413812651491106, 4.859126579037751, 3.4323715380374296, 1.5, 4.585605497399202], [11.359039474259157, 10.721214690716927, 10.5, 10.721214690716927, 10.833333333333334, 10.10715022826338, 9.776487731604071, 8.06225774829855, 8.043285674675769, 8.432740427115679, 7.009201541545228, 6.987370799839124, 7.4323628383651394, 6.487086683649555, 5.959498720530108, 5.933807331254061, 6.451878494757253, 6.410169871210729, 4.9152981852579405, 4.884117186805047, 5.501933056763878, 3.881043674065006, 3.84147685720537, 4.601479230759508, 2.8675174367386154, 2.813734297058705, 3.785996217788802, 2.798624833853871, 3.266252099544335, 1.9080421903092182, 1.8262172500675942, 3.1227769870919557, 2.8886301299712596, 1.1473474844178633, 1.0054107093344717, 2.7253472001033394, 4.333333333333333, 2.1666666666666665, 0.0, 2.166666666666667, 2.666666666666667, 4.362084109434133, 2.877112750272011, 1.1180339887498945, 0.5, 0.9718253158075506, 2.713136766016618, 1.4690413347649363, 2.6352313834736494, 2.63523138347365], [12.349089035228468, 11.359039474259157, 10.721214690716927, 10.5, 10.51189802081432, 9.833913321579258, 10.124521585959021, 8.603939666093538, 8.110350040397625, 8.0156097709407, 7.626052978296032, 7.064466294616868, 6.95549468046666, 7.003852236321212, 6.674084414942455, 6.024400615644495, 5.896238207535378, 7.6198753270640855, 5.760896981180776, 4.993789545803645, 4.838404308240476, 4.908184774209074, 3.979984645419851, 3.783186487605389, 4.153364181934661, 3.0000723370908537, 2.73361596607863, 2.46766494171912, 5.257435211203273, 3.5592699782087025, 2.1019997092715728, 1.7001838135919305, 5.031541140644683, 3.2162375577338462, 1.4471295822343544, 0.7525996611745185, 6.5, 4.333333333333334, 2.166666666666667, 0.0, 0.5, 6.519202405202649, 5.024937810560445, 3.2058973436118907, 2.2236106773543893, 1.4240006242195882, 0.7071067811865476, 1.3870397976465385, 4.585605497399202, 1.5], [12.619429464123963, 11.559027256266468, 10.833333333333334, 10.51189802081432, 10.5, 9.837774512188384, 10.268282733167746, 8.80025252162939, 8.207381501496753, 8.0, 7.846868846517345, 7.175654490087375, 6.9375, 7.210833680497323, 6.925320891081109, 6.154407860315329, 5.875, 7.956915231419774, 6.050173608620206, 5.14988032493097, 4.8125, 5.244706325853188, 4.174159928789398, 3.75, 4.546108302102408, 3.2532702563898854, 2.6875, 2.649620505262195, 5.735034873477231, 4.010619583611047, 2.449844099348183, 1.625, 5.528689379048166, 3.709562062352434, 1.9176854176613822, 0.5625, 7.0, 4.833333333333334, 2.666666666666667, 0.5, 0.0, 7.0178344238090995, 5.522680508593631, 3.7006005518624194, 2.713136766016618, 1.9002923751652296, 0.5, 1.7897390529106387, 5.060742150229659, 1.5811388300841898], [11.0, 11.211353372561426, 11.8227652339788, 12.776932339180638, 13.038404810405298, 12.300438793065839, 10.950198243266382, 9.130230616534892, 9.947082207584515, 11.01135777277262, 8.150307807752485, 9.055984247691933, 10.213540338687658, 7.938603249657801, 7.193867952020742, 8.205794869751768, 9.46787330924955, 6.427480066091221, 6.2716638431209875, 7.410607309421033, 8.787642246359372, 5.401260141032934, 6.6900631121421, 8.1891696770796, 4.612078420962844, 6.070799016146428, 7.691563966450516, 6.488962294703478, 2.6010815058356016, 3.95306667172603, 5.586597304660901, 7.315437444199766, 1.8381801462315928, 3.4985736180779607, 5.274784421608569, 7.0801769928441765, 0.5, 2.223610677354389, 4.362084109434133, 6.519202405202649, 7.0178344238090995, 0.0, 1.5, 3.3333333333333335, 4.333333333333333, 5.166666666666667, 7.0, 5.487567570076997, 2.3863035105460586, 6.576473218982953], [11.10180165558726, 11.020183503211026, 11.359039474259157, 12.083045973594572, 12.298373876248844, 11.555460307185824, 10.52149801111972, 8.695464973830388, 9.257129384665877, 10.124228365658293, 7.660125153097116, 8.292216271567236, 9.25021114623877, 7.338116257882276, 6.633380443718806, 7.3542551930460265, 8.419657059524456, 6.25, 5.619943715119495, 6.45500586323858, 7.6467415446057805, 4.628564692332938, 5.613104706349637, 6.950719387228922, 3.6771275965230132, 4.8584566165032745, 6.3568983199355955, 5.18651977090922, 2.125, 2.8065523531748187, 4.237932213290398, 5.896238207535378, 1.0625, 2.118966106645199, 3.8175058211408723, 5.60168780368917, 1.5811388300841898, 0.8333333333333331, 2.877112750272011, 5.024937810560445, 5.522680508593631, 1.5, 0.0, 1.8333333333333335, 2.833333333333333, 3.666666666666667, 5.5, 3.9939025110704836, 1.201850425154663, 5.0990195135927845], [11.49395976637778, 11.061695670696745, 11.045361017187261, 11.446736555795184, 11.595018087284059, 10.85901836517767, 10.274364812617366, 8.5, 8.695464973830388, 9.257129384665877, 7.4375, 7.660125153097116, 8.292216271567236, 6.981908105745498, 6.375, 6.633380443718806, 7.3542551930460265, 6.513341009889711, 5.3125, 5.619943715119495, 6.45500586323858, 4.25, 4.628564692332938, 5.613104706349636, 3.1875, 3.6771275965230132, 4.8584566165032745, 3.7980521089065675, 2.8065523531748187, 2.125, 2.8065523531748187, 4.237932213290397, 2.118966106645199, 1.0625, 2.118966106645199, 3.817505821140872, 3.370624736026114, 1.269295517643985, 1.1180339887498945, 3.2058973436118907, 3.7006005518624194, 3.3333333333333335, 1.8333333333333335, 0.0, 0.9999999999999996, 1.8333333333333335, 3.6666666666666665, 2.1801572104612075, 1.5365907428821481, 3.3208098075285455], [11.8227652339788, 11.211353372561426, 11.0, 11.211353372561426, 11.31861789756643, 10.594189860229584, 10.275827210344573, 8.558621384311845, 8.540751983545972, 8.908485343261844, 7.504425777499568, 7.48403973095042, 7.901108615954543, 6.985560815202114, 6.452954749570154, 6.429235525662786, 6.910263099992005, 6.8622356253467265, 5.405798391542178, 5.377462291308461, 5.944221341867336, 4.366062299143245, 4.330928820062095, 5.0173310744967905, 3.3406820037231917, 3.294632103049511, 4.155871432216246, 3.2332806255054347, 3.5416666666666665, 2.348536778506992, 2.2825576541337234, 3.409800010427461, 3.0260013264666257, 1.4590771912410938, 1.3503150352582338, 2.870543042894691, 4.362084109434133, 2.223610677354389, 0.5, 2.2236106773543893, 2.713136766016618, 4.333333333333333, 2.833333333333333, 0.9999999999999996, 0.0, 0.8333333333333339, 2.666666666666667, 1.2158639247501752, 2.3863035105460586, 2.386303510546059], [12.152960316089429, 11.40175425099138, 11.031520495581942, 11.080513425729775, 11.151731305546736, 10.441748848818715, 10.351108463818056, 8.695464973830388, 8.5, 8.695464973830388, 7.660125153097116, 7.4375, 7.660125153097115, 7.097066549087407, 6.633380443718806, 6.375, 6.633380443718806, 7.2461675694427905, 5.619943715119495, 5.3125, 5.619943715119495, 4.628564692332938, 4.25, 4.628564692332938, 3.6771275965230132, 3.1875, 3.6771275965230132, 2.9449337058971716, 4.237932213290398, 2.8065523531748187, 2.125, 2.806552353174818, 3.8175058211408723, 2.118966106645199, 1.0625, 2.1189661066451984, 5.190803834132479, 3.0413812651491106, 0.9718253158075506, 1.4240006242195882, 1.9002923751652296, 5.166666666666667