totalHoles = 50;
zeroHoleID = 23;
C = [[0.0, 0.5, 1.0, 1.5, 0.75, 0.9013878188659973, 1.25, 1.6770509831248424, 3.854357842031731, 1.346291201783626, 1.5, 1.5811388300841898, 1.8027756377319946, 2.1213203435596424, 2.25, 2.3048861143232218, 2.462214450449026, 2.704163456597992, 3.0, 3.0413812651491097, 3.1622776601683795, 3.3541019662496847, 3.75, 3.783186487605389, 3.881043674065006, 4.038873605350878, 5.324692265084295, 4.5, 4.527692569068709, 4.6097722286464435, 4.743416490252569, 5.830951894845301, 5.0, 5.0990195135927845, 6.020797289396148, 6.18465843842649, 6.166666666666667, 6.24722160466377, 7.184087354084102, 7.321960878829599, 7.333333333333334, 7.40120110372484, 8.348319857578797, 9.013878188659973, 8.5, 8.558621384311845, 8.84395317183913, 9.513148795220223, 11.754929698181488, 12.679646795976787], [0.5, 0.0, 0.5, 1.0, 0.9013878188659973, 0.75, 0.9013878188659973, 1.25, 3.3664746957723595, 1.6007810593582121, 1.5811388300841898, 1.5, 1.5811388300841898, 1.8027756377319946, 2.3048861143232218, 2.25, 2.3048861143232218, 2.462214450449026, 3.0413812651491097, 3.0, 3.0413812651491097, 3.1622776601683795, 3.783186487605389, 3.75, 3.783186487605389, 3.881043674065006, 5.009066253163261, 4.527692569068709, 4.5, 4.527692569068709, 4.6097722286464435, 6.103277807866851, 5.024937810560445, 5.024937810560445, 6.0, 6.082762530298219, 6.1869037310901955, 6.1869037310901955, 7.166666666666667, 7.236097782030804, 7.350359023733316, 7.350359023733316, 8.333333333333334, 9.192388155425117, 8.514693182963201, 8.514693182963201, 8.77760623859374, 9.5, 11.775788877904256, 12.752121223167864], [1.0, 0.5, 0.0, 0.5, 1.25, 0.9013878188659973, 0.75, 0.9013878188659973, 2.882746846346328, 1.9525624189766635, 1.8027756377319946, 1.5811388300841898, 1.5, 1.5811388300841898, 2.462214450449026, 2.3048861143232218, 2.25, 2.3048861143232218, 3.1622776601683795, 3.0413812651491097, 3.0, 3.0413812651491097, 3.881043674065006, 3.783186487605389, 3.75, 3.783186487605389, 4.725372127072062, 4.6097722286464435, 4.527692569068709, 4.5, 4.527692569068709, 6.4031242374328485, 5.0990195135927845, 5.0, 6.020797289396148, 6.020797289396148, 6.24722160466377, 6.166666666666667, 7.184087354084102, 7.184087354084102, 7.40120110372484, 7.333333333333334, 8.348319857578797, 9.394147114027968, 8.558621384311845, 8.5, 8.739407008139402, 9.513148795220223, 11.817784698697047, 12.843665695976835], [1.5, 1.0, 0.5, 0.0, 1.6770509831248424, 1.25, 0.9013878188659973, 0.75, 2.4056822073922817, 2.358495283014151, 2.1213203435596424, 1.8027756377319946, 1.5811388300841898, 1.5, 2.704163456597992, 2.462214450449026, 2.3048861143232218, 2.25, 3.3541019662496847, 3.1622776601683795, 3.0413812651491097, 3.0, 4.038873605350878, 3.881043674065006, 3.783186487605389, 3.75, 4.479680652684973, 4.743416490252569, 4.6097722286464435, 4.527692569068709, 4.5, 6.726812023536855, 5.220153254455275, 5.024937810560445, 6.082762530298219, 6.0, 6.346477588219924, 6.1869037310901955, 7.236097782030804, 7.166666666666667, 7.485170524295207, 7.350359023733316, 8.393118874676116, 9.617692030835672, 8.631338250816034, 8.514693182963201, 8.72972499154655, 9.5524865872714, 11.880693021559916, 12.953875919185577], [0.75, 0.9013878188659973, 1.25, 1.6770509831248424, 0.0, 0.5, 1.0, 1.5, 3.7731150475771202, 0.7071067811865476, 0.75, 0.9013878188659973, 1.25, 1.6770509831248424, 1.5, 1.5811388300841898, 1.8027756377319946, 2.1213203435596424, 2.25, 2.3048861143232218, 2.462214450449026, 2.704163456597992, 3.0, 3.0413812651491097, 3.1622776601683795, 3.3541019662496847, 4.786534547807527, 3.75, 3.783186487605389, 3.881043674065006, 4.038873605350878, 5.202163011671203, 4.25, 4.366062299143245, 5.273755777432247, 5.460082416960389, 5.416666666666667, 5.508200956553581, 6.43611770488321, 6.5896594078230715, 6.583333333333334, 6.658849583657659, 7.599798973949538, 8.31038506929733, 7.75, 7.814249804043892, 8.10456550413369, 8.764274071479052, 11.005097846589146, 11.935962485135965], [0.9013878188659973, 0.75, 0.9013878188659973, 1.25, 0.5, 0.0, 0.5, 1.0, 3.2731444613852587, 1.118033988749895, 0.9013878188659973, 0.75, 0.9013878188659973, 1.25, 1.5811388300841898, 1.5, 1.5811388300841898, 1.8027756377319946, 2.3048861143232218, 2.25, 2.3048861143232218, 2.462214450449026, 3.0413812651491097, 3.0, 3.0413812651491097, 3.1622776601683795, 4.432754221484147, 3.783186487605389, 3.75, 3.783186487605389, 3.881043674065006, 5.50567888638631, 4.2793106921559225, 4.2793106921559225, 5.25, 5.344389581607987, 5.43969464012253, 5.43969464012253, 6.416666666666667, 6.494121273206338, 6.6022933725924196, 6.6022933725924196, 7.583333333333334, 8.503675675847475, 7.766112283504533, 7.766112283504533, 8.032113394674536, 8.75, 11.027375485616945, 12.0129244260595], [1.25, 0.9013878188659973, 0.75, 0.9013878188659973, 1.0, 0.5, 0.0, 0.5, 2.773184481411415, 1.5811388300841898, 1.25, 0.9013878188659973, 0.75, 0.9013878188659973, 1.8027756377319946, 1.5811388300841898, 1.5, 1.5811388300841898, 2.462214450449026, 2.3048861143232218, 2.25, 2.3048861143232218, 3.1622776601683795, 3.0413812651491097, 3.0, 3.0413812651491097, 4.109465536881413, 3.881043674065006, 3.783186487605389, 3.75, 3.783186487605389, 5.836308764964376, 4.366062299143245, 4.25, 5.273755777432247, 5.273755777432247, 5.508200956553581, 5.416666666666667, 6.43611770488321, 6.43611770488321, 6.658849583657659, 6.583333333333334, 7.599798973949538, 8.721381771256205, 7.814249804043892, 7.75, 7.990351003493304, 8.764274071479052, 11.072210329856004, 12.110058054603241], [1.6770509831248424, 1.25, 0.9013878188659973, 0.75, 1.5, 1.0, 0.5, 0.0, 2.2732421056247394, 2.0615528128088303, 1.6770509831248424, 1.25, 0.9013878188659973, 0.75, 2.1213203435596424, 1.8027756377319946, 1.5811388300841898, 1.5, 2.704163456597992, 2.462214450449026, 2.3048861143232218, 2.25, 3.3541019662496847, 3.1622776601683795, 3.0413812651491097, 3.0, 3.8244089751942796, 4.038873605350878, 3.881043674065006, 3.783186487605389, 3.75, 6.189709201569974, 4.5069390943299865, 4.2793106921559225, 5.344389581607987, 5.25, 5.6205229096390825, 5.43969464012253, 6.494121273206338, 6.416666666666667, 6.75205729965155, 6.6022933725924196, 7.648983229452425, 8.96172416446746, 7.893826701923472, 7.766112283504533, 7.979760192708975, 8.806957476904268, 11.139330010209521, 12.226882632359922], [3.854357842031731, 3.3664746957723595, 2.882746846346328, 2.4056822073922817, 3.7731150475771202, 3.2731444613852587, 2.773184481411415, 2.2732421056247394, 0.0, 4.2978135741277095, 3.839494751926911, 3.349447335444818, 2.8628438580828144, 2.3817960573077186, 4.046238097034786, 3.584566953027909, 3.1346766569430873, 2.7024572607958093, 4.373484368980537, 3.95024594532558, 3.5470439145019457, 3.1715292895146634, 4.796633018434752, 4.41415516451139, 4.0573197210999625, 3.7334864164840322, 3.225109362732505, 5.292731912855579, 4.948746164858728, 4.633267325230444, 4.352498547948314, 7.975739962087711, 5.654634644246034, 5.042722277262121, 6.154326460291716, 5.68593784573266, 6.569910837114127, 6.051271222918193, 7.1692330803860935, 6.771414768465338, 7.554785640742829, 7.108371197627642, 8.22449353846059, 10.263800512123959, 8.58534017786952, 8.195256004264227, 8.282721754244387, 9.306390663929811, 11.67591820868247, 12.954669834720516], [1.346291201783626, 1.6007810593582121, 1.9525624189766635, 2.358495283014151, 0.7071067811865476, 1.118033988749895, 1.5811388300841898, 2.0615528128088303, 4.2978135741277095, 0.0, 0.5590169943749475, 1.0307764064044151, 1.5206906325745548, 2.0155644370746373, 1.118033988749895, 1.4142135623730951, 1.8027756377319946, 2.23606797749979, 1.8200274723201295, 2.0155644370746373, 2.3048861143232218, 2.6575364531836625, 2.5495097567963922, 2.692582403567252, 2.9154759474226504, 3.2015621187164243, 4.865171405643946, 3.2882366094914763, 3.400367627183861, 3.5794552658190883, 3.816084380618437, 4.5069390943299865, 3.783186487605389, 4.038873605350878, 4.8541219597369, 5.153882032022076, 4.942025001060912, 5.140390171097046, 6.000578675798231, 6.2455539741839114, 6.103846692409996, 6.2655362455614645, 7.15357331066867, 7.668930825088983, 7.267220926874317, 7.403546447480424, 7.721642828661376, 8.31038506929733, 10.505659652194998, 11.381778683968001], [1.5, 1.5811388300841898, 1.8027756377319946, 2.1213203435596424, 0.75, 0.9013878188659973, 1.25, 1.6770509831248424, 3.839494751926911, 0.5590169943749475, 0.0, 0.5, 1.0, 1.5, 0.75, 0.9013878188659973, 1.25, 1.6770509831248424, 1.5, 1.5811388300841898, 1.8027756377319946, 2.1213203435596424, 2.25, 2.3048861143232218, 2.462214450449026, 2.704163456597992, 4.312131518966171, 3.0, 3.0413812651491097, 3.1622776601683795, 3.3541019662496847, 4.6097722286464435, 3.5, 3.640054944640259, 4.527692569068709, 4.743416490252569, 4.666666666666667, 4.772607021092118, 5.688682721958671, 5.861835131689658, 5.833333333333334, 5.9184269681882355, 6.851601597031489, 7.615773105863909, 7.0, 7.0710678118654755, 7.367323551731939, 8.0156097709407, 10.255290586658822, 11.193121013480638], [1.5811388300841898, 1.5, 1.5811388300841898, 1.8027756377319946, 0.9013878188659973, 0.75, 0.9013878188659973, 1.25, 3.349447335444818, 1.0307764064044151, 0.5, 0.0, 0.5, 1.0, 0.9013878188659973, 0.75, 0.9013878188659973, 1.25, 1.5811388300841898, 1.5, 1.5811388300841898, 1.8027756377319946, 2.3048861143232218, 2.25, 2.3048861143232218, 2.462214450449026, 3.915721548781529, 3.0413812651491097, 3.0, 3.0413812651491097, 3.1622776601683795, 4.949747468305833, 3.5355339059327378, 3.5355339059327378, 4.5, 4.6097722286464435, 4.693375946776242, 4.693375946776242, 5.666666666666667, 5.754225500544023, 5.854722690083433, 5.854722690083433, 6.833333333333334, 7.826237921249264, 7.0178344238090995, 7.0178344238090995, 7.287545532620737, 8.0, 10.279193378110827, 11.275154581737036], [1.8027756377319946, 1.5811388300841898, 1.5, 1.5811388300841898, 1.25, 0.9013878188659973, 0.75, 0.9013878188659973, 2.8628438580828144, 1.5206906325745548, 1.0, 0.5, 0.0, 0.5, 1.25, 0.9013878188659973, 0.75, 0.9013878188659973, 1.8027756377319946, 1.5811388300841898, 1.5, 1.5811388300841898, 2.462214450449026, 2.3048861143232218, 2.25, 2.3048861143232218, 3.545598998522328, 3.1622776601683795, 3.0413812651491097, 3.0, 3.0413812651491097, 5.315072906367325, 3.640054944640259, 3.5, 4.527692569068709, 4.527692569068709, 4.772607021092118, 4.666666666666667, 5.688682721958671, 5.688682721958671, 5.9184269681882355, 5.833333333333334, 6.851601597031489, 8.06225774829855, 7.0710678118654755, 7.0, 7.241490417319959, 8.0156097709407, 10.327276891435707, 11.37858794674056], [2.1213203435596424, 1.8027756377319946, 1.5811388300841898, 1.5, 1.6770509831248424, 1.25, 0.9013878188659973, 0.75, 2.3817960573077186, 2.0155644370746373, 1.5, 1.0, 0.5, 0.0, 1.6770509831248424, 1.25, 0.9013878188659973, 0.75, 2.1213203435596424, 1.8027756377319946, 1.5811388300841898, 1.5, 2.704163456597992, 2.462214450449026, 2.3048861143232218, 2.25, 3.2108673702059156, 3.3541019662496847, 3.1622776601683795, 3.0413812651491097, 3.0, 5.70087712549569, 3.8078865529319543, 3.5355339059327378, 4.6097722286464435, 4.5, 4.901813723284248, 4.693375946776242, 5.754225500544023, 5.666666666666667, 6.023103666530885, 5.854722690083433, 6.906116451700221, 8.32165848854662, 7.158910531638177, 7.0178344238090995, 7.229802697048733, 8.06225774829855, 10.3992057139075, 11.502843843213444], [2.25, 2.3048861143232218, 2.462214450449026, 2.704163456597992, 1.5, 1.5811388300841898, 1.8027756377319946, 2.1213203435596424, 4.046238097034786, 1.118033988749895, 0.75, 0.9013878188659973, 1.25, 1.6770509831248424, 0.0, 0.5, 1.0, 1.5, 0.75, 0.9013878188659973, 1.25, 1.6770509831248424, 1.5, 1.5811388300841898, 1.8027756377319946, 2.1213203435596424, 3.9246711322565604, 2.25, 2.3048861143232218, 2.462214450449026, 2.704163456597992, 4.0697051490249265, 2.75, 2.9261749776799064, 3.783186487605389, 4.038873605350878, 3.916666666666667, 4.042310945211635, 4.942025001060912, 5.140390171097046, 5.083333333333334, 5.180760347456518, 6.103846692409996, 6.932712311931024, 6.25, 6.329494450586082, 6.632942832635787, 7.267220926874317, 9.505513737858937, 10.451302100612656], [2.3048861143232218, 2.25, 2.3048861143232218, 2.462214450449026, 1.5811388300841898, 1.5, 1.5811388300841898, 1.8027756377319946, 3.584566953027909, 1.4142135623730951, 0.9013878188659973, 0.75, 0.9013878188659973, 1.25, 0.5, 0.0, 0.5, 1.0, 0.9013878188659973, 0.75, 0.9013878188659973, 1.25, 1.5811388300841898, 1.5, 1.5811388300841898, 1.8027756377319946, 3.4844569888432417, 2.3048861143232218, 2.25, 2.3048861143232218, 2.462214450449026, 4.451123453691214, 2.7950849718747373, 2.7950849718747373, 3.75, 3.881043674065006, 3.9484525801607115, 3.9484525801607115, 4.916666666666667, 5.0173310744967905, 5.107864306907318, 5.107864306907318, 6.083333333333334, 7.163274390947201, 6.269968101992227, 6.269968101992227, 6.544218379236041, 7.25, 9.531297021308772, 10.539111367563889], [2.462214450449026, 2.3048861143232218, 2.25, 2.3048861143232218, 1.8027756377319946, 1.5811388300841898, 1.5, 1.5811388300841898, 3.1346766569430873, 1.8027756377319946, 1.25, 0.9013878188659973, 0.75, 0.9013878188659973, 1.0, 0.5, 0.0, 0.5, 1.25, 0.9013878188659973, 0.75, 0.9013878188659973, 1.8027756377319946, 1.5811388300841898, 1.5, 1.5811388300841898, 3.0626520399531234, 2.462214450449026, 2.3048861143232218, 2.25, 2.3048861143232218, 4.8541219597369, 2.9261749776799064, 2.75, 3.783186487605389, 3.783186487605389, 4.042310945211635, 3.916666666666667, 4.942025001060912, 4.942025001060912, 5.180760347456518, 5.083333333333334, 6.103846692409996, 7.420411039827915, 6.329494450586082, 6.25, 6.492892865991794, 7.267220926874317, 9.583133850478866, 10.649695828405536], [2.704163456597992, 2.462214450449026, 2.3048861143232218, 2.25, 2.1213203435596424, 1.8027756377319946, 1.5811388300841898, 1.5, 2.7024572607958093, 2.23606797749979, 1.6770509831248424, 1.25, 0.9013878188659973, 0.75, 1.5, 1.0, 0.5, 0.0, 1.6770509831248424, 1.25, 0.9013878188659973, 0.75, 2.1213203435596424, 1.8027756377319946, 1.5811388300841898, 1.5, 2.668001973117626, 2.704163456597992, 2.462214450449026, 2.3048861143232218, 2.25, 5.273755777432247, 3.132491021535417, 2.7950849718747373, 3.881043674065006, 3.75, 4.1940765107205396, 3.9484525801607115, 5.0173310744967905, 4.916666666666667, 5.300026205385949, 5.107864306907318, 6.16497724606056, 7.7014609003746815, 6.427480066091221, 6.269968101992227, 6.479855040304796, 7.318640584152224, 9.660604840483767, 10.782354754746391], [3.0, 3.0413812651491097, 3.1622776601683795, 3.3541019662496847, 2.25, 2.3048861143232218, 2.462214450449026, 2.704163456597992, 4.373484368980537, 1.8200274723201295, 1.5, 1.5811388300841898, 1.8027756377319946, 2.1213203435596424, 0.75, 0.9013878188659973, 1.25, 1.6770509831248424, 0.0, 0.5, 1.0, 1.5, 0.75, 0.9013878188659973, 1.25, 1.6770509831248424, 3.651932194862671, 1.5, 1.5811388300841898, 1.8027756377319946, 2.1213203435596424, 3.605551275463989, 2.0, 2.23606797749979, 3.0413812651491097, 3.3541019662496847, 3.166666666666667, 3.3208098075285464, 4.196559437338058, 4.428443418528808, 4.333333333333334, 4.447221354708779, 5.356719559996066, 6.264982043070834, 5.5, 5.5901699437494745, 5.902491416861595, 6.519202405202649, 8.755775112714861, 9.710740094046345], [3.0413812651491097, 3.0, 3.0413812651491097, 3.1622776601683795, 2.3048861143232218, 2.25, 2.3048861143232218, 2.462214450449026, 3.95024594532558, 2.0155644370746373, 1.5811388300841898, 1.5, 1.5811388300841898, 1.8027756377319946, 0.9013878188659973, 0.75, 0.9013878188659973, 1.25, 0.5, 0.0, 0.5, 1.0, 0.9013878188659973, 0.75, 0.9013878188659973, 1.25, 3.174114958000892, 1.5811388300841898, 1.5, 1.5811388300841898, 1.8027756377319946, 4.031128874149275, 2.0615528128088303, 2.0615528128088303, 3.0, 3.1622776601683795, 3.205897343611891, 3.205897343611891, 4.166666666666667, 4.28498671072748, 4.362084109434134, 4.362084109434134, 5.333333333333334, 6.519202405202649, 5.522680508593631, 5.522680508593631, 5.802608766773885, 6.5, 8.783759406553745, 9.805183628763059], [3.1622776601683795, 3.0413812651491097, 3.0, 3.0413812651491097, 2.462214450449026, 2.3048861143232218, 2.25, 2.3048861143232218, 3.5470439145019457, 2.3048861143232218, 1.8027756377319946, 1.5811388300841898, 1.5, 1.5811388300841898, 1.25, 0.9013878188659973, 0.75, 0.9013878188659973, 1.0, 0.5, 0.0, 0.5, 1.25, 0.9013878188659973, 0.75, 0.9013878188659973, 2.7043303750347367, 1.8027756377319946, 1.5811388300841898, 1.5, 1.5811388300841898, 4.47213595499958, 2.23606797749979, 2.0, 3.0413812651491097, 3.0413812651491097, 3.3208098075285464, 3.166666666666667, 4.196559437338058, 4.196559437338058, 4.447221354708779, 4.333333333333334, 5.356719559996066, 6.800735254367722, 5.5901699437494745, 5.5, 5.744661180118239, 6.519202405202649, 8.83998081445915, 9.923949758710338], [3.3541019662496847, 3.1622776601683795, 3.0413812651491097, 3.0, 2.704163456597992, 2.462214450449026, 2.3048861143232218, 2.25, 3.1715292895146634, 2.6575364531836625, 2.1213203435596424, 1.8027756377319946, 1.5811388300841898, 1.5, 1.6770509831248424, 1.25, 0.9013878188659973, 0.75, 1.5, 1.0, 0.5, 0.0, 1.6770509831248424, 1.25, 0.9013878188659973, 0.75, 2.247620917340386, 2.1213203435596424, 1.8027756377319946, 1.5811388300841898, 1.5, 4.924428900898052, 2.5, 2.0615528128088303, 3.1622776601683795, 3.0, 3.5039660069381067, 3.205897343611891, 4.28498671072748, 4.166666666666667, 4.585605497399202, 4.362084109434134, 5.426273532033236, 7.106335201775948, 5.70087712549569, 5.522680508593631, 5.729921085710851, 6.576473218982953, 8.923905663317509, 10.066177607863414], [3.75, 3.783186487605389, 3.881043674065006, 4.038873605350878, 3.0, 3.0413812651491097, 3.1622776601683795, 3.3541019662496847, 4.796633018434752, 2.5495097567963922, 2.25, 2.3048861143232218, 2.462214450449026, 2.704163456597992, 1.5, 1.5811388300841898, 1.8027756377319946, 2.1213203435596424, 0.75, 0.9013878188659973, 1.25, 1.6770509831248424, 0.0, 0.5, 1.0, 1.5, 3.5206780618768563, 0.75, 0.9013878188659973, 1.25, 1.6770509831248424, 3.25, 1.25, 1.6007810593582121, 2.3048861143232218, 2.704163456597992, 2.416666666666667, 2.615392471079203, 3.4530582258501106, 3.7314355295396853, 3.583333333333334, 3.7202523809249533, 4.610525397874352, 5.618051263561058, 4.75, 4.8541219597369, 5.177632589440386, 5.771698190307598, 8.00608544972191, 8.971746248638999], [3.783186487605389, 3.75, 3.783186487605389, 3.881043674065006, 3.0413812651491097, 3.0, 3.0413812651491097, 3.1622776601683795, 4.41415516451139, 2.692582403567252, 2.3048861143232218, 2.25, 2.3048861143232218, 2.462214450449026, 1.5811388300841898, 1.5, 1.5811388300841898, 1.8027756377319946, 0.9013878188659973, 0.75, 0.9013878188659973, 1.25, 0.5, 0.0, 0.5, 1.0, 3.022179846751595, 0.9013878188659973, 0.75, 0.9013878188659973, 1.25, 3.7165171868296265, 1.346291201783626, 1.346291201783626, 2.25, 2.462214450449026, 2.4678488158268084, 2.4678488158268084, 3.416666666666667, 3.5600015605489714, 3.6180488910154023, 3.6180488910154023, 4.583333333333334, 5.900211860602973, 4.7762432936357, 4.7762432936357, 5.0634714184392795, 5.75, 8.036680640415753, 9.073884701141614], [3.881043674065006, 3.783186487605389, 3.75, 3.783186487605389, 3.1622776601683795, 3.0413812651491097, 3.0, 3.0413812651491097, 4.0573197210999625, 2.9154759474226504, 2.462214450449026, 2.3048861143232218, 2.25, 2.3048861143232218, 1.8027756377319946, 1.5811388300841898, 1.5, 1.5811388300841898, 1.25, 0.9013878188659973, 0.75, 0.9013878188659973, 1.0, 0.5, 0.0, 0.5, 2.524275745009252, 1.25, 0.9013878188659973, 0.75, 0.9013878188659973, 4.190763653560053, 1.6007810593582121, 1.25, 2.3048861143232218, 2.3048861143232218, 2.615392471079203, 2.416666666666667, 3.4530582258501106, 3.4530582258501106, 3.7202523809249533, 3.583333333333334, 4.610525397874352, 6.209871174187111, 4.8541219597369, 4.75, 4.99695971361265, 5.771698190307598, 8.098090343026424, 9.202094130645246], [4.038873605350878, 3.881043674065006, 3.783186487605389, 3.75, 3.3541019662496847, 3.1622776601683795, 3.0413812651491097, 3.0, 3.7334864164840322, 3.2015621187164243, 2.704163456597992, 2.462214450449026, 2.3048861143232218, 2.25, 2.1213203435596424, 1.8027756377319946, 1.5811388300841898, 1.5, 1.6770509831248424, 1.25, 0.9013878188659973, 0.75, 1.5, 1.0, 0.5, 0.0, 2.0274035236164827, 1.6770509831248424, 1.25, 0.9013878188659973, 0.75, 4.670385423067351, 1.9525624189766635, 1.346291201783626, 2.462214450449026, 2.25, 2.8443413609793353, 2.4678488158268084, 3.5600015605489714, 3.416666666666667, 3.884620673602222, 3.6180488910154023, 4.691155981679191, 6.5431261641512, 4.981214711292819, 4.7762432936357, 4.980007023447272, 5.836308764964376, 8.189621400992984, 9.355302732081926], [5.324692265084295, 5.009066253163261, 4.725372127072062, 4.479680652684973, 4.786534547807527, 4.432754221484147, 4.109465536881413, 3.8244089751942796, 3.225109362732505, 4.865171405643946, 4.312131518966171, 3.915721548781529, 3.545598998522328, 3.2108673702059156, 3.9246711322565604, 3.4844569888432417, 3.0626520399531234, 2.668001973117626, 3.651932194862671, 3.174114958000892, 2.7043303750347367, 2.247620917340386, 3.5206780618768563, 3.022179846751595, 2.524275745009252, 2.0274035236164827, 0.0, 3.546651840100388, 3.0523984480434376, 2.560377569099625, 2.072180085581131, 6.587543855654804, 3.650495324549597, 2.702389708391353, 3.613760756418578, 2.8347946708874714, 4.124856343143184, 3.31530298359435, 4.368171685611087, 3.749362331975324, 4.8399365502866765, 4.171544058530597, 5.274922100613436, 7.913745758354404, 5.7059402373540005, 5.151169577262669, 5.1691747228313725, 6.268245742018092, 8.61050362673044, 9.980758676171268], [4.5, 4.527692569068709, 4.6097722286464435, 4.743416490252569, 3.75, 3.783186487605389, 3.881043674065006, 4.038873605350878, 5.292731912855579, 3.2882366094914763, 3.0, 3.0413812651491097, 3.1622776601683795, 3.3541019662496847, 2.25, 2.3048861143232218, 2.462214450449026, 2.704163456597992, 1.5, 1.5811388300841898, 1.8027756377319946, 2.1213203435596424, 0.75, 0.9013878188659973, 1.25, 1.6770509831248424, 3.546651840100388, 0.0, 0.5, 1.0, 1.5, 3.0413812651491097, 0.5, 1.118033988749895, 1.5811388300841898, 2.1213203435596424, 1.666666666666667, 1.9436506316151003, 2.713136766016618, 3.05959329178097, 2.833333333333334, 3.004626062886658, 3.865804501581068, 5.0, 4.0, 4.123105625617661, 4.4610933117729665, 5.024937810560445, 7.2564599242372205, 8.23474276014841], [4.527692569068709, 4.5, 4.527692569068709, 4.6097722286464435, 3.783186487605389, 3.75, 3.783186487605389, 3.881043674065006, 4.948746164858728, 3.400367627183861, 3.0413812651491097, 3.0, 3.0413812651491097, 3.1622776601683795, 2.3048861143232218, 2.25, 2.3048861143232218, 2.462214450449026, 1.5811388300841898, 1.5, 1.5811388300841898, 1.8027756377319946, 0.9013878188659973, 0.75, 0.9013878188659973, 1.25, 3.0523984480434376, 0.5, 0.0, 0.5, 1.0, 3.5355339059327378, 0.7071067811865476, 0.7071067811865476, 1.5, 1.8027756377319946, 1.7400510848184252, 1.7400510848184252, 2.666666666666667, 2.8480012484391772, 2.877112750272012, 2.877112750272012, 3.833333333333334, 5.315072906367325, 4.031128874149275, 4.031128874149275, 4.32807314060909, 5.0, 7.290201788691813, 8.345905651603097], [4.6097722286464435, 4.527692569068709, 4.5, 4.527692569068709, 3.881043674065006, 3.783186487605389, 3.75, 3.783186487605389, 4.633267325230444, 3.5794552658190883, 3.1622776601683795, 3.0413812651491097, 3.0, 3.0413812651491097, 2.462214450449026, 2.3048861143232218, 2.25, 2.3048861143232218, 1.8027756377319946, 1.5811388300841898, 1.5, 1.5811388300841898, 1.25, 0.9013878188659973, 0.75, 0.9013878188659973, 2.560377569099625, 1.0, 0.5, 0.0, 0.5, 4.031128874149275, 1.118033988749895, 0.5, 1.5811388300841898, 1.5811388300841898, 1.9436506316151003, 1.666666666666667, 2.713136766016618, 2.713136766016618, 3.004626062886658, 2.833333333333334, 3.865804501581068, 5.656854249492381, 4.123105625617661, 4.0, 4.250068315283669, 5.024937810560445, 7.357844358752756, 8.485121918104912], [4.743416490252569, 4.6097722286464435, 4.527692569068709, 4.5, 4.038873605350878, 3.881043674065006, 3.783186487605389, 3.75, 4.352498547948314, 3.816084380618437, 3.3541019662496847, 3.1622776601683795, 3.0413812651491097, 3.0, 2.704163456597992, 2.462214450449026, 2.3048861143232218, 2.25, 2.1213203435596424, 1.8027756377319946, 1.5811388300841898, 1.5, 1.6770509831248424, 1.25, 0.9013878188659973, 0.75, 2.072180085581131, 1.5, 1.0, 0.5, 0.0, 4.527692569068709, 1.5811388300841898, 0.7071067811865476, 1.8027756377319946, 1.5, 2.242270674512285, 1.7400510848184252, 2.8480012484391772, 2.666666666666667, 3.205897343611891, 2.877112750272012, 3.9616214413349047, 6.020797289396148, 4.272001872658765, 4.031128874149275, 4.230123433032954, 5.0990195135927845, 7.458465331112978, 8.651037324202703], [5.830951894845301, 6.103277807866851, 6.4031242374328485, 6.726812023536855, 5.202163011671203, 5.50567888638631, 5.836308764964376, 6.189709201569974, 7.975739962087711, 4.5069390943299865, 4.6097722286464435, 4.949747468305833, 5.315072906367325, 5.70087712549569, 4.0697051490249265, 4.451123453691214, 4.8541219597369, 5.273755777432247, 3.605551275463989, 4.031128874149275, 4.47213595499958, 4.924428900898052, 3.25, 3.7165171868296265, 4.190763653560053, 4.670385423067351, 6.587543855654804, 3.0413812651491097, 3.5355339059327378, 4.031128874149275, 4.527692569068709, 0.0, 3.0, 4.0, 3.640054944640259, 4.6097722286464435, 3.218867985971328, 4.166666666666667, 4.116363011742823, 4.994441354590566, 3.80058475033046, 4.630814663149935, 4.833333333333334, 3.5, 4.6097722286464435, 5.315072906367325, 5.7824580956880025, 5.70087712549569, 7.294433446669823, 7.708625674648666], [5.0, 5.024937810560445, 5.0990195135927845, 5.220153254455275, 4.25, 4.2793106921559225, 4.366062299143245, 4.5069390943299865, 5.654634644246034, 3.783186487605389, 3.5, 3.5355339059327378, 3.640054944640259, 3.8078865529319543, 2.75, 2.7950849718747373, 2.9261749776799064, 3.132491021535417, 2.0, 2.0615528128088303, 2.23606797749979, 2.5, 1.25, 1.346291201783626, 1.6007810593582121, 1.9525624189766635, 3.650495324549597, 0.5, 0.7071067811865476, 1.118033988749895, 1.5811388300841898, 3.0, 0.0, 1.0, 1.118033988749895, 1.8027756377319946, 1.166666666666667, 1.5365907428821481, 2.2236106773543893, 2.63523138347365, 2.333333333333334, 2.53859103528797, 3.3706247360261146, 4.6097722286464435, 3.5, 3.640054944640259, 3.990238473210057, 4.527692569068709, 6.756755747738863, 7.744793522729692], [5.0990195135927845, 5.024937810560445, 5.0, 5.024937810560445, 4.366062299143245, 4.2793106921559225, 4.25, 4.2793106921559225, 5.042722277262121, 4.038873605350878, 3.640054944640259, 3.5355339059327378, 3.5, 3.5355339059327378, 2.9261749776799064, 2.7950849718747373, 2.75, 2.7950849718747373, 2.23606797749979, 2.0615528128088303, 2.0, 2.0615528128088303, 1.6007810593582121, 1.346291201783626, 1.25, 1.346291201783626, 2.702389708391353, 1.118033988749895, 0.7071067811865476, 0.5, 0.7071067811865476, 4.0, 1.0, 0.0, 1.118033988749895, 1.118033988749895, 1.5365907428821481, 1.166666666666667, 2.2236106773543893, 2.2236106773543893, 2.53859103528797, 2.333333333333334, 3.3706247360261146, 5.315072906367325, 3.640054944640259, 3.5, 3.7528296286027154, 4.527692569068709, 6.865523374817908, 8.01050137937717], [6.020797289396148, 6.0, 6.020797289396148, 6.082762530298219, 5.273755777432247, 5.25, 5.273755777432247, 5.344389581607987, 6.154326460291716, 4.8541219597369, 4.527692569068709, 4.5, 4.527692569068709, 4.6097722286464435, 3.783186487605389, 3.75, 3.783186487605389, 3.881043674065006, 3.0413812651491097, 3.0, 3.0413812651491097, 3.1622776601683795, 2.3048861143232218, 2.25, 2.3048861143232218, 2.462214450449026, 3.613760756418578, 1.5811388300841898, 1.5, 1.5811388300841898, 1.8027756377319946, 3.640054944640259, 1.118033988749895, 1.118033988749895, 0.0, 1.0, 0.52704627669473, 0.52704627669473, 1.166666666666667, 1.5365907428821481, 1.424000624219589, 1.424000624219589, 2.333333333333334, 4.301162633521313, 2.5495097567963922, 2.5495097567963922, 2.8799593262201677, 3.5, 5.7999702522917485, 6.904104308102387], [6.18465843842649, 6.082762530298219, 6.020797289396148, 6.0, 5.460082416960389, 5.344389581607987, 5.273755777432247, 5.25, 5.68593784573266, 5.153882032022076, 4.743416490252569, 4.6097722286464435, 4.527692569068709, 4.5, 4.038873605350878, 3.881043674065006, 3.783186487605389, 3.75, 3.3541019662496847, 3.1622776601683795, 3.0413812651491097, 3.0, 2.704163456597992, 2.462214450449026, 2.3048861143232218, 2.25, 2.8347946708874714, 2.1213203435596424, 1.8027756377319946, 1.5811388300841898, 1.5, 4.6097722286464435, 1.8027756377319946, 1.118033988749895, 1.0, 0.0, 1.509230856356236, 0.52704627669473, 1.5365907428821481, 1.166666666666667, 2.006932429798716, 1.424000624219589, 2.53859103528797, 5.1478150704935, 2.9154759474226504, 2.5495097567963922, 2.730548089471268, 3.640054944640259, 6.010101322194005, 7.27000425972679], [6.166666666666667, 6.1869037310901955, 6.24722160466377, 6.346477588219924, 5.416666666666667, 5.43969464012253, 5.508200956553581, 5.6205229096390825, 6.569910837114127, 4.942025001060912, 4.666666666666667, 4.693375946776242, 4.772607021092118, 4.901813723284248, 3.916666666666667, 3.9484525801607115, 4.042310945211635, 4.1940765107205396, 3.166666666666667, 3.205897343611891, 3.3208098075285464, 3.5039660069381067, 2.416666666666667, 2.4678488158268084, 2.615392471079203, 2.8443413609793353, 4.124856343143184, 1.666666666666667, 1.7400510848184252, 1.9436506316151003, 2.242270674512285, 3.218867985971328, 1.166666666666667, 1.5365907428821481, 0.52704627669473, 1.509230856356236, 0.0, 1.0, 1.118033988749895, 1.8027756377319946, 1.166666666666667, 1.5365907428821481, 2.2236106773543893, 3.8005847503304597, 2.333333333333333, 2.5385910352879693, 2.92938499289368, 3.3706247360261137, 5.590985043053054, 6.607437278041936], [6.24722160466377, 6.1869037310901955, 6.166666666666667, 6.1869037310901955, 5.508200956553581, 5.43969464012253, 5.416666666666667, 5.43969464012253, 6.051271222918193, 5.140390171097046, 4.772607021092118, 4.693375946776242, 4.666666666666667, 4.693375946776242, 4.042310945211635, 3.9484525801607115, 3.916666666666667, 3.9484525801607115, 3.3208098075285464, 3.205897343611891, 3.166666666666667, 3.205897343611891, 2.615392471079203, 2.4678488158268084, 2.416666666666667, 2.4678488158268084, 3.31530298359435, 1.9436506316151003, 1.7400510848184252, 1.666666666666667, 1.7400510848184252, 4.166666666666667, 1.5365907428821481, 1.166666666666667, 0.52704627669473, 0.52704627669473, 1.0, 0.0, 1.118033988749895, 1.118033988749895, 1.5365907428821481, 1.166666666666667, 2.2236106773543893, 4.630814663149935, 2.5385910352879693, 2.333333333333333, 2.5967332525354574, 3.3706247360261137, 5.721955673300159, 6.916974267882305], [7.184087354084102, 7.166666666666667, 7.184087354084102, 7.236097782030804, 6.43611770488321, 6.416666666666667, 6.43611770488321, 6.494121273206338, 7.1692330803860935, 6.000578675798231, 5.688682721958671, 5.666666666666667, 5.688682721958671, 5.754225500544023, 4.942025001060912, 4.916666666666667, 4.942025001060912, 5.0173310744967905, 4.196559437338058, 4.166666666666667, 4.196559437338058, 4.28498671072748, 3.4530582258501106, 3.416666666666667, 3.4530582258501106, 3.5600015605489714, 4.368171685611087, 2.713136766016618, 2.666666666666667, 2.713136766016618, 2.8480012484391772, 4.116363011742823, 2.2236106773543893, 2.2236106773543893, 1.166666666666667, 1.5365907428821481, 1.118033988749895, 1.118033988749895, 0.0, 1.0, 0.52704627669473, 0.52704627669473, 1.166666666666667, 3.745367509040705, 1.4240006242195882, 1.4240006242195882, 1.812951300372085, 2.333333333333333, 4.64525066899983, 5.803136247240255], [7.321960878829599, 7.236097782030804, 7.184087354084102, 7.166666666666667, 6.5896594078230715, 6.494121273206338, 6.43611770488321, 6.416666666666667, 6.771414768465338, 6.2455539741839114, 5.861835131689658, 5.754225500544023, 5.688682721958671, 5.666666666666667, 5.140390171097046, 5.0173310744967905, 4.942025001060912, 4.916666666666667, 4.428443418528808, 4.28498671072748, 4.196559437338058, 4.166666666666667, 3.7314355295396853, 3.5600015605489714, 3.4530582258501106, 3.416666666666667, 3.749362331975324, 3.05959329178097, 2.8480012484391772, 2.713136766016618, 2.666666666666667, 4.994441354590566, 2.63523138347365, 2.2236106773543893, 1.5365907428821481, 1.166666666666667, 1.8027756377319946, 1.118033988749895, 1.0, 0.0, 1.509230856356236, 0.52704627669473, 1.5365907428821481, 4.693375946776241, 2.0069324297987157, 1.4240006242195882, 1.5647746054155862, 2.5385910352879693, 4.905101095126612, 6.233995183132679], [7.333333333333334, 7.350359023733316, 7.40120110372484, 7.485170524295207, 6.583333333333334, 6.6022933725924196, 6.658849583657659, 6.75205729965155, 7.554785640742829, 6.103846692409996, 5.833333333333334, 5.854722690083433, 5.9184269681882355, 6.023103666530885, 5.083333333333334, 5.107864306907318, 5.180760347456518, 5.300026205385949, 4.333333333333334, 4.362084109434134, 4.447221354708779, 4.585605497399202, 3.583333333333334, 3.6180488910154023, 3.7202523809249533, 3.884620673602222, 4.8399365502866765, 2.833333333333334, 2.877112750272012, 3.004626062886658, 3.205897343611891, 3.80058475033046, 2.333333333333334, 2.53859103528797, 1.424000624219589, 2.006932429798716, 1.166666666666667, 1.5365907428821481, 0.52704627669473, 1.509230856356236, 0.0, 1.0, 1.118033988749895, 3.2188679859713276, 1.166666666666666, 1.5365907428821475, 1.9906812960185034, 2.2236106773543884, 4.425686555881019, 5.48241281545114], [7.40120110372484, 7.350359023733316, 7.333333333333334, 7.350359023733316, 6.658849583657659, 6.6022933725924196, 6.583333333333334, 6.6022933725924196, 7.108371197627642, 6.2655362455614645, 5.9184269681882355, 5.854722690083433, 5.833333333333334, 5.854722690083433, 5.180760347456518, 5.107864306907318, 5.083333333333334, 5.107864306907318, 4.447221354708779, 4.362084109434134, 4.333333333333334, 4.362084109434134, 3.7202523809249533, 3.6180488910154023, 3.583333333333334, 3.6180488910154023, 4.171544058530597, 3.004626062886658, 2.877112750272012, 2.833333333333334, 2.877112750272012, 4.630814663149935, 2.53859103528797, 2.333333333333334, 1.424000624219589, 1.424000624219589, 1.5365907428821481, 1.166666666666667, 0.52704627669473, 0.52704627669473, 1.0, 0.0, 1.118033988749895, 4.166666666666667, 1.5365907428821475, 1.166666666666666, 1.4575799019438276, 2.2236106773543884, 4.590028808893787, 5.851765196785549], [8.348319857578797, 8.333333333333334, 8.348319857578797, 8.393118874676116, 7.599798973949538, 7.583333333333334, 7.599798973949538, 7.648983229452425, 8.22449353846059, 7.15357331066867, 6.851601597031489, 6.833333333333334, 6.851601597031489, 6.906116451700221, 6.103846692409996, 6.083333333333334, 6.103846692409996, 6.16497724606056, 5.356719559996066, 5.333333333333334, 5.356719559996066, 5.426273532033236, 4.610525397874352, 4.583333333333334, 4.610525397874352, 4.691155981679191, 5.274922100613436, 3.865804501581068, 3.833333333333334, 3.865804501581068, 3.9616214413349047, 4.833333333333334, 3.3706247360261146, 3.3706247360261146, 2.333333333333334, 2.53859103528797, 2.2236106773543893, 2.2236106773543893, 1.166666666666667, 1.5365907428821481, 1.118033988749895, 1.118033988749895, 0.0, 3.5039660069381062, 0.5270462766947297, 0.5270462766947297, 1.000820331818539, 1.166666666666666, 3.4984675002691863, 4.733745507854399], [9.013878188659973, 9.192388155425117, 9.394147114027968, 9.617692030835672, 8.31038506929733, 8.503675675847475, 8.721381771256205, 8.96172416446746, 10.263800512123959, 7.668930825088983, 7.615773105863909, 7.826237921249264, 8.06225774829855, 8.32165848854662, 6.932712311931024, 7.163274390947201, 7.420411039827915, 7.7014609003746815, 6.264982043070834, 6.519202405202649, 6.800735254367722, 7.106335201775948, 5.618051263561058, 5.900211860602973, 6.209871174187111, 6.5431261641512, 7.913745758354404, 5.0, 5.315072906367325, 5.656854249492381, 6.020797289396148, 3.5, 4.6097722286464435, 5.315072906367325, 4.301162633521313, 5.1478150704935, 3.8005847503304597, 4.630814663149935, 3.745367509040705, 4.693375946776241, 3.2188679859713276, 4.166666666666667, 3.5039660069381062, 0.0, 3.0, 4.0, 4.425083997572173, 3.640054944640259, 4.265152110497877, 4.314948259150577], [8.5, 8.514693182963201, 8.558621384311845, 8.631338250816034, 7.75, 7.766112283504533, 7.814249804043892, 7.893826701923472, 8.58534017786952, 7.267220926874317, 7.0, 7.0178344238090995, 7.0710678118654755, 7.158910531638177, 6.25, 6.269968101992227, 6.329494450586082, 6.427480066091221, 5.5, 5.522680508593631, 5.5901699437494745, 5.70087712549569, 4.75, 4.7762432936357, 4.8541219597369, 4.981214711292819, 5.7059402373540005, 4.0, 4.031128874149275, 4.123105625617661, 4.272001872658765, 4.6097722286464435, 3.5, 3.640054944640259, 2.5495097567963922, 2.9154759474226504, 2.333333333333333, 2.5385910352879693, 1.4240006242195882, 2.0069324297987157, 1.166666666666666, 1.5365907428821475, 0.5270462766947297, 3.0, 0.0, 1.0, 1.4375499400950684, 1.118033988749895, 3.2613665007771298, 4.3792345674797755], [8.558621384311845, 8.514693182963201, 8.5, 8.514693182963201, 7.814249804043892, 7.766112283504533, 7.75, 7.766112283504533, 8.195256004264227, 7.403546447480424, 7.0710678118654755, 7.0178344238090995, 7.0, 7.0178344238090995, 6.329494450586082, 6.269968101992227, 6.25, 6.269968101992227, 5.5901699437494745, 5.522680508593631, 5.5, 5.522680508593631, 4.8541219597369, 4.7762432936357, 4.75, 4.7762432936357, 5.151169577262669, 4.123105625617661, 4.031128874149275, 4.0, 4.031128874149275, 5.315072906367325, 3.640054944640259, 3.5, 2.5495097567963922, 2.5495097567963922, 2.5385910352879693, 2.333333333333333, 1.4240006242195882, 1.4240006242195882, 1.5365907428821475, 1.166666666666666, 0.5270462766947297, 4.0, 1.0, 0.0, 0.47778340123952023, 1.118033988749895, 3.4811168362984, 4.83363228186604], [8.84395317183913, 8.77760623859374, 8.739407008139402, 8.72972499154655, 8.10456550413369, 8.032113394674536, 7.990351003493304, 7.979760192708975, 8.282721754244387, 7.721642828661376, 7.367323551731939, 7.287545532620737, 7.241490417319959, 7.229802697048733, 6.632942832635787, 6.544218379236041, 6.492892865991794, 6.479855040304796, 5.902491416861595, 5.802608766773885, 5.744661180118239, 5.729921085710851, 5.177632589440386, 5.0634714184392795, 4.99695971361265, 4.980007023447272, 5.1691747228313725, 4.4610933117729665, 4.32807314060909, 4.250068315283669, 4.230123433032954, 5.7824580956880025, 3.990238473210057, 3.7528296286027154, 2.8799593262201677, 2.730548089471268, 2.92938499289368, 2.5967332525354574, 1.812951300372085, 1.5647746054155862, 1.9906812960185034, 1.4575799019438276, 1.000820331818539, 4.425083997572173, 1.4375499400950684, 0.47778340123952023, 0.0, 1.1994634124741483, 3.448869269935248, 4.888244307648755], [9.513148795220223, 9.5, 9.513148795220223, 9.5524865872714, 8.764274071479052, 8.75, 8.764274071479052, 8.806957476904268, 9.306390663929811, 8.31038506929733, 8.0156097709407, 8.0, 8.0156097709407, 8.06225774829855, 7.267220926874317, 7.25, 7.267220926874317, 7.318640584152224, 6.519202405202649, 6.5, 6.519202405202649, 6.576473218982953, 5.771698190307598, 5.75, 5.771698190307598, 5.836308764964376, 6.268245742018092, 5.024937810560445, 5.0, 5.024937810560445, 5.0990195135927845, 5.70087712549569, 4.527692569068709, 4.527692569068709, 3.5, 3.640054944640259, 3.3706247360261137, 3.3706247360261137, 2.333333333333333, 2.5385910352879693, 2.2236106773543884, 2.2236106773543884, 1.166666666666666, 3.640054944640259, 1.118033988749895, 1.118033988749895, 1.1994634124741483, 0.0, 2.3711638798822667, 3.7232411934297143], [11.754929698181488, 11.775788877904256, 11.817784698697047, 11.880693021559916, 11.005097846589146, 11.027375485616945, 11.072210329856004, 11.139330010209521, 11.67591820868247