totalHoles = 50;
zeroHoleID = 39;
C = [[0.0, 1.0, 0.4375, 1.0915155747858112, 0.875, 1.3287682265918312, 1.118033988749895, 1.8027756377319946, 1.3125, 1.6500473478055107, 1.5219744577357401, 2.0775962673243327, 1.75, 2.0155644370746373, 1.940521837032503, 2.401171589037318, 2.1875, 2.405235175611732, 2.9187083007828716, 2.3659366538434625, 2.756384633899993, 2.625, 2.809025631780529, 2.7950849718747373, 3.132491021535417, 3.0625, 3.221630992214968, 3.226477374785077, 3.522805167760488, 3.5, 3.640054944640259, 3.659320292076112, 3.923088706618804, 4.0, 4.123105625617661, 4.47213595499958, 5.101742621671322, 4.0931535825082355, 4.3305780503300015, 4.527692569068709, 4.743416490252569, 5.02687345896087, 5.024937810560445, 5.220153254455275, 5.852349955359813, 7.280109889280518, 12.05852613532176, 8.73212459828649, 12.210294405239308, 14.286553536422902], [1.0, 0.0, 1.0915155747858112, 0.4375, 1.3287682265918312, 0.875, 1.118033988749895, 1.118033988749895, 1.6500473478055107, 1.3125, 1.5219744577357401, 1.5219744577357401, 2.0155644370746373, 1.75, 1.940521837032503, 1.940521837032503, 2.405235175611732, 2.1875, 2.4392910506890733, 2.3659366538434625, 2.3659366538434625, 2.809025631780529, 2.625, 2.7950849718747373, 2.7950849718747373, 3.221630992214968, 3.0625, 3.226477374785077, 3.226477374785077, 3.640054944640259, 3.5, 3.659320292076112, 3.659320292076112, 4.123105625617661, 4.0, 4.123105625617661, 4.549114687985393, 4.0931535825082355, 4.0931535825082355, 4.527692569068709, 4.527692569068709, 4.773433151799262, 5.024937810560445, 5.024937810560445, 5.5901699437494745, 7.0710678118654755, 11.33785847592254, 8.558621384311845, 11.747330932073739, 13.97205230303106], [0.4375, 1.0915155747858112, 0.0, 1.0, 0.4375, 1.0915155747858112, 0.7525996611745185, 1.602000702247037, 0.875, 1.3287682265918312, 1.118033988749895, 1.8027756377319946, 1.3125, 1.6500473478055107, 1.5219744577357401, 2.0775962673243327, 1.75, 2.0155644370746373, 2.586356017957777, 1.940521837032503, 2.401171589037318, 2.1875, 2.405235175611732, 2.3659366538434625, 2.756384633899993, 2.625, 2.809025631780529, 2.7950849718747373, 3.132491021535417, 3.0625, 3.221630992214968, 3.226477374785077, 3.522805167760488, 3.5625, 3.700190028903921, 4.085511748851054, 4.76646452077195, 3.659320292076112, 3.923088706618804, 4.0931535825082355, 4.3305780503300015, 4.618967872450858, 4.5898154919342895, 4.802749863359532, 5.443244092450751, 6.8604960644256625, 11.769009270554584, 8.306858988209683, 11.832170667117936, 13.87690782090893], [1.0915155747858112, 0.4375, 1.0, 0.0, 1.0915155747858112, 0.4375, 0.7525996611745185, 0.7525996611745185, 1.3287682265918312, 0.875, 1.118033988749895, 1.118033988749895, 1.6500473478055107, 1.3125, 1.5219744577357401, 1.5219744577357401, 2.0155644370746373, 1.75, 2.0299064354150356, 1.940521837032503, 1.940521837032503, 2.405235175611732, 2.1875, 2.3659366538434625, 2.3659366538434625, 2.809025631780529, 2.625, 2.7950849718747373, 2.7950849718747373, 3.221630992214968, 3.0625, 3.226477374785077, 3.226477374785077, 3.700190028903921, 3.5625, 3.700190028903921, 4.1696343598023615, 3.659320292076112, 3.659320292076112, 4.0931535825082355, 4.0931535825082355, 4.341782063741134, 4.5898154919342895, 4.5898154919342895, 5.160320363117004, 6.638253252927309, 11.029440669145936, 8.124278814147136, 11.35379924346226, 13.552903905789385], [0.875, 1.3287682265918312, 0.4375, 1.0915155747858112, 0.0, 1.0, 0.5153882032022076, 1.505199322349037, 0.4375, 1.0915155747858112, 0.7525996611745185, 1.602000702247037, 0.875, 1.3287682265918312, 1.118033988749895, 1.8027756377319946, 1.3125, 1.6500473478055107, 2.2896351801529393, 1.5219744577357401, 2.0775962673243327, 1.75, 2.0155644370746373, 1.940521837032503, 2.401171589037318, 2.1875, 2.405235175611732, 2.3659366538434625, 2.756384633899993, 2.625, 2.809025631780529, 2.7950849718747373, 3.132491021535417, 3.125, 3.281101187101672, 3.7102055199139574, 4.448977722778322, 3.226477374785077, 3.522805167760488, 3.659320292076112, 3.923088706618804, 4.216999423886751, 4.155192534648665, 4.38926246651986, 5.038911092686593, 6.443261984429936, 11.488860620817086, 7.882932512713781, 11.458274234324898, 13.469014139532602], [1.3287682265918312, 0.875, 1.0915155747858112, 0.4375, 1.0, 0.0, 0.5153882032022076, 0.5153882032022076, 1.0915155747858112, 0.4375, 0.7525996611745185, 0.7525996611745185, 1.3287682265918312, 0.875, 1.118033988749895, 1.118033988749895, 1.6500473478055107, 1.3125, 1.635148905484436, 1.5219744577357401, 1.5219744577357401, 2.0155644370746373, 1.75, 1.940521837032503, 1.940521837032503, 2.405235175611732, 2.1875, 2.3659366538434625, 2.3659366538434625, 2.809025631780529, 2.625, 2.7950849718747373, 2.7950849718747373, 3.281101187101672, 3.125, 3.281101187101672, 3.8026397994609544, 3.226477374785077, 3.226477374785077, 3.659320292076112, 3.659320292076112, 3.911430866492748, 4.155192534648665, 4.155192534648665, 4.731873307686925, 6.206095793653205, 10.73000002928109, 7.690294207636012, 10.963600822450257, 13.134952436171472], [1.118033988749895, 1.118033988749895, 0.7525996611745185, 0.7525996611745185, 0.5153882032022076, 0.5153882032022076, 0.0, 1.0, 0.5896238207535377, 0.5896238207535377, 0.4375, 1.0915155747858112, 0.9013878188659973, 0.9013878188659973, 0.875, 1.3287682265918312, 1.288470508005519, 1.288470508005519, 1.8343961761567058, 1.3125, 1.6500473478055107, 1.7001838135919305, 1.7001838135919305, 1.75, 2.0155644370746373, 2.122240855793706, 2.122240855793706, 2.1875, 2.405235175611732, 2.5495097567963922, 2.5495097567963922, 2.625, 2.809025631780529, 3.0413812651491097, 3.0413812651491097, 3.3541019662496847, 4.013864859597432, 3.0625, 3.221630992214968, 3.5, 3.640054944640259, 3.9174872019866234, 4.0, 4.123105625617661, 4.743416490252569, 6.18465843842649, 11.02370648248318, 7.648529270389178, 11.094077113145719, 13.175888914505961], [1.8027756377319946, 1.118033988749895, 1.602000702247037, 0.7525996611745185, 1.505199322349037, 0.5153882032022076, 1.0, 0.0, 1.5322063340164078, 0.5896238207535377, 1.0915155747858112, 0.4375, 1.6770509831248424, 0.9013878188659973, 1.3287682265918312, 0.875, 1.9131534831267458, 1.288470508005519, 1.3402581900556736, 1.6500473478055107, 1.3125, 2.2114757516192665, 1.7001838135919305, 2.0155644370746373, 1.75, 2.5502757203878956, 2.122240855793706, 2.405235175611732, 2.1875, 2.9154759474226504, 2.5495097567963922, 2.809025631780529, 2.625, 3.3541019662496847, 3.0413812651491097, 3.0413812651491097, 3.4318767136623336, 3.221630992214968, 3.0625, 3.640054944640259, 3.5, 3.7232933352101067, 4.123105625617661, 4.0, 4.527692569068709, 6.020797289396148, 10.279157887480487, 7.516648189186454, 10.629536281393547, 12.873099172186892], [1.3125, 1.6500473478055107, 0.875, 1.3287682265918312, 0.4375, 1.0915155747858112, 0.5896238207535377, 1.5322063340164078, 0.0, 1.0, 0.5153882032022076, 1.505199322349037, 0.4375, 1.0915155747858112, 0.7525996611745185, 1.602000702247037, 0.875, 1.3287682265918312, 2.0441217098699274, 1.118033988749895, 1.8027756377319946, 1.3125, 1.6500473478055107, 1.5219744577357401, 2.0775962673243327, 1.75, 2.0155644370746373, 1.940521837032503, 2.401171589037318, 2.1875, 2.405235175611732, 2.3659366538434625, 2.756384633899993, 2.6875, 2.8675174367386154, 3.350023320814349, 4.153364181934661, 2.7950849718747373, 3.132491021535417, 3.226477374785077, 3.522805167760488, 3.8228414269217574, 3.721243911651049, 3.9809114848235447, 4.640598695211643, 6.0289017449283415, 11.21878202028738, 7.460573453160286, 11.08903271986252, 13.063036615268857], [1.6500473478055107, 1.3125, 1.3287682265918312, 0.875, 1.0915155747858112, 0.4375, 0.5896238207535377, 0.5896238207535377, 1.0, 0.0, 0.5153882032022076, 0.5153882032022076, 1.0915155747858112, 0.4375, 0.7525996611745185, 0.7525996611745185, 1.3287682265918312, 0.875, 1.2687459358258144, 1.118033988749895, 1.118033988749895, 1.6500473478055107, 1.3125, 1.5219744577357401, 1.5219744577357401, 2.0155644370746373, 1.75, 1.940521837032503, 1.940521837032503, 2.405235175611732, 2.1875, 2.3659366538434625, 2.3659366538434625, 2.8675174367386154, 2.6875, 2.8675174367386154, 3.4521153941379836, 2.7950849718747373, 2.7950849718747373, 3.226477374785077, 3.226477374785077, 3.482861446810682, 3.721243911651049, 3.721243911651049, 4.305247524823631, 5.774742959647641, 10.440309012789516, 7.2567317884844, 10.577104576736474, 12.718315895644855], [1.5219744577357401, 1.5219744577357401, 1.118033988749895, 1.118033988749895, 0.7525996611745185, 0.7525996611745185, 0.4375, 1.0915155747858112, 0.5153882032022076, 0.5153882032022076, 0.0, 1.0, 0.5896238207535377, 0.5896238207535377, 0.4375, 1.0915155747858112, 0.9013878188659973, 0.9013878188659973, 1.5525426363439803, 0.875, 1.3287682265918312, 1.288470508005519, 1.288470508005519, 1.3125, 1.6500473478055107, 1.7001838135919305, 1.7001838135919305, 1.75, 2.0155644370746373, 2.122240855793706, 2.122240855793706, 2.1875, 2.405235175611732, 2.6108248217756778, 2.6108248217756778, 2.969243380054926, 3.698312772212636, 2.625, 2.809025631780529, 3.0625, 3.221630992214968, 3.505297906320798, 3.5625, 3.700190028903921, 4.3305780503300015, 5.7611983345481175, 10.747028950649732, 7.220035058779147, 10.717393350325972, 12.764873967584904], [2.0775962673243327, 1.5219744577357401, 1.8027756377319946, 1.118033988749895, 1.602000702247037, 0.7525996611745185, 1.0915155747858112, 0.4375, 1.505199322349037, 0.5153882032022076, 1.0, 0.0, 1.5322063340164078, 0.5896238207535377, 1.0915155747858112, 0.4375, 1.6770509831248424, 0.9013878188659973, 0.9174264671235961, 1.3287682265918312, 0.875, 1.9131534831267458, 1.288470508005519, 1.6500473478055107, 1.3125, 2.2114757516192665, 1.7001838135919305, 2.0155644370746373, 1.75, 2.5502757203878956, 2.122240855793706, 2.405235175611732, 2.1875, 2.969243380054926, 2.6108248217756778, 2.6108248217756778, 3.056825809197799, 2.809025631780529, 2.625, 3.221630992214968, 3.0625, 3.286840533756998, 3.700190028903921, 3.5625, 4.0931535825082355, 5.584926700503776, 9.98186423119019, 7.0801769928441765, 10.235771333448666, 12.452093840711472], [1.75, 2.0155644370746373, 1.3125, 1.6500473478055107, 0.875, 1.3287682265918312, 0.9013878188659973, 1.6770509831248424, 0.4375, 1.0915155747858112, 0.5896238207535377, 1.5322063340164078, 0.0, 1.0, 0.5153882032022076, 1.505199322349037, 0.4375, 1.0915155747858112, 1.870093679827064, 0.7525996611745185, 1.602000702247037, 0.875, 1.3287682265918312, 1.118033988749895, 1.8027756377319946, 1.3125, 1.6500473478055107, 1.5219744577357401, 2.0775962673243327, 1.75, 2.0155644370746373, 1.940521837032503, 2.401171589037318, 2.25, 2.462214450449026, 3.010398644698074, 3.884620673602222, 2.3659366538434625, 2.756384633899993, 2.7950849718747373, 3.132491021535417, 3.439180354345664, 3.2882366094914763, 3.5794552658190883, 4.25, 5.618051263561058, 10.959517971739688, 7.0400639201643616, 10.724926917950038, 12.659159602152922], [2.0155644370746373, 1.75, 1.6500473478055107, 1.3125, 1.3287682265918312, 0.875, 0.9013878188659973, 0.9013878188659973, 1.0915155747858112, 0.4375, 0.5896238207535377, 0.5896238207535377, 1.0, 0.0, 0.5153882032022076, 0.5153882032022076, 1.0915155747858112, 0.4375, 0.9636042010297043, 0.7525996611745185, 0.7525996611745185, 1.3287682265918312, 0.875, 1.118033988749895, 1.118033988749895, 1.6500473478055107, 1.3125, 1.5219744577357401, 1.5219744577357401, 2.0155644370746373, 1.75, 1.940521837032503, 1.940521837032503, 2.462214450449026, 2.25, 2.462214450449026, 3.1236108023318856, 2.3659366538434625, 2.3659366538434625, 2.7950849718747373, 2.7950849718747373, 3.056823317106859, 3.2882366094914763, 3.2882366094914763, 3.881043674065006, 5.344389581607987, 10.161201525247682, 6.823672031978091, 10.194731578634496, 12.303127872307039], [1.940521837032503, 1.940521837032503, 1.5219744577357401, 1.5219744577357401, 1.118033988749895, 1.118033988749895, 0.875, 1.3287682265918312, 0.7525996611745185, 0.7525996611745185, 0.4375, 1.0915155747858112, 0.5153882032022076, 0.5153882032022076, 0.0, 1.0, 0.5896238207535377, 0.5896238207535377, 1.3559426404658457, 0.4375, 1.0915155747858112, 0.9013878188659973, 0.9013878188659973, 0.875, 1.3287682265918312, 1.288470508005519, 1.288470508005519, 1.3125, 1.6500473478055107, 1.7001838135919305, 1.7001838135919305, 1.75, 2.0155644370746373, 2.1830311495716224, 2.1830311495716224, 2.6010815058356016, 3.409800010427461, 2.1875, 2.405235175611732, 2.625, 2.809025631780529, 3.100053765079721, 3.125, 3.281101187101672, 3.923088706618804, 5.340002340823457, 10.481315300107392, 6.792689084596763, 10.34549689279346, 12.35567799148442], [2.401171589037318, 1.940521837032503, 2.0775962673243327, 1.5219744577357401, 1.8027756377319946, 1.118033988749895, 1.3287682265918312, 0.875, 1.602000702247037, 0.7525996611745185, 1.0915155747858112, 0.4375, 1.505199322349037, 0.5153882032022076, 1.0, 0.0, 1.5322063340164078, 0.5896238207535377, 0.5194835215350488, 1.0915155747858112, 0.4375, 1.6770509831248424, 0.9013878188659973, 1.3287682265918312, 0.875, 1.9131534831267458, 1.288470508005519, 1.6500473478055107, 1.3125, 2.2114757516192665, 1.7001838135919305, 2.0155644370746373, 1.75, 2.6010815058356016, 2.1830311495716224, 2.1830311495716224, 2.700630070516467, 2.405235175611732, 2.1875, 2.809025631780529, 2.625, 2.8507087940854237, 3.281101187101672, 3.125, 3.659320292076112, 5.149332481011495, 9.69520256023957, 6.643841132959156, 9.845699595449641, 12.032265465772031], [2.1875, 2.405235175611732, 1.75, 2.0155644370746373, 1.3125, 1.6500473478055107, 1.288470508005519, 1.9131534831267458, 0.875, 1.3287682265918312, 0.9013878188659973, 1.6770509831248424, 0.4375, 1.0915155747858112, 0.5896238207535377, 1.5322063340164078, 0.0, 1.0, 1.7885412150399838, 0.5153882032022076, 1.505199322349037, 0.4375, 1.0915155747858112, 0.7525996611745185, 1.602000702247037, 0.875, 1.3287682265918312, 1.118033988749895, 1.8027756377319946, 1.3125, 1.6500473478055107, 1.5219744577357401, 2.0775962673243327, 1.8125, 2.0700618952098995, 2.699102860211148, 3.648689357533439, 1.940521837032503, 2.401171589037318, 2.3659366538434625, 2.756384633899993, 3.069954225073258, 2.85659872050661, 3.1875, 3.8694516730410267, 5.211540679108242, 10.711853753064734, 6.621756281380341, 10.366497992502435, 12.257590732020148], [2.405235175611732, 2.1875, 2.0155644370746373, 1.75, 1.6500473478055107, 1.3125, 1.288470508005519, 1.288470508005519, 1.3287682265918312, 0.875, 0.9013878188659973, 0.9013878188659973, 1.0915155747858112, 0.4375, 0.5896238207535377, 0.5896238207535377, 1.0, 0.0, 0.7938276656867457, 0.5153882032022076, 0.5153882032022076, 1.0915155747858112, 0.4375, 0.7525996611745185, 0.7525996611745185, 1.3287682265918312, 0.875, 1.118033988749895, 1.118033988749895, 1.6500473478055107, 1.3125, 1.5219744577357401, 1.5219744577357401, 2.0700618952098995, 1.8125, 2.0700618952098995, 2.8248187011637484, 1.940521837032503, 1.940521837032503, 2.3659366538434625, 2.3659366538434625, 2.634544785410976, 2.85659872050661, 2.85659872050661, 3.460152633916602, 4.9152981852579405, 9.893573322660405, 6.39121711804567, 9.81696364430444, 11.889540115717848], [2.9187083007828716, 2.4392910506890733, 2.586356017957777, 2.0299064354150356, 2.2896351801529393, 1.635148905484436, 1.8343961761567058, 1.3402581900556736, 2.0441217098699274, 1.2687459358258144, 1.5525426363439803, 0.9174264671235961, 1.870093679827064, 0.9636042010297043, 1.3559426404658457, 0.5194835215350488, 1.7885412150399838, 0.7938276656867457, 0.0, 1.2843616121642156, 0.28437200233853643, 1.8119937870931773, 0.8453426343070841, 1.3577192483605127, 0.5241032744427395, 1.9366403360024926, 1.0871331454540485, 1.5556448386235877, 0.9226665426085279, 2.144910860059089, 1.425456166464752, 1.8383342107744667, 1.345643101054937, 2.457823736436552, 1.8633787066251182, 1.703955072534738, 2.183514857454933, 2.172953514705585, 1.7756716087115658, 2.5390537181475556, 2.2086367896401375, 2.406056858034117, 2.98111534587819, 2.705241466180682, 3.197534621328032, 4.69520951821811, 9.199239964514724, 6.194009782470518, 9.32891888411181, 11.535271701799966], [2.3659366538434625, 2.3659366538434625, 1.940521837032503, 1.940521837032503, 1.5219744577357401, 1.5219744577357401, 1.3125, 1.6500473478055107, 1.118033988749895, 1.118033988749895, 0.875, 1.3287682265918312, 0.7525996611745185, 0.7525996611745185, 0.4375, 1.0915155747858112, 0.5153882032022076, 0.5153882032022076, 1.2843616121642156, 0.0, 1.0, 0.5896238207535377, 0.5896238207535377, 0.4375, 1.0915155747858112, 0.9013878188659973, 0.9013878188659973, 0.875, 1.3287682265918312, 1.288470508005519, 1.288470508005519, 1.3125, 1.6500473478055107, 1.7600159800410904, 1.7600159800410904, 2.2577989835235552, 3.155751473280352, 1.75, 2.0155644370746373, 2.1875, 2.405235175611732, 2.7048781452614343, 2.6875, 2.8675174367386154, 3.522805167760488, 4.921651780652508, 10.22742010843532, 6.3667225673811165, 9.978922997597829, 11.948487868771437], [2.756384633899993, 2.3659366538434625, 2.401171589037318, 1.940521837032503, 2.0775962673243327, 1.5219744577357401, 1.6500473478055107, 1.3125, 1.8027756377319946, 1.118033988749895, 1.3287682265918312, 0.875, 1.602000702247037, 0.7525996611745185, 1.0915155747858112, 0.4375, 1.505199322349037, 0.5153882032022076, 0.28437200233853643, 1.0, 0.0, 1.5322063340164078, 0.5896238207535377, 1.0915155747858112, 0.4375, 1.6770509831248424, 0.9013878188659973, 1.3287682265918312, 0.875, 1.9131534831267458, 1.288470508005519, 1.6500473478055107, 1.3125, 2.2577989835235552, 1.7600159800410904, 1.7600159800410904, 2.3717997444509895, 2.0155644370746373, 1.75, 2.405235175611732, 2.1875, 2.415072061658607, 2.8675174367386154, 2.6875, 3.226477374785077, 4.714091243283269, 9.42014354127567, 6.2076691479169535, 9.459777944382466, 11.613741686456436], [2.625, 2.809025631780529, 2.1875, 2.405235175611732, 1.75, 2.0155644370746373, 1.7001838135919305, 2.2114757516192665, 1.3125, 1.6500473478055107, 1.288470508005519, 1.9131534831267458, 0.875, 1.3287682265918312, 0.9013878188659973, 1.6770509831248424, 0.4375, 1.0915155747858112, 1.8119937870931773, 0.5896238207535377, 1.5322063340164078, 0.0, 1.0, 0.5153882032022076, 1.505199322349037, 0.4375, 1.0915155747858112, 0.7525996611745185, 1.602000702247037, 0.875, 1.3287682265918312, 1.118033988749895, 1.8027756377319946, 1.375, 1.7001838135919305, 2.42706097986845, 3.4523039810795604, 1.5219744577357401, 2.0775962673243327, 1.940521837032503, 2.401171589037318, 2.721045548750174, 2.42706097986845, 2.809025631780529, 3.502231431530475, 4.810470351223464, 10.476612046898024, 6.206095793653205, 10.01435551404806, 11.858564490469826], [2.809025631780529, 2.625, 2.405235175611732, 2.1875, 2.0155644370746373, 1.75, 1.7001838135919305, 1.7001838135919305, 1.6500473478055107, 1.3125, 1.288470508005519, 1.288470508005519, 1.3287682265918312, 0.875, 0.9013878188659973, 0.9013878188659973, 1.0915155747858112, 0.4375, 0.8453426343070841, 0.5896238207535377, 0.5896238207535377, 1.0, 0.0, 0.5153882032022076, 0.5153882032022076, 1.0915155747858112, 0.4375, 0.7525996611745185, 0.7525996611745185, 1.3287682265918312, 0.875, 1.118033988749895, 1.118033988749895, 1.7001838135919305, 1.375, 1.7001838135919305, 2.566139015027137, 1.5219744577357401, 1.5219744577357401, 1.940521837032503, 1.940521837032503, 2.21817406004672, 2.42706097986845, 2.42706097986845, 3.0439489154714803, 4.48783076775406, 9.638380685832006, 5.959498720530108, 9.44435338849531, 11.47772561896257], [2.7950849718747373, 2.7950849718747373, 2.3659366538434625, 2.3659366538434625, 1.940521837032503, 1.940521837032503, 1.75, 2.0155644370746373, 1.5219744577357401, 1.5219744577357401, 1.3125, 1.6500473478055107, 1.118033988749895, 1.118033988749895, 0.875, 1.3287682265918312, 0.7525996611745185, 0.7525996611745185, 1.3577192483605127, 0.4375, 1.0915155747858112, 0.5153882032022076, 0.5153882032022076, 0.0, 1.0, 0.5896238207535377, 0.5896238207535377, 0.4375, 1.0915155747858112, 0.9013878188659973, 0.9013878188659973, 0.875, 1.3287682265918312, 1.346291201783626, 1.346291201783626, 1.9525624189766635, 2.945099507845382, 1.3125, 1.6500473478055107, 1.75, 2.0155644370746373, 2.3249109047533247, 2.25, 2.462214450449026, 3.132491021535417, 4.5069390943299865, 9.986244851223553, 5.942432162002357, 9.618280247797658, 11.543515866975012], [3.132491021535417, 2.7950849718747373, 2.756384633899993, 2.3659366538434625, 2.401171589037318, 1.940521837032503, 2.0155644370746373, 1.75, 2.0775962673243327, 1.5219744577357401, 1.6500473478055107, 1.3125, 1.8027756377319946, 1.118033988749895, 1.3287682265918312, 0.875, 1.602000702247037, 0.7525996611745185, 0.5241032744427395, 1.0915155747858112, 0.4375, 1.505199322349037, 0.5153882032022076, 1.0, 0.0, 1.5322063340164078, 0.5896238207535377, 1.0915155747858112, 0.4375, 1.6770509831248424, 0.9013878188659973, 1.3287682265918312, 0.875, 1.9525624189766635, 1.346291201783626, 1.346291201783626, 2.0833333333333335, 1.6500473478055107, 1.3125, 2.0155644370746373, 1.75, 1.980257053347353, 2.462214450449026, 2.25, 2.7950849718747373, 4.2793106921559225, 9.157732715710782, 5.771698190307598, 9.078535646799692, 11.19666879838203], [3.0625, 3.221630992214968, 2.625, 2.809025631780529, 2.1875, 2.405235175611732, 2.122240855793706, 2.5502757203878956, 1.75, 2.0155644370746373, 1.7001838135919305, 2.2114757516192665, 1.3125, 1.6500473478055107, 1.288470508005519, 1.9131534831267458, 0.875, 1.3287682265918312, 1.9366403360024926, 0.9013878188659973, 1.6770509831248424, 0.4375, 1.0915155747858112, 0.5896238207535377, 1.5322063340164078, 0.0, 1.0, 0.5153882032022076, 1.505199322349037, 0.4375, 1.0915155747858112, 0.7525996611745185, 1.602000702247037, 0.9375, 1.3707320124663318, 2.2088246308840365, 3.3025269155266215, 1.118033988749895, 1.8027756377319946, 1.5219744577357401, 2.0775962673243327, 2.401326989958077, 2.000976324197765, 2.4502869729890824, 3.15299956390736, 4.4163227067323785, 10.254647806500751, 5.793652237578642, 9.669186346065137, 11.462346421896243], [3.221630992214968, 3.0625, 2.809025631780529, 2.625, 2.405235175611732, 2.1875, 2.122240855793706, 2.122240855793706, 2.0155644370746373, 1.75, 1.7001838135919305, 1.7001838135919305, 1.6500473478055107, 1.3125, 1.288470508005519, 1.288470508005519, 1.3287682265918312, 0.875, 1.0871331454540485, 0.9013878188659973, 0.9013878188659973, 1.0915155747858112, 0.4375, 0.5896238207535377, 0.5896238207535377, 1.0, 0.0, 0.5153882032022076, 0.5153882032022076, 1.0915155747858112, 0.4375, 0.7525996611745185, 0.7525996611745185, 1.3707320124663318, 0.9375, 1.3707320124663318, 2.3607945049166066, 1.118033988749895, 1.118033988749895, 1.5219744577357401, 1.5219744577357401, 1.8117887832173307, 2.000976324197765, 2.000976324197765, 2.634654863544749, 4.0625, 9.396636839805042, 5.528689379048166, 9.077535963022708, 11.067882322518406], [3.226477374785077, 3.226477374785077, 2.7950849718747373, 2.7950849718747373, 2.3659366538434625, 2.3659366538434625, 2.1875, 2.405235175611732, 1.940521837032503, 1.940521837032503, 1.75, 2.0155644370746373, 1.5219744577357401, 1.5219744577357401, 1.3125, 1.6500473478055107, 1.118033988749895, 1.118033988749895, 1.5556448386235877, 0.875, 1.3287682265918312, 0.7525996611745185, 0.7525996611745185, 0.4375, 1.0915155747858112, 0.5153882032022076, 0.5153882032022076, 0.0, 1.0, 0.5896238207535377, 0.5896238207535377, 0.4375, 1.0915155747858112, 0.9540210951546092, 0.9540210951546092, 1.7059180079945226, 2.7876992953170383, 0.875, 1.3287682265918312, 1.3125, 1.6500473478055107, 1.9689764217402168, 1.8125, 2.0700618952098995, 2.756384633899993, 4.096969154143096, 9.758732647365168, 5.520204366687886, 9.264261339057871, 11.14100387272303], [3.522805167760488, 3.226477374785077, 3.132491021535417, 2.7950849718747373, 2.756384633899993, 2.3659366538434625, 2.405235175611732, 2.1875, 2.401171589037318, 1.940521837032503, 2.0155644370746373, 1.75, 2.0775962673243327, 1.5219744577357401, 1.6500473478055107, 1.3125, 1.8027756377319946, 1.118033988749895, 0.9226665426085279, 1.3287682265918312, 0.875, 1.602000702247037, 0.7525996611745185, 1.0915155747858112, 0.4375, 1.505199322349037, 0.5153882032022076, 1.0, 0.0, 1.5322063340164078, 0.5896238207535377, 1.0915155747858112, 0.4375, 1.7059180079945226, 0.9540210951546092, 0.9540210951546092, 1.854166666666667, 1.3287682265918312, 0.875, 1.6500473478055107, 1.3125, 1.5469568292812585, 2.0700618952098995, 1.8125, 2.3659366538434625, 3.845147103818006, 8.909087784198862, 5.335977534622874, 8.702587702712362, 10.781215186684076], [3.5, 3.640054944640259, 3.0625, 3.221630992214968, 2.625, 2.809025631780529, 2.5495097567963922, 2.9154759474226504, 2.1875, 2.405235175611732, 2.122240855793706, 2.5502757203878956, 1.75, 2.0155644370746373, 1.7001838135919305, 2.2114757516192665, 1.3125, 1.6500473478055107, 2.144910860059089, 1.288470508005519, 1.9131534831267458, 0.875, 1.3287682265918312, 0.9013878188659973, 1.6770509831248424, 0.4375, 1.0915155747858112, 0.5896238207535377, 1.5322063340164078, 0.0, 1.0, 0.5153882032022076, 1.505199322349037, 0.5, 1.118033988749895, 2.0615528128088303, 3.205897343611891, 0.7525996611745185, 1.602000702247037, 1.118033988749895, 1.8027756377319946, 2.1240212444862934, 1.5811388300841898, 2.1213203435596424, 2.8284271247461903, 4.031128874149275, 10.046841085113892, 5.385164807134504, 9.33176432021942, 11.069238082021874], [3.640054944640259, 3.5, 3.221630992214968, 3.0625, 2.809025631780529, 2.625, 2.5495097567963922, 2.5495097567963922, 2.405235175611732, 2.1875, 2.122240855793706, 2.122240855793706, 2.0155644370746373, 1.75, 1.7001838135919305, 1.7001838135919305, 1.6500473478055107, 1.3125, 1.425456166464752, 1.288470508005519, 1.288470508005519, 1.3287682265918312, 0.875, 0.9013878188659973, 0.9013878188659973, 1.0915155747858112, 0.4375, 0.5896238207535377, 0.5896238207535377, 1.0, 0.0, 0.5153882032022076, 0.5153882032022076, 1.118033988749895, 0.5, 1.118033988749895, 2.2236106773543893, 0.7525996611745185, 0.7525996611745185, 1.118033988749895, 1.118033988749895, 1.4239640196718877, 1.5811388300841898, 1.5811388300841898, 2.23606797749979, 3.640054944640259, 9.169405545254453, 5.0990195135927845, 8.717242677197781, 10.660237583001662], [3.659320292076112, 3.659320292076112, 3.226477374785077, 3.226477374785077, 2.7950849718747373, 2.7950849718747373, 2.625, 2.809025631780529, 2.3659366538434625, 2.3659366538434625, 2.1875, 2.405235175611732, 1.940521837032503, 1.940521837032503, 1.75, 2.0155644370746373, 1.5219744577357401, 1.5219744577357401, 1.8383342107744667, 1.3125, 1.6500473478055107, 1.118033988749895, 1.118033988749895, 0.875, 1.3287682265918312, 0.7525996611745185, 0.7525996611745185, 0.4375, 1.0915155747858112, 0.5153882032022076, 0.5153882032022076, 0.0, 1.0, 0.625, 0.625, 1.5461646096066226, 2.6929047720094212, 0.4375, 1.0915155747858112, 0.875, 1.3287682265918312, 1.6526760371279343, 1.375, 1.7001838135919305, 2.401171589037318, 3.6933216756735394, 9.5458604660299, 5.100551440775791, 8.917655179000255, 10.741228445245696], [3.923088706618804, 3.659320292076112, 3.522805167760488, 3.226477374785077, 3.132491021535417, 2.7950849718747373, 2.809025631780529, 2.625, 2.756384633899993, 2.3659366538434625, 2.405235175611732, 2.1875, 2.401171589037318, 1.940521837032503, 2.0155644370746373, 1.75, 2.0775962673243327, 1.5219744577357401, 1.345643101054937, 1.6500473478055107, 1.3125, 1.8027756377319946, 1.118033988749895, 1.3287682265918312, 0.875, 1.602000702247037, 0.7525996611745185, 1.0915155747858112, 0.4375, 1.505199322349037, 0.5153882032022076, 1.0, 0.0, 1.5461646096066226, 0.625, 0.625, 1.7083333333333335, 1.0915155747858112, 0.4375, 1.3287682265918312, 0.875, 1.1169357036051404, 1.7001838135919305, 1.375, 1.940521837032503, 3.4118360159890453, 8.67539245802305, 4.900573945978165, 8.332650746106436, 10.367575518052089], [4.0, 4.123105625617661, 3.5625, 3.700190028903921, 3.125, 3.281101187101672, 3.0413812651491097, 3.3541019662496847, 2.6875, 2.8675174367386154, 2.6108248217756778, 2.969243380054926, 2.25, 2.462214450449026, 2.1830311495716224, 2.6010815058356016, 1.8125, 2.0700618952098995, 2.457823736436552, 1.7600159800410904, 2.2577989835235552, 1.375, 1.7001838135919305, 1.346291201783626, 1.9525624189766635, 0.9375, 1.3707320124663318, 0.9540210951546092, 1.7059180079945226, 0.5, 1.118033988749895, 0.625, 1.5461646096066226, 0.0, 1.0, 2.0, 3.166666666666667, 0.5038911092686593, 1.5013015186830392, 0.7071067811865476, 1.5811388300841898, 1.8830929422410965, 1.118033988749895, 1.8027756377319946, 2.5, 3.605551275463989, 9.827832734200948, 4.924428900898052, 8.956747760865177, 10.624221933076113], [4.123105625617661, 4.0, 3.700190028903921, 3.5625, 3.281101187101672, 3.125, 3.0413812651491097, 3.0413812651491097, 2.8675174367386154, 2.6875, 2.6108248217756778, 2.6108248217756778, 2.462214450449026, 2.25, 2.1830311495716224, 2.1830311495716224, 2.0700618952098995, 1.8125, 1.8633787066251182, 1.7600159800410904, 1.7600159800410904, 1.7001838135919305, 1.375, 1.346291201783626, 1.346291201783626, 1.3707320124663318, 0.9375, 0.9540210951546092, 0.9540210951546092, 1.118033988749895, 0.5, 0.625, 0.625, 1.0, 0.0, 1.0, 2.166666666666667, 0.5038911092686593, 0.5038911092686593, 0.7071067811865476, 0.7071067811865476, 1.0306533420162407, 1.118033988749895, 1.118033988749895, 1.8027756377319946, 3.1622776601683795, 8.928901305045448, 4.6097722286464435, 8.314555010149459, 10.19738816034838], [4.47213595499958, 4.123105625617661, 4.085511748851054, 3.700190028903921, 3.7102055199139574, 3.281101187101672, 3.3541019662496847, 3.0413812651491097, 3.350023320814349, 2.8675174367386154, 2.969243380054926, 2.6108248217756778, 3.010398644698074, 2.462214450449026, 2.6010815058356016, 2.1830311495716224, 2.699102860211148, 2.0700618952098995, 1.703955072534738, 2.2577989835235552, 1.7600159800410904, 2.42706097986845, 1.7001838135919305, 1.9525624189766635, 1.346291201783626, 2.2088246308840365, 1.3707320124663318, 1.7059180079945226, 0.9540210951546092, 2.0615528128088303, 1.118033988749895, 1.5461646096066226, 0.625, 2.0, 1.0, 0.0, 1.166666666666667, 1.5013015186830392, 0.5038911092686593, 1.5811388300841898, 0.7071067811865476, 0.7605613674781694, 1.8027756377319946, 1.118033988749895, 1.5, 3.0, 8.0538351596648, 4.5, 7.748568873142934, 9.85390069476911], [5.101742621671322, 4.549114687985393, 4.76646452077195, 4.1696343598023615, 4.448977722778322, 3.8026397994609544, 4.013864859597432, 3.4318767136623336, 4.153364181934661, 3.4521153941379836, 3.698312772212636, 3.056825809197799, 3.884620673602222, 3.1236108023318856, 3.409800010427461, 2.700630070516467, 3.648689357533439, 2.8248187011637484, 2.183514857454933, 3.155751473280352, 2.3717997444509895, 3.4523039810795604, 2.566139015027137, 2.945099507845382, 2.0833333333333335, 3.3025269155266215, 2.3607945049166066, 2.7876992953170383, 1.854166666666667, 3.205897343611891, 2.2236106773543893, 2.6929047720094212, 1.7083333333333335, 3.166666666666667, 2.166666666666667, 1.166666666666667, 0.0, 2.6673989879864455, 1.6678381299687863, 2.713136766016618, 1.7400510848184252, 1.5943044044820596, 2.8480012484391772, 1.9436506316151003, 1.90029237516523, 3.218867985971328, 7.074898199357815, 4.648775226993784, 7.208421534485095, 9.570364459690115], [4.0931535825082355, 4.0931535825082355, 3.659320292076112, 3.659320292076112, 3.226477374785077, 3.226477374785077, 3.0625, 3.221630992214968, 2.7950849718747373, 2.7950849718747373, 2.625, 2.809025631780529, 2.3659366538434625, 2.3659366538434625, 2.1875, 2.405235175611732, 1.940521837032503, 1.940521837032503, 2.172953514705585, 1.75, 2.0155644370746373, 1.5219744577357401, 1.5219744577357401, 1.3125, 1.6500473478055107, 1.118033988749895, 1.118033988749895, 0.875, 1.3287682265918312, 0.7525996611745185, 0.7525996611745185, 0.4375, 1.0915155747858112, 0.5038911092686593, 0.5038911092686593, 1.5013015186830392, 2.6673989879864455, 0.0, 1.0, 0.4375, 1.0915155747858112, 1.4030753785969157, 0.9375, 1.3707320124663318, 2.0775962673243327, 3.2983187004896903, 9.348628439031813, 4.684165480637933, 8.57936023982778, 10.34450686276929], [4.3305780503300015, 4.0931535825082355, 3.923088706618804, 3.659320292076112, 3.522805167760488, 3.226477374785077, 3.221630992214968, 3.0625, 3.132491021535417, 2.7950849718747373, 2.809025631780529, 2.625, 2.756384633899993, 2.3659366538434625, 2.405235175611732, 2.1875, 2.401171589037318, 1.940521837032503, 1.7756716087115658, 2.0155644370746373, 1.75, 2.0775962673243327, 1.5219744577357401, 1.6500473478055107, 1.3125, 1.8027756377319946, 1.118033988749895, 1.3287682265918312, 0.875, 1.602000702247037, 0.7525996611745185, 1.0915155747858112, 0.4375, 1.5013015186830392, 0.5038911092686593, 0.5038911092686593, 1.6678381299687863, 1.0, 0.0, 1.0915155747858112, 0.4375, 0.696295770715215, 1.3707320124663318, 0.9375, 1.5219744577357401, 2.979749360265054, 8.457886021630053, 4.4655801694740624, 7.969561888195354, 9.955975886041445], [4.527692569068709, 4.527692569068709, 4.0931535825082355, 4.0931535825082355, 3.659320292076112, 3.659320292076112, 3.5, 3.640054944640259, 3.226477374785077, 3.226477374785077, 3.0625, 3.221630992214968, 2.7950849718747373, 2.7950849718747373, 2.625, 2.809025631780529, 2.3659366538434625, 2.3659366538434625, 2.5390537181475556, 2.1875, 2.405235175611732, 1.940521837032503, 1.940521837032503, 1.75, 2.0155644370746373, 1.5219744577357401, 1.5219744577357401, 1.3125, 1.6500473478055107, 1.118033988749895, 1.118033988749895, 0.875, 1.3287682265918312, 0.7071067811865476, 0.7071067811865476, 1.5811388300841898, 2.713136766016618, 0.4375, 1.0915155747858112, 0.0, 1.0, 1.2604425620998616, 0.5, 1.118033988749895, 1.8027756377319946, 2.9154759474226504, 9.16804602111247, 4.272001872658765, 8.250398951440198, 9.951204372075104], [4.743416490252569, 4.527692569068709, 4.3305780503300015, 4.0931535825082355, 3.923088706618804, 3.659320292076112, 3.640054944640259, 3.5, 3.522805167760488, 3.226477374785077, 3.221630992214968, 3.0625, 3.132491021535417, 2.7950849718747373, 2.809025631780529, 2.625, 2.756384633899993, 2.3659366538434625, 2.2086367896401375, 2.405235175611732, 2.1875, 2.401171589037318, 1.940521837032503, 2.0155644370746373, 1.75, 2.0775962673243327, 1.5219744577357401, 1.6500473478055107, 1.3125, 1.8027756377319946, 1.118033988749895, 1.3287682265918312, 0.875, 1.5811388300841898, 0.7071067811865476, 0.7071067811865476, 1.7400510848184252, 1.0915155747858112, 0.4375, 1.0, 0.0, 0.3239177899465855, 1.118033988749895, 0.5, 1.118033988749895, 2.5495097567963922, 8.25784778916679, 4.031128874149275, 7.6143008492548825, 9.54668015932054], [5.02687345896087, 4.773433151799262, 4.618967872450858, 4.341782063741134, 4.216999423886751, 3.911430866492748, 3.9174872019866234, 3.7232933352101067, 3.8228414269217574, 3.482861446810682, 3.505297906320798, 3.286840533756998, 3.439180354345664, 3.056823317106859, 3.100053765079721, 2.8507087940854237, 3.069954225073258, 2.634544785410976, 2.406056858034117, 2.7048781452614343, 2.415072061658607, 2.721045548750174, 2.21817406004672, 2.3249109047533247, 1.980257053347353, 2.401326989958077, 1.8117887832173307, 1.9689764217402168, 1.5469568292812585, 2.1240212444862934, 1.4239640196718877, 1.6526760371279343, 1.1169357036051404, 1.8830929422410965, 1.0306533420162407, 0.7605613674781694, 1.5943044044820596, 1.4030753785969157, 0.696295770715215, 1.2604425620998616, 0.3239177899465855, 0.0, 1.2740832917992406, 0.37349098614692966, 0.8259370072636534, 2.2991064103766528, 7.946691076820723, 3.7933637622171688, 7.29735746573454, 9.259681089943461], [5.024937810560445, 5.024937810560445, 4.5898154919342895, 4.5898154919342895, 4.155192534648665, 4.155192534648665, 4.0, 4.123105625617661, 3.721243911651049, 3.721243911651049, 3.5625, 3.700190028903921, 3.2882366094914763, 3.2882366094914763, 3.125, 3.281101187101672, 2.85659872050661, 2.85659872050661, 2.98111534587819, 2.6875, 2.8675174367386154, 2.42706097986845, 2.42706097986845, 2.25, 2.462214450449026, 2.000976324197765, 2.000976324197765, 1.8125, 2.0700618952098995, 1.5811388300841898, 1.5811388300841898, 1.375, 1.7001838135919305, 1.118033988749895, 1.118033988749895, 1.8027756377319946, 2.8480012484391772, 0.9375, 1.3707320124663318, 0.5, 1.118033988749895, 1.2740832917992406, 0.0, 1.0, 1.5811388300841898, 2.5, 8.983337258899693, 3.8078865529319543, 7.8873688883916575, 9.50644667694396], [5.220153254455275, 5.024937810560445, 4.802749863359532, 4.5898154919342895, 4.38926246651986, 4.155192534648665, 4.123105625617661, 4.0, 3.9809114848235447, 3.721243911651049, 3.700190028903921, 3.5625, 3.5794552658190883, 3.2882366094914763, 3.281101187101672, 3.125, 3.1875, 2.85659872050661, 2.705241466180682, 2.8675174367386154, 2.6875, 2.809025631780529, 2.42706097986845, 2.462214450449026, 2.25, 2.4502869729890824, 2.000976324197765, 2.0700618952098995, 1.8125, 2.1213203435596424, 1.5811388300841898, 1.7001838135919305, 1.375, 1.8027756377319946, 1.118033988749895, 1.118033988749895, 1.9436506316151003, 1.3707320124663318, 0.9375, 1.118033988749895, 0.5, 0.37349098614692966, 1.0, 0.0, 0.7071067811865476, 2.0615528128088303, 8.052287288152732, 3.5355339059327378, 7.219354718159148, 9.082134222259473], [5.852349955359813, 5.5901699437494745, 5.443244092450751, 5.160320363117004, 5.038911092686593, 4.731873307686925, 4.743416490252569, 4.527692569068709, 4.640598695211643, 4.305247524823631, 4.3305780503300015, 4.0931535825082355, 4.25, 3.881043674065006, 3.923088706618804, 3.659320292076112, 3.8694516730410267, 3.460152633916602, 3.197534621328032, 3.522805167760488, 3.226477374785077, 3.502231431530475, 3.0439489154714803, 3.132491021535417, 2.7950849718747373, 3.15299956390736, 2.634654863544749, 2.756384633899993, 2.3659366538434625, 2.8284271247461903, 2.23606797749979, 2.401171589037318, 1.940521837032503, 2.5, 1.8027756377319946, 1.5, 1.90029237516523, 2.0775962673243327, 1.5219744577357401, 1.8027756377319946, 1.118033988749895, 0.8259370072636534, 1.5811388300841898, 0.7071067811865476, 0.0, 1.5, 7.403114355779641, 3.0, 6.516504811075407, 8.434307250906135], [7.280109889280518, 7.0710678118654755, 6.8604960644256625, 6.638253252927309, 6.443261984429936, 6.206095793653205, 6.18465843842649, 6.020797289396148, 6.0289017449283415, 5.774742959647641, 5.7611983345481175, 5.584926700503776, 5.618051263561058, 5.344389581607987, 5.340002340823457, 5.149332481011495, 5.211540679108242, 4.9152981852579405, 4.69520951821811, 4.921651780652508, 4.714091243283269, 4.810470351223464, 4.48783076775406, 4.5069390943299865, 4.2793106921559225, 4.4163227067323785, 4.0625, 4.096969154143096, 3.845147103818006, 4.031128874149275, 3.640054944640259, 3.6933216756735394, 3.4118360159890453, 3.605551275463989, 3.1622776601683795, 3.0, 3.218867985971328, 3.2983187004896903, 2.979749360265054, 2.9154759474226504, 2.5495097567963922, 2.2991064103766528, 2.5, 2.0615528128088303, 1.5, 0.0, 7.0176879063156035, 1.5, 5.421194547671048, 7.048100361303354], [12.05852613532176, 11.33785847592254, 11.769009270554584, 11.029440669145936, 11.488860620817086, 10.73000002928109, 11.02370648248318, 10.279157887480487, 11.21878202028738, 10.440309012789516, 10.747028950649732, 9.98186423119019, 10.959517971739688, 10.161201525247682, 10.481315300107392, 9.69520256023957, 10.711853753064734, 9.893573322660405, 9.199239964514724, 10.22742010843532, 9.42014354127567, 10.476612046898024, 9.638380685832006, 9.986244851223553, 9.157732715710782, 10.254647806500751, 9.396636839805042, 9.758732647365168, 8.909087784198862, 10.046841085113892, 9.169405545254453, 9.5458604660299, 8.67539245802305, 9.827832734200948, 8.928901305045448, 8.0538351596648, 7.074898199357815, 9.348628439031813, 8.457886021630053, 9.16804602111247, 8.25784778916679, 7.946691076820723, 8.983337258899693, 8.052287288152732, 7.403114355779641, 7.0176879063156035, 0.0, 6.94188626643695, 3.8210899092165103, 6.633077542426172], [8.73212459828649, 8.558621384311845, 8.306858988209683, 8.124278814147136, 7.8829325