totalHoles = 50;
zeroHoleID = 15;
C = [[0.0, 6.0, 7.377230204651846, 3.5, 3.9510898637098992, 5.068968775248516, 5.70087712549569, 6.519202405202649, 6.946221994724902, 4.5069390943299865, 6.950719387228922, 6.423156890847713, 7.5502943283321375, 5.125, 5.443044746381488, 6.3015926117485925, 7.517687476877447, 6.411794687223781, 7.236097782030804, 8.252945602093298, 6.75, 6.994541522581098, 7.386643351347079, 7.68159777939749, 8.112490369793976, 8.707037383633999, 9.031195934094221, 11.135727071505217, 8.388153021441079, 9.033886821911768, 9.867173410410457, 9.609980964419131, 8.375, 8.57331535119939, 9.142487049181117, 10.019512213675874, 9.4078129469311, 9.98783982873396, 10.747415710041388, 9.5, 11.236102527122116, 10.0, 10.166666666666666, 10.44030650891055, 10.651030205780305, 10.965856099730654, 11.412712210513327, 11.661903789690601, 11.744342475828883, 14.771242182554857], [6.0, 0.0, 1.5202965628293015, 6.946221994724902, 5.441609239104836, 4.2064764880413215, 3.8078865529319543, 3.5355339059327378, 3.5, 6.189709201569974, 4.2793106921559225, 4.822545432076763, 4.583333333333334, 7.890857051043315, 6.605053831053242, 5.631169456200412, 5.149332481011495, 6.411794687223781, 5.861835131689658, 5.666666666666667, 9.031195934094221, 7.932440425941509, 7.386643351347079, 7.141914620355276, 6.914658342969665, 6.768493185340442, 6.75, 8.041682154038135, 8.388153021441079, 7.975657409336933, 7.833333333333334, 7.947904645225266, 10.302457231165777, 9.354236265516876, 8.693967416803703, 8.389912097274918, 9.4078129469311, 9.041954680512639, 8.916666666666666, 11.236102527122116, 9.5, 11.661903789690601, 10.833333333333334, 10.44030650891055, 10.268614533832908, 10.111874208078342, 10.012492197250394, 10.0, 11.947442820316455, 12.49433058375792], [7.377230204651846, 1.5202965628293015, 0.0, 7.853782110197352, 6.17412544695866, 4.613022746240385, 3.980920188140963, 3.341011059859294, 3.0934882545403415, 6.8298390925477035, 3.988134834870584, 4.802045503581594, 4.096533297203743, 8.566211238287858, 7.058180118082541, 5.74265273213037, 4.781258876761991, 6.587627393696427, 5.7112852069223745, 5.132321380373711, 9.505751234041547, 8.172957734125932, 7.436611768590851, 7.068054325368306, 6.672715986266365, 6.311875156491021, 6.1844225817779845, 7.11543046255227, 8.340070547515202, 7.666728166184145, 7.245734249252595, 7.463240176521043, 10.612251790642532, 9.437045070800611, 8.498115878879908, 7.880377499564457, 9.282110810615187, 8.682138281389562, 8.312729345636177, 11.450974190282011, 8.888902409916977, 11.838991494739272, 10.798131839018975, 10.252102598285406, 9.987983031392476, 9.712237215101428, 9.467955485750606, 9.383469281616042, 11.741010652180728, 11.620482183236362], [3.5, 6.946221994724902, 7.853782110197352, 0.0, 1.833333333333333, 3.666666666666666, 4.5, 5.5, 6.0, 1.6770509831248424, 5.55090082779363, 4.628564692332939, 6.097016574613449, 1.625, 2.449844099348183, 4.010619583611046, 5.735034873477231, 3.70060055186242, 4.994441354590566, 6.379219736334879, 3.25, 3.7314355295396853, 4.422951503238533, 4.899688198696366, 5.55090082779363, 6.388466169590319, 6.823672031978091, 9.035116601514474, 5.2704627669473, 6.247221604663771, 7.40120110372484, 7.0077612286247115, 4.875, 5.208333333333333, 6.100005692164921, 7.34953229804455, 6.191952662753307, 7.042036479440998, 8.083333333333332, 6.0, 8.48528137423857, 6.5, 6.75359986311827, 7.158910531638177, 7.4628710590793705, 7.905694150420948, 8.514693182963201, 8.845903006477066, 8.367049321104576, 12.013023109517071], [3.9510898637098992, 5.441609239104836, 6.17412544695866, 1.833333333333333, 0.0, 1.833333333333333, 2.666666666666667, 3.666666666666667, 4.166666666666667, 0.8207381501496753, 3.7425852621476037, 2.8783193398617577, 4.305197117696498, 2.449844099348183, 1.625, 2.449844099348183, 4.010619583611047, 2.4608038433722337, 3.435921354681384, 4.696334267868457, 3.7314355295396853, 3.25, 3.4530582258501106, 3.7314355295396853, 4.203999418543146, 4.899688198696366, 5.28427962082923, 7.4742270709964505, 4.487637339278754, 5.08811250749125, 6.011562932290479, 5.7055183399519604, 5.208333333333333, 4.875, 5.208333333333333, 6.100005692164921, 5.540883403293096, 6.037498562226651, 6.833841444523635, 6.27384340823957, 7.304869000270376, 6.75359986311827, 6.5, 6.60387091871965, 6.75359986311827, 7.025746302785998, 7.4628710590793705, 7.720823214600313, 7.989924946823786, 10.84917275980886], [5.068968775248516, 4.2064764880413215, 4.613022746240385, 3.666666666666666, 1.833333333333333, 0.0, 0.8333333333333339, 1.833333333333334, 2.333333333333334, 2.2928027486996, 1.9808107206674528, 1.366768288904728, 2.5725581734055227, 4.010619583611046, 2.449844099348183, 1.625, 2.4498440993481836, 2.266911751455907, 2.321398046197354, 3.1841621957571338, 4.899688198696366, 3.7314355295396853, 3.31767153956573, 3.25, 3.355137023199566, 3.7314355295396857, 4.000867961385935, 6.067703918031278, 4.384315479321969, 4.412734098291243, 4.921607686744467, 4.766485480924373, 6.100005692164921, 5.208333333333333, 4.875, 5.208333333333334, 5.457538110010979, 5.48039434915246, 5.897857426406832, 7.031674369909662, 6.437735971942656, 7.4628710590793705, 6.75359986311827, 6.534098594637553, 6.5, 6.553201083779166, 6.75359986311827, 6.906116451700221, 8.024494326260056, 9.890328464555068], [5.70087712549569, 3.8078865529319543, 3.980920188140963, 4.5, 2.666666666666667, 0.8333333333333339, 0.0, 1.0, 1.5, 3.092329219213245, 1.25, 1.083333333333334, 1.8503002759312102, 4.78441480225116, 3.1227769870919557, 1.8262172500675942, 1.9080421903092184, 2.63523138347365, 2.166666666666667, 2.63523138347365, 5.55090082779363, 4.203999418543146, 3.5794552658190883, 3.355137023199566, 3.25, 3.400367627183861, 3.5794552658190883, 5.511942293294026, 4.585605497399202, 4.333333333333334, 4.585605497399202, 4.524578214843588, 6.634427254857799, 5.556683913190592, 4.945712228228048, 4.976507309348595, 5.620522909639082, 5.416666666666666, 5.620522909639082, 7.5, 6.18465843842649, 7.905694150420948, 7.025746302785998, 6.670832032063167, 6.553201083779166, 6.5, 6.576473218982953, 6.670832032063167, 8.17718604766799, 9.539483742330956], [6.519202405202649, 3.5355339059327378, 3.341011059859294, 5.5, 3.666666666666667, 1.833333333333334, 1.0, 0.0, 0.5, 4.0697051490249265, 0.75, 1.4743171677461782, 1.19315175527303, 5.735034873477231, 4.010619583611047, 2.4498440993481836, 1.625, 3.308238873546535, 2.386303510546059, 2.2236106773543893, 6.388466169590319, 4.899688198696366, 4.100304866714182, 3.7314355295396857, 3.400367627183861, 3.25, 3.2882366094914763, 4.948960859331005, 5.002777006601212, 4.447221354708779, 4.362084109434134, 4.428097828009195, 7.34953229804455, 6.100005692164921, 5.208333333333334, 4.875, 5.9657587763651465, 5.50820095655358, 5.4396946401225295, 8.139410298049853, 6.020797289396148, 8.514693182963201, 7.4628710590793705, 6.96419413859206, 6.75359986311827, 6.576473218982953, 6.5, 6.519202405202649, 8.46571556046533, 9.200807949502048], [6.946221994724902, 3.5, 3.0934882545403415, 6.0, 4.166666666666667, 2.333333333333334, 1.5, 0.5, 0.0, 4.562071897723665, 0.9013878188659973, 1.8503002759312102, 1.083333333333334, 6.216158379578178, 4.472330053910502, 2.843425653053803, 1.7001838135919305, 3.70060055186242, 2.63523138347365, 2.166666666666667, 6.823672031978091, 5.28427962082923, 4.422951503238533, 4.000867961385935, 3.5794552658190883, 3.2882366094914763, 3.25, 4.722029908681617, 5.2704627669473, 4.585605497399202, 4.333333333333334, 4.463874051819901, 7.7308230480331135, 6.413013029076981, 5.404634071280353, 4.900573945978165, 6.191952662753307, 5.620522909639082, 5.416666666666666, 8.48528137423857, 6.0, 8.845903006477066, 7.720823214600313, 7.158910531638177, 6.906116451700221, 6.670832032063167, 6.519202405202649, 6.5, 8.649816419842054, 9.068154462200772], [4.5069390943299865, 6.189709201569974, 6.8298390925477035, 1.6770509831248424, 0.8207381501496753, 2.2928027486996, 3.092329219213245, 4.0697051490249265, 4.562071897723665, 0.0, 4.0, 3.018461712712472, 4.512328790226961, 1.7365554986812255, 0.9363418772601763, 2.3366791488016583, 4.0945848385398, 2.0632364005233246, 3.3176715395657306, 4.7177266182393875, 2.9154759474226504, 2.5221243250702594, 2.9154759474226504, 3.3082388735465345, 3.905124837953327, 4.716990566028302, 5.1478150704935, 7.359169268002255, 3.884620673602222, 4.673358297603318, 5.752414951807439, 5.383699494256493, 4.38926246651986, 4.138446098611302, 4.659406554964317, 5.745922467280602, 4.9018137232842465, 5.547772325697745, 6.482883446258907, 5.460082416960389, 6.914658342969665, 5.942432162002357, 5.759653731875825, 5.942432162002357, 6.1446679686085925, 6.485560885536423, 7.00446286306095, 7.301540933255117, 7.286510713959097, 10.459404445560255], [6.950719387228922, 4.2793106921559225, 3.988134834870584, 5.55090082779363, 3.7425852621476037, 1.9808107206674528, 1.25, 0.75, 0.9013878188659973, 4.0, 0.0, 1.05409255338946, 0.6009252125773319, 5.569167352486366, 3.769624576061182, 2.0314369572081517, 0.875, 2.873489941594445, 1.7340543372237345, 1.502313031443329, 6.041522986797286, 4.437842318564782, 3.5355339059327378, 3.100179206289713, 2.692582403567252, 2.5, 2.5495097567963922, 4.31279437087561, 4.369242242972777, 3.7202523809249533, 3.6180488910154023, 3.6782046779900406, 6.875, 5.519064181946469, 4.514059825823215, 4.125, 5.294126724756197, 4.772607021092117, 4.69337594677624, 7.603453162872775, 5.273755777432247, 7.956915231419774, 6.819600020854922, 6.269968101992227, 6.035197686166636, 5.836308764964376, 5.75, 5.771698190307598, 7.765379034841494, 8.485965399970668], [6.423156890847713, 4.822545432076763, 4.802045503581594, 4.628564692332939, 2.8783193398617577, 1.366768288904728, 1.083333333333334, 1.4743171677461782, 1.8503002759312102, 3.018461712712472, 1.05409255338946, 0.0, 1.5, 4.532483069772879, 2.721123644542616, 0.9939050368230471, 1.1372786719963481, 1.8503002759312097, 1.083333333333333, 1.8503002759312097, 4.994441354590566, 3.4359213546813834, 2.635231383473649, 2.321398046197353, 2.166666666666666, 2.386303510546058, 2.635231383473649, 4.715074321069599, 3.5794552658190883, 3.25, 3.5794552658190883, 3.471648388880028, 5.884448666707112, 4.635498594781604, 3.8821618404640925, 3.9213181598935716, 4.5856054973992, 4.333333333333332, 4.5856054973992, 6.665103983518269, 5.140390171097045, 7.042036479440998, 6.037498562226651, 5.620522909639082, 5.48039434915246, 5.416666666666666, 5.50820095655358, 5.620522909639082, 7.127983786739941, 8.549875857631568], [7.5502943283321375, 4.583333333333334, 4.096533297203743, 6.097016574613449, 4.305197117696498, 2.5725581734055227, 1.8503002759312102, 1.19315175527303, 1.083333333333334, 4.512328790226961, 0.6009252125773319, 1.5, 0.0, 6.024400615644495, 4.201727488651411, 2.3953803919674685, 0.7371585838730884, 3.1896098681674396, 1.8503002759312097, 1.083333333333333, 6.379219736334879, 4.696334267868457, 3.7006005518624194, 3.1841621957571333, 2.635231383473649, 2.2236106773543884, 2.166666666666666, 3.761380659690036, 4.422951503238533, 3.5794552658190883, 3.25, 3.3921536026965406, 7.097657086046853, 5.633635346933827, 4.452098444054843, 3.824491614726212, 5.270462766947298, 4.5856054973992, 4.333333333333332, 7.757165146566824, 4.916666666666666, 8.083333333333332, 6.833841444523635, 6.191952662753307, 5.897857426406832, 5.620522909639082, 5.4396946401225295, 5.416666666666666, 7.6655792542260395, 8.020601751804303], [5.125, 7.890857051043315, 8.566211238287858, 1.625, 2.449844099348183, 4.010619583611046, 4.78441480225116, 5.735034873477231, 6.216158379578178, 1.7365554986812255, 5.569167352486366, 4.532483069772879, 6.024400615644495, 0.0, 1.833333333333333, 3.666666666666666, 5.5, 3.0485082873067246, 4.532483069772879, 6.024400615644495, 1.625, 2.449844099348183, 3.4118360159890453, 4.010619583611046, 4.78441480225116, 5.735034873477231, 6.216158379578178, 8.38386350969561, 4.041666666666667, 5.252149031058091, 6.582937751828164, 6.1122604281405755, 3.25, 3.7314355295396853, 4.899688198696366, 6.388466169590319, 4.834949442456571, 5.884448666707112, 7.097657086046853, 4.375, 7.425673370139573, 4.875, 5.208333333333333, 5.724126570927655, 6.100005692164921, 6.634427254857799, 7.34953229804455, 7.7308230480331135, 6.84108138264025, 10.878459138554334], [5.443044746381488, 6.605053831053242, 7.058180118082541, 2.449844099348183, 1.625, 2.449844099348183, 3.1227769870919557, 4.010619583611047, 4.472330053910502, 0.9363418772601763, 3.769624576061182, 2.721123644542616, 4.201727488651411, 1.833333333333333, 0.0, 1.833333333333333, 3.666666666666667, 1.2862790867027614, 2.721123644542616, 4.201727488651411, 2.449844099348183, 1.625, 2.0004339806929674, 2.449844099348183, 3.1227769870919557, 4.010619583611047, 4.472330053910502, 6.672323857177446, 2.9489287132034168, 3.8008131439937376, 4.969525184115235, 4.561134686843358, 3.7314355295396853, 3.25, 3.7314355295396853, 4.899688198696366, 3.9670955650478374, 4.635498594781604, 5.633635346933827, 4.743599488901978, 6.041666666666667, 5.208333333333333, 4.875, 5.012657589653528, 5.208333333333333, 5.556683913190592, 6.100005692164921, 6.413013029076981, 6.3743062993542745, 9.57771886054209], [6.3015926117485925, 5.631169456200412, 5.74265273213037, 4.010619583611046, 2.449844099348183, 1.625, 1.8262172500675942, 2.4498440993481836, 2.843425653053803, 2.3366791488016583, 2.0314369572081517, 0.9939050368230471, 2.3953803919674685, 3.666666666666666, 1.833333333333333, 0.0, 1.833333333333334, 0.8589803386703457, 0.9939050368230475, 2.395380391967469, 4.010619583611046, 2.449844099348183, 1.7564365756964992, 1.625, 1.8262172500675942, 2.4498440993481836, 2.843425653053803, 5.047065105894243, 2.789177995196594, 2.8336396893198845, 3.574844596466942, 3.3121585022248463, 4.899688198696366, 3.7314355295396853, 3.25, 3.7314355295396857, 3.8498286397650934, 3.8821618404640925, 4.452098444054843, 5.708333333333333, 4.958333333333334, 6.100005692164921, 5.208333333333333, 4.920372896889467, 4.875, 4.945712228228048, 5.208333333333334, 5.404634071280353, 6.417584384664555, 8.476245993138313], [7.517687476877447, 5.149332481011495, 4.781258876761991, 5.735034873477231, 4.010619583611047, 2.4498440993481836, 1.9080421903092184, 1.625, 1.7001838135919305, 4.0945848385398, 0.875, 1.1372786719963481, 0.7371585838730884, 5.5, 3.666666666666667, 1.833333333333334, 0.0, 2.558007579695138, 1.1372786719963486, 0.7371585838730891, 5.735034873477231, 4.010619583611047, 2.981715110469141, 2.4498440993481836, 1.9080421903092184, 1.625, 1.7001838135919305, 3.6260238462306638, 3.6857929193654444, 2.887052033553335, 2.754100478276791, 2.8034015906425593, 6.388466169590319, 4.899688198696366, 3.7314355295396857, 3.25, 4.541666666666666, 3.9213181598935716, 3.824491614726212, 7.027846398435298, 4.403478738452134, 7.34953229804455, 6.100005692164921, 5.478651750202782, 5.208333333333334, 4.976507309348595, 4.875, 4.900573945978165, 6.961409346735424, 7.660484052788384], [6.411794687223781, 6.411794687223781, 6.587627393696427, 3.70060055186242, 2.4608038433722337, 2.266911751455907, 2.63523138347365, 3.308238873546535, 3.70060055186242, 2.0632364005233246, 2.873489941594445, 1.8503002759312097, 3.1896098681674396, 3.0485082873067246, 1.2862790867027614, 0.8589803386703457, 2.558007579695138, 0.0, 1.5, 3.0, 3.1896098681674396, 1.5920810978785667, 1.083333333333333, 1.2720281268728117, 1.8503002759312097, 2.7246304540453026, 3.1896098681674396, 5.386418798251616, 2.166666666666667, 2.63523138347365, 3.70060055186242, 3.3205023330420644, 4.041666666666666, 2.948928713203416, 2.789177995196593, 3.685792919365444, 3.249999999999999, 3.5794552658190875, 4.422951503238532, 4.867693955503411, 4.867693955503411, 5.270462766947299, 4.487637339278753, 4.333333333333333, 4.384315479321968, 4.585605497399201, 5.002777006601211, 5.270462766947299, 5.800362389826, 8.415257050958854], [7.236097782030804, 5.861835131689658, 5.7112852069223745, 4.994441354590566, 3.435921354681384, 2.321398046197354, 2.166666666666667, 2.386303510546059, 2.63523138347365, 3.3176715395657306, 1.7340543372237345, 1.083333333333333, 1.8503002759312097, 4.532483069772879, 2.721123644542616, 0.9939050368230475, 1.1372786719963486, 1.5, 0.0, 1.5, 4.628564692332938, 2.8783193398617573, 1.8503002759312097, 1.3667682889047272, 1.083333333333333, 1.4743171677461775, 1.8503002759312097, 4.05334011452761, 2.63523138347365, 2.166666666666667, 2.63523138347365, 2.445424149715468, 5.2521490310580905, 3.800813143993737, 2.8336396893198836, 2.8870520335533345, 3.5794552658190875, 3.249999999999999, 3.5794552658190875, 5.9113826169894, 4.1163630117428225, 6.24722160466377, 5.088112507491249, 4.585605497399201, 4.412734098291242, 4.333333333333333, 4.447221354708778, 4.585605497399201, 6.0907434925550055, 7.585922917737027], [8.252945602093298, 5.666666666666667, 5.132321380373711, 6.379219736334879, 4.696334267868457, 3.1841621957571338, 2.63523138347365, 2.2236106773543893, 2.166666666666667, 4.7177266182393875, 1.502313031443329, 1.8503002759312097, 1.083333333333333, 6.024400615644495, 4.201727488651411, 2.395380391967469, 0.7371585838730891, 3.0, 1.5, 0.0, 6.097016574613448, 4.305197117696497, 3.1896098681674396, 2.5725581734055223, 1.8503002759312097, 1.193151755273029, 1.083333333333333, 2.8888794882997475, 3.70060055186242, 2.63523138347365, 2.166666666666667, 2.331193428329242, 6.582937751828164, 4.969525184115235, 3.5748445964669413, 2.75410047827679, 4.422951503238532, 3.5794552658190875, 3.249999999999999, 7.120003121097943, 3.833333333333333, 7.401201103724839, 6.011562932290477, 5.270462766947299, 4.9216076867444665, 4.585605497399201, 4.362084109434133, 4.333333333333333, 6.7119377776387585, 6.9839746415621375], [6.75, 9.031195934094221, 9.505751234041547, 3.25, 3.7314355295396853, 4.899688198696366, 5.55090082779363, 6.388466169590319, 6.823672031978091, 2.9154759474226504, 6.041522986797286, 4.994441354590566, 6.379219736334879, 1.625, 2.449844099348183, 4.010619583611046, 5.735034873477231, 3.1896098681674396, 4.628564692332938, 6.097016574613448, 0.0, 1.833333333333333, 3.0, 3.666666666666666, 4.5, 5.5, 6.0, 8.014128317880163, 3.1896098681674396, 4.628564692332939, 6.097016574613449, 5.558056103118309, 1.625, 2.449844099348183, 4.010619583611046, 5.735034873477231, 3.7006005518624194, 4.994441354590566, 6.379219736334879, 2.75, 6.600189391222043, 3.25, 3.7314355295396853, 4.422951503238533, 4.899688198696366, 5.55090082779363, 6.388466169590319, 6.823672031978091, 5.373502082070644, 9.881815229430337], [6.994541522581098, 7.932440425941509, 8.172957734125932, 3.7314355295396853, 3.25, 3.7314355295396853, 4.203999418543146, 4.899688198696366, 5.28427962082923, 2.5221243250702594, 4.437842318564782, 3.4359213546813834, 4.696334267868457, 2.449844099348183, 1.625, 2.449844099348183, 4.010619583611047, 1.5920810978785667, 2.8783193398617573, 4.305197117696497, 1.833333333333333, 0.0, 1.166666666666667, 1.833333333333333, 2.666666666666667, 3.666666666666667, 4.166666666666667, 6.2013700906575835, 1.5920810978785673, 2.8783193398617577, 4.305197117696498, 3.7863187577808533, 2.449844099348183, 1.625, 2.449844099348183, 4.010619583611047, 2.4608038433722332, 3.4359213546813834, 4.696334267868457, 3.3050886691753236, 4.99235526691672, 3.7314355295396853, 3.25, 3.4530582258501106, 3.7314355295396853, 4.203999418543146, 4.899688198696366, 5.28427962082923, 4.765071976381688, 8.428647434255911], [7.386643351347079, 7.386643351347079, 7.436611768590851, 4.422951503238533, 3.4530582258501106, 3.31767153956573, 3.5794552658190883, 4.100304866714182, 4.422951503238533, 2.9154759474226504, 3.5355339059327378, 2.635231383473649, 3.7006005518624194, 3.4118360159890453, 2.0004339806929674, 1.7564365756964992, 2.981715110469141, 1.083333333333333, 1.8503002759312097, 3.1896098681674396, 3.0, 1.166666666666667, 0.0, 0.6666666666666661, 1.5, 2.5, 3.0, 5.055528649232379, 1.083333333333334, 1.8503002759312102, 3.1896098681674396, 2.7019834755154113, 3.4118360159890453, 2.0004339806929674, 1.7564365756964992, 2.981715110469141, 2.166666666666666, 2.635231383473649, 3.7006005518624194, 4.0697051490249265, 4.0697051490249265, 4.422951503238533, 3.4530582258501106, 3.25, 3.31767153956573, 3.5794552658190883, 4.100304866714182, 4.422951503238533, 4.720214984892519, 7.590100314809525], [7.68159777939749, 7.141914620355276, 7.068054325368306, 4.899688198696366, 3.7314355295396853, 3.25, 3.355137023199566, 3.7314355295396857, 4.000867961385935, 3.3082388735465345, 3.100179206289713, 2.321398046197353, 3.1841621957571333, 4.010619583611046, 2.449844099348183, 1.625, 2.4498440993481836, 1.2720281268728117, 1.3667682889047272, 2.5725581734055223, 3.666666666666666, 1.833333333333333, 0.6666666666666661, 0.0, 0.8333333333333339, 1.833333333333334, 2.333333333333334, 4.4056726534524095, 1.2720281268728126, 1.366768288904728, 2.5725581734055227, 2.1219458164283607, 4.010619583611046, 2.449844099348183, 1.625, 2.4498440993481836, 2.2669117514559067, 2.321398046197353, 3.1841621957571333, 4.583333333333333, 3.606514168063734, 4.899688198696366, 3.7314355295396853, 3.31767153956573, 3.25, 3.355137023199566, 3.7314355295396857, 4.000867961385935, 4.822812403193892, 7.152352419700694], [8.112490369793976, 6.914658342969665, 6.672715986266365, 5.55090082779363, 4.203999418543146, 3.355137023199566, 3.25, 3.400367627183861, 3.5794552658190883, 3.905124837953327, 2.692582403567252, 2.166666666666666, 2.635231383473649, 4.78441480225116, 3.1227769870919557, 1.8262172500675942, 1.9080421903092184, 1.8503002759312097, 1.083333333333333, 1.8503002759312097, 4.5, 2.666666666666667, 1.5, 0.8333333333333339, 0.0, 1.0, 1.5, 3.602003406035269, 1.8503002759312102, 1.083333333333334, 1.8503002759312102, 1.501691789360309, 4.78441480225116, 3.1227769870919557, 1.8262172500675942, 1.9080421903092184, 2.635231383473649, 2.166666666666666, 2.635231383473649, 5.273755777432247, 3.132491021535417, 5.55090082779363, 4.203999418543146, 3.5794552658190883, 3.355137023199566, 3.25, 3.400367627183861, 3.5794552658190883, 5.0728080924077, 6.658776018834601], [8.707037383633999, 6.768493185340442, 6.311875156491021, 6.388466169590319, 4.899688198696366, 3.7314355295396857, 3.400367627183861, 3.25, 3.2882366094914763, 4.716990566028302, 2.5, 2.386303510546058, 2.2236106773543884, 5.735034873477231, 4.010619583611047, 2.4498440993481836, 1.625, 2.7246304540453026, 1.4743171677461775, 1.193151755273029, 5.5, 3.666666666666667, 2.5, 1.833333333333334, 1.0, 0.0, 0.5, 2.6617915545129662, 2.7246304540453026, 1.4743171677461782, 1.19315175527303, 1.1795425309901792, 5.735034873477231, 4.010619583611047, 2.4498440993481836, 1.625, 3.3082388735465345, 2.386303510546058, 2.2236106773543884, 6.149186938124422, 2.7950849718747373, 6.388466169590319, 4.899688198696366, 4.100304866714182, 3.7314355295396857, 3.400367627183861, 3.25, 3.2882366094914763, 5.525880041669908, 6.16379874123338], [9.031195934094221, 6.75, 6.1844225817779845, 6.823672031978091, 5.28427962082923, 4.000867961385935, 3.5794552658190883, 3.2882366094914763, 3.25, 5.1478150704935, 2.5495097567963922, 2.635231383473649, 2.166666666666666, 6.216158379578178, 4.472330053910502, 2.843425653053803, 1.7001838135919305, 3.1896098681674396, 1.8503002759312097, 1.083333333333333, 6.0, 4.166666666666667, 3.0, 2.333333333333334, 1.5, 0.5, 0.0, 2.211444584648232, 3.1896098681674396, 1.8503002759312102, 1.083333333333334, 1.3074562166688388, 6.216158379578178, 4.472330053910502, 2.843425653053803, 1.7001838135919305, 3.7006005518624194, 2.635231383473649, 2.166666666666666, 6.600189391222043, 2.75, 6.823672031978091, 5.28427962082923, 4.422951503238533, 4.000867961385935, 3.5794552658190883, 3.2882366094914763, 3.25, 5.803992968740591, 5.963972950067926], [11.135727071505217, 8.041682154038135, 7.11543046255227, 9.035116601514474, 7.4742270709964505, 6.067703918031278, 5.511942293294026, 4.948960859331005, 4.722029908681617, 7.359169268002255, 4.31279437087561, 4.715074321069599, 3.761380659690036, 8.38386350969561, 6.672323857177446, 5.047065105894243, 3.6260238462306638, 5.386418798251616, 4.05334011452761, 2.8888794882997475, 8.014128317880163, 6.2013700906575835, 5.055528649232379, 4.4056726534524095, 3.602003406035269, 2.6617915545129662, 2.211444584648232, 0.0, 4.944740094128564, 3.4447805753578673, 1.9448834994012347, 2.5158537614554275, 7.965211110930574, 6.138022999919891, 4.316049915793553, 2.510671150493367, 5.068506831008318, 3.62019614245669, 2.2409548687420315, 8.123865187771825, 2.580972693503792, 8.24282557063626, 6.4942214078200875, 5.410756935558613, 4.809144645554412, 4.08562715254047, 3.2868001113792764, 2.934008834931528, 6.472966569207541, 4.5066380701591], [8.388153021441079, 8.388153021441079, 8.340070547515202, 5.2704627669473, 4.487637339278754, 4.384315479321969, 4.585605497399202, 5.002777006601212, 5.2704627669473, 3.884620673602222, 4.369242242972777, 3.5794552658190883, 4.422951503238533, 4.041666666666667, 2.9489287132034168, 2.789177995196594, 3.6857929193654444, 2.166666666666667, 2.63523138347365, 3.70060055186242, 3.1896098681674396, 1.5920810978785673, 1.083333333333334, 1.2720281268728126, 1.8503002759312102, 2.7246304540453026, 3.1896098681674396, 4.944740094128564, 0.0, 1.5, 3.0, 2.4337041484948636, 3.048508287306724, 1.286279086702761, 0.8589803386703451, 2.5580075796951376, 1.0833333333333321, 1.850300275931209, 3.189609868167439, 3.431876713662333, 3.431876713662333, 3.7006005518624194, 2.4608038433722332, 2.166666666666666, 2.2669117514559067, 2.635231383473649, 3.3082388735465345, 3.7006005518624194, 3.6419606499963706, 6.837391064306092], [9.033886821911768, 7.975657409336933, 7.666728166184145, 6.247221604663771, 5.08811250749125, 4.412734098291243, 4.333333333333334, 4.447221354708779, 4.585605497399202, 4.673358297603318, 3.7202523809249533, 3.25, 3.5794552658190883, 5.252149031058091, 3.8008131439937376, 2.8336396893198845, 2.887052033553335, 2.63523138347365, 2.166666666666667, 2.63523138347365, 4.628564692332939, 2.8783193398617577, 1.8503002759312102, 1.366768288904728, 1.083333333333334, 1.4743171677461782, 1.8503002759312102, 3.4447805753578673, 1.5, 0.0, 1.5, 0.9366319504879891, 4.532483069772879, 2.721123644542616, 0.9939050368230471, 1.1372786719963481, 1.850300275931209, 1.0833333333333321, 1.850300275931209, 4.798726682962656, 2.2422706745122847, 4.994441354590566, 3.4359213546813834, 2.635231383473649, 2.321398046197353, 2.166666666666666, 2.386303510546058, 2.635231383473649, 4.088621994623025, 5.786155186856634], [9.867173410410457, 7.833333333333334, 7.245734249252595, 7.40120110372484, 6.011562932290479, 4.921607686744467, 4.585605497399202, 4.362084109434134, 4.333333333333334, 5.752414951807439, 3.6180488910154023, 3.5794552658190883, 3.25, 6.582937751828164, 4.969525184115235, 3.574844596466942, 2.754100478276791, 3.70060055186242, 2.63523138347365, 2.166666666666667, 6.097016574613449, 4.305197117696498, 3.1896098681674396, 2.5725581734055227, 1.8503002759312102, 1.19315175527303, 1.083333333333334, 1.9448834994012347, 3.0, 1.5, 0.0, 0.5758844840319638, 6.024400615644495, 4.201727488651411, 2.3953803919674685, 0.7371585838730884, 3.189609868167439, 1.850300275931209, 1.0833333333333321, 6.227180564089801, 1.666666666666666, 6.379219736334879, 4.696334267868457, 3.7006005518624194, 3.1841621957571333, 2.635231383473649, 2.2236106773543884, 2.166666666666666, 4.966868455446382, 4.970841691959529], [9.609980964419131, 7.947904645225266, 7.463240176521043, 7.0077612286247115, 5.7055183399519604, 4.766485480924373, 4.524578214843588, 4.428097828009195, 4.463874051819901, 5.383699494256493, 3.6782046779900406, 3.471648388880028, 3.3921536026965406, 6.1122604281405755, 4.561134686843358, 3.3121585022248463, 2.8034015906425593, 3.3205023330420644, 2.445424149715468, 2.331193428329242, 5.558056103118309, 3.7863187577808533, 2.7019834755154113, 2.1219458164283607, 1.501691789360309, 1.1795425309901792, 1.3074562166688388, 2.5158537614554275, 2.4337041484948636, 0.9366319504879891, 0.5758844840319638, 0.0, 5.450275015942606, 3.6262542436404854, 1.8210338140340248, 0.4525822427053487, 2.6253265101823233, 1.3589344404127537, 1.1406429509771014, 5.654894487747785, 1.6719108171955777, 5.813798917524209, 4.152647341578396, 3.195150217118643, 2.7223012794054946, 2.272300252657456, 2.073545463791351, 2.148886215345281, 4.522700079991203, 5.164093460367993], [8.375, 10.302457231165777, 10.612251790642532, 4.875, 5.208333333333333, 6.100005692164921, 6.634427254857799, 7.34953229804455, 7.7308230480331135, 4.38926246651986, 6.875, 5.884448666707112, 7.097657086046853, 3.25, 3.7314355295396853, 4.899688198696366, 6.388466169590319, 4.041666666666666, 5.2521490310580905, 6.582937751828164, 1.625, 2.449844099348183, 3.4118360159890453, 4.010619583611046, 4.78441480225116, 5.735034873477231, 6.216158379578178, 7.965211110930574, 3.048508287306724, 4.532483069772879, 6.024400615644495, 5.450275015942606, 0.0, 1.833333333333333, 3.666666666666666, 5.5, 3.048508287306724, 4.532483069772879, 6.024400615644495, 1.125, 6.10455772353739, 1.625, 2.449844099348183, 3.4118360159890453, 4.010619583611046, 4.78441480225116, 5.735034873477231, 6.216158379578178, 4.028635596343761, 9.068678030893281], [8.57331535119939, 9.354236265516876, 9.437045070800611, 5.208333333333333, 4.875, 5.208333333333333, 5.556683913190592, 6.100005692164921, 6.413013029076981, 4.138446098611302, 5.519064181946469, 4.635498594781604, 5.633635346933827, 3.7314355295396853, 3.25, 3.7314355295396853, 4.899688198696366, 2.948928713203416, 3.800813143993737, 4.969525184115235, 2.449844099348183, 1.625, 2.0004339806929674, 2.449844099348183, 3.1227769870919557, 4.010619583611047, 4.472330053910502, 6.138022999919891, 1.286279086702761, 2.721123644542616, 4.201727488651411, 3.6262542436404854, 1.833333333333333, 0.0, 1.833333333333333, 3.666666666666667, 1.286279086702761, 2.721123644542616, 4.201727488651411, 2.150984916523384, 4.315870261153724, 2.449844099348183, 1.625, 2.0004339806929674, 2.449844099348183, 3.1227769870919557, 4.010619583611047, 4.472330053910502, 3.17195382725042, 7.458736258267471], [9.142487049181117, 8.693967416803703, 8.498115878879908, 6.100005692164921, 5.208333333333333, 4.875, 4.945712228228048, 5.208333333333334, 5.404634071280353, 4.659406554964317, 4.514059825823215, 3.8821618404640925, 4.452098444054843, 4.899688198696366, 3.7314355295396853, 3.25, 3.7314355295396857, 2.789177995196593, 2.8336396893198836, 3.5748445964669413, 4.010619583611046, 2.449844099348183, 1.7564365756964992, 1.625, 1.8262172500675942, 2.4498440993481836, 2.843425653053803, 4.316049915793553, 0.8589803386703451, 0.9939050368230471, 2.3953803919674685, 1.8210338140340248, 3.666666666666666, 1.833333333333333, 0.0, 1.833333333333334, 0.8589803386703451, 0.9939050368230471, 2.3953803919674685, 3.8353708353227645, 2.5903801737282595, 4.010619583611046, 2.449844099348183, 1.7564365756964992, 1.625, 1.8262172500675942, 2.4498440993481836, 2.843425653053803, 3.2580515064239464, 5.9788622776414115], [10.019512213675874, 8.389912097274918, 7.880377499564457, 7.34953229804455, 6.100005692164921, 5.208333333333334, 4.976507309348595, 4.875, 4.900573945978165, 5.745922467280602, 4.125, 3.9213181598935716, 3.824491614726212, 6.388466169590319, 4.899688198696366, 3.7314355295396857, 3.25, 3.685792919365444, 2.8870520335533345, 2.75410047827679, 5.735034873477231, 4.010619583611047, 2.981715110469141, 2.4498440993481836, 1.9080421903092184, 1.625, 1.7001838135919305, 2.510671150493367, 2.5580075796951376, 1.1372786719963481, 0.7371585838730884, 0.4525822427053487, 5.5, 3.666666666666667, 1.833333333333334, 0.0, 2.5580075796951376, 1.1372786719963481, 0.7371585838730884, 5.613877893221405, 1.231107225224513, 5.735034873477231, 4.010619583611047, 2.981715110469141, 2.4498440993481836, 1.9080421903092184, 1.625, 1.7001838135919305, 4.229743535610207, 4.752164130355273], [9.4078129469311, 9.4078129469311, 9.282110810615187, 6.191952662753307, 5.540883403293096, 5.457538110010979, 5.620522909639082, 5.9657587763651465, 6.191952662753307, 4.9018137232842465, 5.294126724756197, 4.5856054973992, 5.270462766947298, 4.834949442456571, 3.9670955650478374, 3.8498286397650934, 4.541666666666666, 3.249999999999999, 3.5794552658190875, 4.422951503238532, 3.7006005518624194, 2.4608038433722332, 2.166666666666666, 2.2669117514559067, 2.635231383473649, 3.3082388735465345, 3.7006005518624194, 5.068506831008318, 1.0833333333333321, 1.850300275931209, 3.189609868167439, 2.6253265101823233, 3.048508287306724, 1.286279086702761, 0.8589803386703451, 2.5580075796951376, 0.0, 1.5, 3.0, 3.0561868034820416, 3.0561868034820416, 3.1896098681674396, 1.5920810978785673, 1.083333333333334, 1.2720281268728126, 1.8503002759312102, 2.7246304540453026, 3.1896098681674396, 2.5679850994237357, 6.1836423381253365], [9.98783982873396, 9.041954680512639, 8.682138281389562, 7.042036479440998, 6.037498562226651, 5.48039434915246, 5.416666666666666, 5.50820095655358, 5.620522909639082, 5.547772325697745, 4.772607021092117, 4.333333333333332, 4.5856054973992, 5.884448666707112, 4.635498594781604, 3.8821618404640925, 3.9213181598935716, 3.5794552658190875, 3.249999999999999, 3.5794552658190875, 4.994441354590566, 3.4359213546813834, 2.635231383473649, 2.321398046197353, 2.166666666666666, 2.386303510546058, 2.635231383473649, 3.62019614245669, 1.850300275931209, 1.0833333333333321, 1.850300275931209, 1.3589344404127537, 4.532483069772879, 2.721123644542616, 0.9939050368230471, 1.1372786719963481, 1.5, 0.0, 1.5, 4.53765113002066, 1.609433992985664, 4.628564692332939, 2.8783193398617577, 1.8503002759312102, 1.366768288904728, 1.083333333333334, 1.4743171677461782, 1.8503002759312102, 3.1697791578681787, 4.996709701993035], [10.747415710041388, 8.916666666666666, 8.312729345636177, 8.083333333333332, 6.833841444523635, 5.897857426406832, 5.620522909639082, 5.4396946401225295, 5.416666666666666, 6.482883446258907, 4.69337594677624, 4.5856054973992, 4.333333333333332, 7.097657086046853, 5.633635346933827, 4.452098444054843, 3.824491614726212, 4.422951503238532, 3.5794552658190875, 3.249999999999999, 6.379219736334879, 4.696334267868457, 3.7006005518624194, 3.1841621957571333, 2.635231383473649, 2.2236106773543884, 2.166666666666666, 2.2409548687420315, 3.189609868167439, 1.850300275931209, 1.0833333333333321, 1.1406429509771014, 6.024400615644495, 4.201727488651411, 2.3953803919674685, 0.7371585838730884, 3.0, 1.5, 0.0, 6.028289788802275, 0.5833333333333339, 6.097016574613449, 4.305197117696498, 3.1896098681674396, 2.5725581734055227, 1.8503002759312102, 1.19315175527303, 1.083333333333334, 4.242693996560283, 4.024522720289508], [9.5, 11.236102527122116, 11.450974190282011, 6.0, 6.27384340823957, 7.031674369909662, 7.5, 8.139410298049853, 8.48528137423857, 5.460082416960389, 7.603453162872775, 6.665103983518269, 7.757165146566824, 4.375, 4.743599488901978, 5.708333333333333, 7.027846398435298, 4.867693955503411, 5.9113826169894, 7.120003121097943, 2.75, 3.3050886691753236, 4.0697051490249265, 4.583333333333333, 5.273755777432247, 6.149186938124422, 6.600189391222043, 8.123865187771825, 3.431876713662333, 4.798726682962656, 6.227180564089801, 5.654894487747785, 1.125, 2.150984916523384, 3.8353708353227645, 5.613877893221405, 3.0561868034820416, 4.53765113002066, 6.028289788802275, 0.0, 6.0, 0.5, 1.9002923751652296, 3.0413812651491097, 3.700600551862419, 4.527692569068709, 5.522680508593631, 6.020797289396148, 3.2511055310777826, 8.640987154071306], [11.236102527122116, 9.5, 8.888902409916977, 8.48528137423857, 7.304869000270376, 6.437735971942656, 6.18465843842649, 6.020797289396148, 6.0, 6.914658342969665, 5.273755777432247, 5.140390171097045, 4.916666666666666, 7.425673370139573, 6.041666666666667, 4.958333333333334, 4.403478738452134, 4.867693955503411, 4.1163630117428225, 3.833333333333333, 6.600189391222043, 4.99235526691672, 4.0697051490249265, 3.606514168063734, 3.132491021535417, 2.7950849718747373, 2.75, 2.580972693503792, 3.431876713662333, 2.2422706745122847, 1.666666666666666, 1.6719108171955777, 6.10455772353739, 4.315870261153724, 2.5903801737282595, 1.231107225224513, 3.0561868034820416, 1.609433992985664, 0.5833333333333339, 6.0, 0.0, 6.020797289396148, 4.196559437338058, 3.0413812651491097, 2.3863035105460595, 1.5811388300841898, 0.7071067811865476, 0.5, 3.9219251560142276, 3.5475851106585012], [10.0, 11.661903789690601, 11.838991494739272, 6.5, 6.75359986311827, 7.4628710590793705, 7.905694150420948, 8.514693182963201, 8.845903006477066, 5.942432162002357, 7.956915231419774, 7.042036479440998, 8.083333333333332, 4.875, 5.208333333333333, 6.100005692164921, 7.34953229804455, 5.270462766947299, 6.24722160466377, 7.401201103724839, 3.25, 3.7314355295396853, 4.422951503238533, 4.899688198696366, 5.55090082779363, 6.388466169590319, 6.823672031978091, 8.24282557063626, 3.7006005518624194, 4.994441354590566, 6.379219736334879, 5.813798917524209, 1.625, 2.449844099348183, 4.010619583611046, 5.735034873477231, 3.1896098681674396, 4.628564692332939, 6.097016574613449, 0.5, 6.020797289396148, 0.0, 1.833333333333333, 3.0, 3.666666666666666, 4.5, 5.5, 6.0, 2.9776727339045426, 8.491926767666541], [10.166666666666666, 10.833333333333334, 10.798131839018975, 6.75359986311827, 6.5, 6.75359986311827, 7.025746302785998, 7.4628710590793705, 7.720823214600313, 5.759653731875825, 6.819600020854922, 6.037498562226651, 6.833841444523635, 5.208333333333333, 4.875, 5.208333333333333, 6.100005692164921, 4.487637339278753, 5.088112507491249, 6.011562932290477, 3.7314355295396853, 3.25, 3.4530582258501106, 3.7314355295396853, 4.203999418543146, 4.899688198696366, 5.28427962082923, 6.4942214078200875, 2.4608038433722332, 3.4359213546813834, 4.696334267868457, 4.152647341578396, 2.449844099348183, 1.625, 2.449844099348183, 4.010619583611047, 1.5920810978785673, 2.8783193398617577, 4.305197117696498, 1.9002923751652296, 4.196559437338058, 1.833333333333333, 0.0, 1.166666666666667, 1.833333333333333, 2.666666666666667, 3.666666666666667, 4.166666666666667, 1.6425349994198273, 6.745713125370727], [10.44030650891055, 10.44030650891055, 10.252102598285406, 7.158910531638177, 6.60387091871965, 6.534098594637553, 6.670832032063167, 6.96419413859206, 7.158910531638177, 5.942432162002357, 6.269968101992227, 5.620522909639082, 6.191952662753307, 5.724126570927655, 5.012657589653528, 4.920372896889467, 5.478651750202782, 4.333333333333333, 4.585605497399201, 5.270462766947299, 4.422951503238533, 3.4530582258501106, 3.25, 3.31767153956573, 3.5794552658190883, 4.100304866714182, 4.422951503238533, 5.410756935558613, 2.166666666666666, 2.635231383473649, 3.7006005518624194, 3.195150217118643, 3.4118360159890453, 2.0004339806929674, 1.7564365756964992, 2.981715110469141, 1.083333333333334, 1.8503002759312102, 3.1896098681674396, 3.0413812651491097, 3.0413812651491097, 3.0, 1.166666666666667, 0.0, 0.6666666666666661, 1.5, 2.5, 3.0, 1.5074613719179968, 5.663229713483445], [10.651030205780305, 10.268614533832908, 9.987983031392476, 7.4628710590793705, 6.75359986311827, 6.5, 6.553201083779166, 6.75359986311827, 6.906116451700221, 6.1446679686085925, 6.035197686166636, 5.48039434915246, 5.897857426406832, 6.100005692164921, 5.208333333333333, 4.875, 5.208333333333334, 4.384315479321968, 4.412734098291242, 4.9216076867444665, 4.899688198696366, 3.7314355295396853, 3.31767153956573, 3.25, 3.355137023199566, 3.7314355295396857, 4.000867961385935, 4.809144645554412, 2.2669117514559067, 2.321398046197353, 3.1841621957571333, 2.7223012794054946, 4.010619583611046, 2.449844099348183, 1.625, 2.4498440993481836, 1.2720281268728126, 1.366768288904728, 2.5725581734055227, 3.700600551862419, 2.3863035105460595, 3.666666666666666, 1.833333333333333, 0.6666666666666661, 0.0, 0.8333333333333339, 1.833333333333334, 2.333333333333334, 1.803199867075708, 5.061491196713526], [10.965856099730654, 10.111874208078342, 9.712237215101428, 7.905694150420948, 7.0257