totalHoles = 50;
zeroHoleID = 31;
C = [[0.0, 2.5, 3.0, 5.0, 7.5, 8.0, 5.5901699437494745, 1.5, 2.9154759474226504, 5.220153254455275, 7.648529270389178, 4.155192534648665, 8.500919067959652, 3.5999999999999996, 4.382921400162225, 6.161168720299744, 8.319254774317228, 6.727973320398944, 5.699999999999999, 6.224146527838174, 7.582216034906945, 9.420191080864548, 6.485560885536423, 9.852030247619016, 8.911342534843325, 8.707037383633999, 7.800000000000001, 8.190848551890092, 9.264987857520376, 10.820813278122861, 8.202285252439342, 8.775228351575732, 11.763954479680717, 11.085604403910505, 9.9, 10.21077861869505, 11.090987332063815, 12.42014492669067, 11.5, 11.76860229593982, 12.539936203984453, 13.729530217745982, 14.0089257261219, 14.554812418327302, 12.0, 12.257650672131263, 13.0, 14.150971698084906, 14.792424764985789, 13.656500283747663], [2.5, 0.0, 0.5, 2.5, 5.0, 5.5, 3.1622776601683795, 2.9154759474226504, 1.5, 2.9154759474226504, 5.220153254455275, 2.918154382482188, 6.206095793653205, 4.382921400162225, 3.5999999999999996, 4.382921400162225, 6.161168720299744, 4.900573945978165, 6.224146527838174, 5.699999999999999, 6.224146527838174, 7.582216034906945, 5.771698190307598, 7.956915231419774, 7.397592805200639, 7.386643351347079, 8.190848551890092, 7.800000000000001, 8.190848551890092, 9.264987857520376, 8.27438880504202, 8.661732715583712, 10.229400031282383, 10.081697525714606, 10.21077861869505, 9.9, 10.21077861869505, 11.090987332063815, 11.76860229593982, 11.5, 11.76860229593982, 12.539936203984453, 12.747548783981962, 13.192090820665609, 12.257650672131263, 12.0, 12.257650672131263, 13.0, 13.497639047551784, 12.854960132182441], [3.0, 0.5, 0.0, 2.0, 4.5, 5.0, 2.692582403567252, 3.3541019662496847, 1.5811388300841898, 2.5, 4.743416490252569, 2.875, 5.767635997529664, 4.686149805543993, 3.634556369077249, 4.1182520563948, 5.762811813689563, 4.611466686424179, 6.441273166075166, 5.721887800367987, 6.040695324215582, 7.262231062146122, 5.75, 7.6198753270640855, 7.161483786144177, 7.198090024443984, 8.357032966310472, 7.816009211867653, 8.052328855678958, 9.004998611882181, 8.378729942176731, 8.725239815557858, 9.969484690795207, 9.944376551599401, 10.34456378974, 9.912618221237011, 10.1, 10.874741376235114, 11.884864324004713, 11.510864433221338, 11.672617529928752, 12.349089035228468, 12.539936203984453, 12.96028546592585, 12.36931687685298, 12.010412149464313, 12.165525060596439, 12.816005617976296, 13.280073258233202, 12.747548783981962], [5.0, 2.5, 2.0, 0.0, 2.5, 3.0, 1.118033988749895, 5.220153254455275, 2.9154759474226504, 1.5, 2.9154759474226504, 3.502231431530475, 4.155192534648665, 6.161168720299744, 4.382921400162225, 3.5999999999999996, 4.382921400162225, 3.907124902021946, 7.582216034906945, 6.224146527838174, 5.699999999999999, 6.224146527838174, 6.0878978309429606, 6.485560885536423, 6.522019077694012, 6.768493185340442, 9.264987857520376, 8.190848551890092, 7.800000000000001, 8.190848551890092, 9.0638588267705, 9.249140211399537, 9.13184674641444, 9.637978263100617, 11.090987332063815, 10.21077861869505, 9.9, 10.21077861869505, 12.539936203984453, 11.76860229593982, 11.5, 11.76860229593982, 11.884864324004713, 12.195079167790793, 13.0, 12.257650672131263, 12.0, 12.257650672131263, 12.572059866554262, 12.509996003196804], [7.5, 5.0, 4.5, 2.5, 0.0, 0.5, 2.23606797749979, 7.648529270389178, 5.220153254455275, 2.9154759474226504, 1.5, 5.340002340823457, 2.918154382482188, 8.319254774317228, 6.161168720299744, 4.382921400162225, 3.5999999999999996, 4.360690885628102, 9.420191080864548, 7.582216034906945, 6.224146527838174, 5.699999999999999, 7.301540933255117, 5.771698190307598, 6.545921355168656, 7.0400639201643616, 10.820813278122861, 9.264987857520376, 8.190848551890092, 7.800000000000001, 10.408725357422314, 10.419576558768716, 8.639480597813737, 9.830596370515881, 12.42014492669067, 11.090987332063815, 10.21077861869505, 9.9, 13.729530217745982, 12.539936203984453, 11.76860229593982, 11.5, 11.510864433221338, 11.657986601325295, 14.150971698084906, 13.0, 12.257650672131263, 12.0, 12.100707364383876, 12.658988901172163], [8.0, 5.5, 5.0, 3.0, 0.5, 0.0, 2.692582403567252, 8.139410298049853, 5.70087712549569, 3.3541019662496847, 1.5811388300841898, 5.767635997529664, 2.875, 8.772684879784522, 6.573431371817918, 4.686149805543993, 3.634556369077249, 4.611466686424179, 9.822932352408825, 7.92085853932514, 6.441273166075166, 5.721887800367987, 7.6198753270640855, 5.75, 6.664199659051546, 7.198090024443984, 11.173182178770737, 9.544108130150246, 8.357032966310472, 7.816009211867653, 10.727495929301043, 10.708490643728716, 8.625, 9.944376551599401, 12.7283148923964, 11.3251931550857, 10.34456378974, 9.912618221237011, 14.0089257261219, 12.747548783981962, 11.884864324004713, 11.510864433221338, 11.5, 11.612337866867255, 14.422205101855956, 13.200378782444085, 12.36931687685298, 12.010412149464313, 12.06653241840837, 12.747548783981962], [5.5901699437494745, 3.1622776601683795, 2.692582403567252, 1.118033988749895, 2.23606797749979, 2.692582403567252, 0.0, 5.522680508593631, 3.0413812651491097, 0.7071067811865476, 2.0615528128088303, 3.125, 3.125, 6.0835844697020525, 3.9698866482558413, 2.647640458974745, 3.280243893371345, 2.875, 7.234638899074368, 5.575840743780259, 4.726520919238588, 5.107837115648853, 5.367727638395972, 5.367727638395972, 5.456483594834885, 5.75, 8.745856161634492, 7.432361670424819, 6.818357573492315, 7.088018058667741, 8.432793693126838, 8.538838897118032, 8.024376922852017, 8.625, 10.462313319720453, 9.392017887546851, 8.914033879226622, 9.121951545584968, 11.853269591129697, 10.920164833920778, 10.51189802081432, 10.688779163215974, 10.793516572461451, 11.09008138275349, 12.298373876248844, 11.40175425099138, 11.01135777277262, 11.180339887498949, 11.472803204307791, 11.5], [1.5, 2.9154759474226504, 3.3541019662496847, 5.220153254455275, 7.648529270389178, 8.139410298049853, 5.522680508593631, 0.0, 2.5, 5.0, 7.5, 3.3000946956110213, 8.11730404752711, 2.0999999999999996, 3.2649655434629015, 5.423098745182499, 7.788452991448302, 5.99087848316088, 4.199999999999999, 4.887739763939974, 6.529931086925803, 8.595929269136642, 5.202163011671203, 9.058835465996719, 7.90082529032124, 7.603453162872775, 6.300000000000001, 6.7779052811322185, 8.043009387039158, 9.794896630388704, 6.716307341152511, 7.307263571908172, 10.712871930532915, 9.811504726595203, 8.4, 8.764131445842194, 9.77547952787995, 11.260994627474076, 10.0, 10.307764064044152, 11.180339887498949, 12.5, 12.806248474865697, 13.391821368933055, 10.5, 10.793516572461451, 11.629703349613008, 12.90348790056394, 13.598069264183135, 12.298373876248844], [2.9154759474226504, 1.5, 1.5811388300841898, 2.9154759474226504, 5.220153254455275, 5.70087712549569, 3.0413812651491097, 2.5, 0.0, 2.5, 5.0, 1.4630874888399532, 5.669270235224284, 3.2649655434629015, 2.0999999999999996, 3.2649655434629015, 5.423098745182499, 3.8263069662534916, 4.887739763939974, 4.199999999999999, 4.887739763939974, 6.529931086925803, 4.2793106921559225, 6.950719387228922, 6.142914113548072, 6.046693311223912, 6.7779052811322185, 6.300000000000001, 6.7779052811322185, 8.043009387039158, 6.804175999740153, 7.170570543774801, 9.000868013697346, 8.661156100660003, 8.764131445842194, 8.4, 8.764131445842194, 9.77547952787995, 10.307764064044152, 10.0, 10.307764064044152, 11.180339887498949, 11.412712210513327, 11.89662032954768, 10.793516572461451, 10.5, 10.793516572461451, 11.629703349613008, 12.176942027609059, 11.40175425099138], [5.220153254455275, 2.9154759474226504, 2.5, 1.5, 2.9154759474226504, 3.3541019662496847, 0.7071067811865476, 5.0, 2.5, 0.0, 2.5, 2.42706097986845, 3.3000946956110213, 5.423098745182499, 3.2649655434629015, 2.0999999999999996, 3.2649655434629015, 2.42706097986845, 6.529931086925803, 4.887739763939974, 4.199999999999999, 4.887739763939974, 4.697073557013984, 5.202163011671203, 5.054477949766572, 5.273755777432247, 8.043009387039158, 6.7779052811322185, 6.300000000000001, 6.7779052811322185, 7.744987912841484, 7.870073883844134, 7.7308230480331135, 8.140370077582467, 9.77547952787995, 8.764131445842194, 8.4, 8.764131445842194, 11.180339887498949, 10.307764064044152, 10.0, 10.307764064044152, 10.44030650891055, 10.780457826706726, 11.629703349613008, 10.793516572461451, 10.5, 10.793516572461451, 11.142187692458855, 11.01135777277262], [7.648529270389178, 5.220153254455275, 4.743416490252569, 2.9154759474226504, 1.5, 1.5811388300841898, 2.0615528128088303, 7.5, 5.0, 2.5, 0.0, 4.705382556179678, 1.4630874888399532, 7.788452991448302, 5.423098745182499, 3.2649655434629015, 2.0999999999999996, 3.1049355870935553, 8.595929269136642, 6.529931086925803, 4.887739763939974, 4.199999999999999, 6.189709201569974, 4.2793106921559225, 5.085282773152826, 5.618051263561058, 9.794896630388704, 8.043009387039158, 6.7779052811322185, 6.300000000000001, 9.282934046123644, 9.217323036059883, 7.142522313580827, 8.36753398558978, 11.260994627474076, 9.77547952787995, 8.764131445842194, 8.4, 12.5, 11.180339887498949, 10.307764064044152, 10.0, 10.012492197250394, 10.168921606610875, 12.90348790056394, 11.629703349613008, 10.793516572461451, 10.5, 10.607486790197354, 11.180339887498949], [4.155192534648665, 2.918154382482188, 2.875, 3.502231431530475, 5.340002340823457, 5.767635997529664, 3.125, 3.3000946956110213, 1.4630874888399532, 2.42706097986845, 4.705382556179678, 0.0, 5.0, 3.0863611259863934, 0.8806957476904266, 2.1273516399504806, 4.558028630888577, 2.692582403567252, 4.120755391915419, 2.8689065861404406, 3.461303945047299, 5.3132499470662955, 2.875, 5.767635997529664, 4.762116420358035, 4.611466686424179, 5.766769026066504, 4.950315646501747, 5.315602035517708, 6.67125363031567, 5.627275887075644, 5.90196993010116, 7.6198753270640855, 7.198090024443984, 7.638758079688086, 7.0427711165421245, 7.30415121694506, 8.342698903832021, 9.13184674641444, 8.639480597813737, 8.853848033482391, 9.728341328304635, 9.969484690795207, 10.470302201655745, 9.605499726719064, 9.13868836321712, 9.34160719576669, 10.174262872562316, 10.738830501583578, 9.944376551599401], [8.500919067959652, 6.206095793653205, 5.767635997529664, 4.155192534648665, 2.918154382482188, 2.875, 3.125, 8.11730404752711, 5.669270235224284, 3.3000946956110213, 1.4630874888399532, 5.0, 0.0, 8.032784386500113, 5.547578300483915, 3.0863611259863934, 0.8806957476904266, 2.692582403567252, 8.484139614598524, 6.183091864108118, 4.120755391915419, 2.8689065861404406, 5.767635997529664, 2.875, 3.975230795506146, 4.611466686424179, 9.39444649779858, 7.382792493359136, 5.766769026066504, 4.950315646501747, 8.748844916816422, 8.56593317062698, 5.75, 7.198090024443984, 10.646625052099845, 8.921918235446904, 7.638758079688086, 7.0427711165421245, 11.763954479680717, 10.229400031282383, 9.13184674641444, 8.639480597813737, 8.625, 8.74669192152024, 12.13530489934225, 10.654371168680017, 9.605499726719064, 9.13868836321712, 9.195832719346377, 9.944376551599401], [3.5999999999999996, 4.382921400162225, 4.686149805543993, 6.161168720299744, 8.319254774317228, 8.772684879784522, 6.0835844697020525, 2.0999999999999996, 3.2649655434629015, 5.423098745182499, 7.788452991448302, 3.0863611259863934, 8.032784386500113, 0.0, 2.5, 5.0, 7.5, 5.506870708487716, 2.0999999999999996, 3.2649655434629015, 5.423098745182499, 7.788452991448302, 3.6908671067921155, 8.283869868606098, 6.796944943207961, 6.3381779716255995, 4.200000000000001, 4.887739763939975, 6.529931086925804, 8.595929269136642, 4.6510864982956805, 5.28243850046443, 9.447254892295433, 8.157856642525658, 6.300000000000001, 6.7779052811322185, 8.043009387039158, 9.794896630388704, 7.9, 8.286132994346639, 9.34933152690608, 10.893117092916976, 11.243220179290272, 11.8911109926708, 8.4, 8.764131445842194, 9.77547952787995, 11.260994627474076, 12.041420510620085, 10.462313319720453], [4.382921400162225, 3.5999999999999996, 3.634556369077249, 4.382921400162225, 6.161168720299744, 6.573431371817918, 3.9698866482558413, 3.2649655434629015, 2.0999999999999996, 3.2649655434629015, 5.423098745182499, 0.8806957476904266, 5.547578300483915, 2.5, 0.0, 2.5, 5.0, 3.012577799825259, 3.2649655434629015, 2.0999999999999996, 3.2649655434629015, 5.423098745182499, 2.2073740054644118, 5.905294234837076, 4.6379752154629585, 4.3500000000000005, 4.887739763939975, 4.200000000000001, 4.887739763939975, 6.529931086925804, 4.777094551005785, 5.091673352160717, 7.449874160011027, 6.730573898264546, 6.7779052811322185, 6.300000000000001, 6.7779052811322185, 8.043009387039158, 8.286132994346639, 7.9, 8.286132994346639, 9.34933152690608, 9.626006440887103, 10.177780520723145, 8.764131445842194, 8.4, 8.764131445842194, 9.77547952787995, 10.409910534861087, 9.392017887546851], [6.161168720299744, 4.382921400162225, 4.1182520563948, 3.5999999999999996, 4.382921400162225, 4.686149805543993, 2.647640458974745, 5.423098745182499, 3.2649655434629015, 2.0999999999999996, 3.2649655434629015, 2.1273516399504806, 3.0863611259863934, 5.0, 2.5, 0.0, 2.5, 0.5706356105256665, 5.423098745182499, 3.2649655434629015, 2.0999999999999996, 3.2649655434629015, 2.936409372005205, 3.6908671067921155, 3.053386257501182, 3.189435686763413, 6.529931086925804, 4.887739763939975, 4.200000000000001, 4.887739763939975, 6.042239575179882, 6.037062078446619, 5.852403352469821, 6.045711289831826, 8.043009387039158, 6.7779052811322185, 6.300000000000001, 6.7779052811322185, 9.34933152690608, 8.286132994346639, 7.9, 8.286132994346639, 8.450443775329198, 8.847367518985896, 9.77547952787995, 8.764131445842194, 8.4, 8.764131445842194, 9.178053539506163, 8.914033879226622], [8.319254774317228, 6.161168720299744, 5.762811813689563, 4.382921400162225, 3.5999999999999996, 3.634556369077249, 3.280243893371345, 7.788452991448302, 5.423098745182499, 3.2649655434629015, 2.0999999999999996, 4.558028630888577, 0.8806957476904266, 7.5, 5.0, 2.5, 0.0, 2.018817723322242, 7.788452991448302, 5.423098745182499, 3.2649655434629015, 2.0999999999999996, 4.987233702163956, 2.2073740054644118, 3.1041135893754714, 3.7312866413611276, 8.595929269136642, 6.529931086925804, 4.887739763939975, 4.200000000000001, 7.918123882492035, 7.711491396152424, 5.0498143530232875, 6.348277325385211, 9.794896630388704, 8.043009387039158, 6.7779052811322185, 6.300000000000001, 10.893117092916976, 9.34933152690608, 8.286132994346639, 7.9, 7.9158069708653205, 8.09102018932111, 11.260994627474076, 9.77547952787995, 8.764131445842194, 8.4, 8.520979767859526, 9.121951545584968], [6.727973320398944, 4.900573945978165, 4.611466686424179, 3.907124902021946, 4.360690885628102, 4.611466686424179, 2.875, 5.99087848316088, 3.8263069662534916, 2.42706097986845, 3.1049355870935553, 2.692582403567252, 2.692582403567252, 5.506870708487716, 3.012577799825259, 0.5706356105256665, 2.018817723322242, 0.0, 5.794879204953284, 3.5114989676774786, 1.8922539470166253, 2.7075126961844513, 3.125, 3.125, 2.629470669648156, 2.875, 6.756894626971772, 4.940204955262485, 3.956718969044934, 4.405181608061126, 6.190729192605172, 6.112708804430164, 5.367727638395972, 5.75, 8.157856642525658, 6.730573898264546, 6.045711289831826, 6.348277325385211, 9.401628848236884, 8.193938308286192, 7.6413758577889626, 7.882932512713781, 8.024376922852017, 8.390359581794089, 9.811504726595203, 8.661156100660003, 8.140370077582467, 8.36753398558978, 8.737124707961788, 8.625], [5.699999999999999, 6.224146527838174, 6.441273166075166, 7.582216034906945, 9.420191080864548, 9.822932352408825, 7.234638899074368, 4.199999999999999, 4.887739763939974, 6.529931086925803, 8.595929269136642, 4.120755391915419, 8.484139614598524, 2.0999999999999996, 3.2649655434629015, 5.423098745182499, 7.788452991448302, 5.794879204953284, 0.0, 2.5, 5.0, 7.5, 3.0004166377354995, 8.00015624847415, 6.228473396733814, 5.5993303171004305, 2.1000000000000014, 3.264965543462903, 5.4230987451825, 7.788452991448302, 2.641292662398023, 3.3514492556268247, 8.517958969142784, 6.756894626971772, 4.200000000000001, 4.887739763939975, 6.529931086925804, 8.595929269136642, 5.800000000000001, 6.315853069855252, 7.657675887630659, 9.481033698917013, 9.8812954616285, 10.596044625360005, 6.300000000000001, 6.7779052811322185, 8.043009387039158, 9.794896630388704, 10.672587695289371, 8.745856161634492], [6.224146527838174, 5.699999999999999, 5.721887800367987, 6.224146527838174, 7.582216034906945, 7.92085853932514, 5.575840743780259, 4.887739763939974, 4.199999999999999, 4.887739763939974, 6.529931086925803, 2.8689065861404406, 6.183091864108118, 3.2649655434629015, 2.0999999999999996, 3.2649655434629015, 5.423098745182499, 3.5114989676774786, 2.5, 0.0, 2.5, 5.0, 0.5024937810560446, 5.500227268031749, 3.755826725511875, 3.1784430150625638, 3.264965543462903, 2.1000000000000014, 3.264965543462903, 5.4230987451825, 2.8573508120387365, 3.041906166691579, 6.22941610425889, 4.940204955262485, 4.887739763939975, 4.200000000000001, 4.887739763939975, 6.529931086925804, 6.315853069855252, 5.800000000000001, 6.315853069855252, 7.657675887630659, 7.993122043357027, 8.629302253984143, 6.7779052811322185, 6.300000000000001, 6.7779052811322185, 8.043009387039158, 8.790594834473483, 7.432361670424819], [7.582216034906945, 6.224146527838174, 6.040695324215582, 5.699999999999999, 6.224146527838174, 6.441273166075166, 4.726520919238588, 6.529931086925803, 4.887739763939974, 4.199999999999999, 4.887739763939974, 3.461303945047299, 4.120755391915419, 5.423098745182499, 3.2649655434629015, 2.0999999999999996, 3.2649655434629015, 1.8922539470166253, 5.0, 2.5, 0.0, 2.5, 2.000624902374256, 3.0004166377354995, 1.3851310155785446, 1.1629703349613014, 5.4230987451825, 3.264965543462903, 2.1000000000000014, 3.264965543462903, 4.674663666797775, 4.446816180242997, 4.1899433170390274, 3.956718969044934, 6.529931086925804, 4.887739763939975, 4.200000000000001, 4.887739763939975, 7.657675887630659, 6.315853069855252, 5.800000000000001, 6.315853069855252, 6.529931086925804, 7.0109594977157705, 8.043009387039158, 6.7779052811322185, 6.300000000000001, 6.7779052811322185, 7.2900608347325635, 6.818357573492315], [9.420191080864548, 7.582216034906945, 7.262231062146122, 6.224146527838174, 5.699999999999999, 5.721887800367987, 5.107837115648853, 8.595929269136642, 6.529931086925803, 4.887739763939974, 4.199999999999999, 5.3132499470662955, 2.8689065861404406, 7.788452991448302, 5.423098745182499, 3.2649655434629015, 2.0999999999999996, 2.7075126961844513, 7.5, 5.0, 2.5, 0.0, 4.500277769204919, 0.5024937810560446, 1.4936336460344108, 2.258871399615304, 7.788452991448302, 5.4230987451825, 3.264965543462903, 2.1000000000000014, 6.931125964249964, 6.5418006049394055, 2.96742733693683, 4.405181608061126, 8.595929269136642, 6.529931086925804, 4.887739763939975, 4.200000000000001, 9.481033698917013, 7.657675887630659, 6.315853069855252, 5.800000000000001, 5.821511831131154, 6.02845326486041, 9.794896630388704, 8.043009387039158, 6.7779052811322185, 6.300000000000001, 6.443245797292807, 7.088018058667741], [6.485560885536423, 5.771698190307598, 5.75, 6.0878978309429606, 7.301540933255117, 7.6198753270640855, 5.367727638395972, 5.202163011671203, 4.2793106921559225, 4.697073557013984, 6.189709201569974, 2.875, 5.767635997529664, 3.6908671067921155, 2.2073740054644118, 2.936409372005205, 4.987233702163956, 3.125, 3.0004166377354995, 0.5024937810560446, 2.000624902374256, 4.500277769204919, 0.0, 5.0, 3.2557496191939155, 2.692582403567252, 3.6335244598048333, 2.11009478460092, 2.864000698323938, 4.944946915791919, 3.1081509574982173, 3.1730014611784276, 5.767635997529664, 4.611466686424179, 5.1207909545303645, 4.1800119617053735, 4.606788469204984, 6.121478579559027, 6.485560885536423, 5.771698190307598, 6.0878978309429606, 7.301540933255117, 7.6198753270640855, 8.235089983097053, 6.932712311931024, 6.269968101992227, 6.562202374203344, 7.7014609003746815, 8.41521629784066, 7.198090024443984], [9.852030247619016, 7.956915231419774, 7.6198753270640855, 6.485560885536423, 5.771698190307598, 5.75, 5.367727638395972, 9.058835465996719, 6.950719387228922, 5.202163011671203, 4.2793106921559225, 5.767635997529664, 2.875, 8.283869868606098, 5.905294234837076, 3.6908671067921155, 2.2073740054644118, 3.125, 8.00015624847415, 5.500227268031749, 3.0004166377354995, 0.5024937810560446, 5.0, 0.0, 1.9299255579887327, 2.692582403567252, 8.258480489775344, 5.869625200981746, 3.6335244598048333, 2.11009478460092, 7.384893759820696, 6.9720800555121105, 2.875, 4.611466686424179, 9.012352634024037, 6.890029027515052, 5.1207909545303645, 4.1800119617053735, 9.852030247619016, 7.956915231419774, 6.485560885536423, 5.771698190307598, 5.75, 5.890169641504032, 10.151970252123476, 8.325412902673357, 6.932712311931024, 6.269968101992227, 6.329038173364307, 7.198090024443984], [8.911342534843325, 7.397592805200639, 7.161483786144177, 6.522019077694012, 6.545921355168656, 6.664199659051546, 5.456483594834885, 7.90082529032124, 6.142914113548072, 5.054477949766572, 5.085282773152826, 4.762116420358035, 3.975230795506146, 6.796944943207961, 4.6379752154629585, 3.053386257501182, 3.1041135893754714, 2.629470669648156, 6.228473396733814, 3.755826725511875, 1.3851310155785446, 1.4936336460344108, 3.2557496191939155, 1.9299255579887327, 0.0, 0.7656819080908319, 6.341080440007163, 3.939753124865799, 1.825926675181188, 1.9095449094971884, 5.455553738452638, 5.049354483011142, 2.8597229658160623, 3.2847635479917443, 7.102444750891204, 5.075142852936301, 3.6836705221774118, 3.7258263585689555, 8.010189567086327, 6.2829523664362625, 5.223776792432409, 5.253589012799139, 5.400247052038778, 5.798915478721551, 8.336674500799619, 6.694213566247418, 5.711816594462691, 5.739094209631672, 6.124668579461843, 6.125710109697732], [8.707037383633999, 7.386643351347079, 7.198090024443984, 6.768493185340442, 7.0400639201643616, 7.198090024443984, 5.75, 7.603453162872775, 6.046693311223912, 5.273755777432247, 5.618051263561058, 4.611466686424179, 4.611466686424179, 6.3381779716255995, 4.3500000000000005, 3.189435686763413, 3.7312866413611276, 2.875, 5.5993303171004305, 3.1784430150625638, 1.1629703349613014, 2.258871399615304, 2.692582403567252, 2.692582403567252, 0.7656819080908319, 0.0, 5.5993303171004305, 3.1784430150625638, 1.1629703349613014, 2.258871399615304, 4.697818259735895, 4.283678109356513, 3.125, 2.875, 6.3381779716255995, 4.3500000000000005, 3.189435686763413, 3.7312866413611276, 7.267220926874317, 5.618051263561058, 4.7762432936357, 5.153882032022076, 5.367727638395972, 5.859830436754305, 7.603453162872775, 6.046693311223912, 5.273755777432247, 5.618051263561058, 6.1303126315203205, 5.75], [7.800000000000001, 8.190848551890092, 8.357032966310472, 9.264987857520376, 10.820813278122861, 11.173182178770737, 8.745856161634492, 6.300000000000001, 6.7779052811322185, 8.043009387039158, 9.794896630388704, 5.766769026066504, 9.39444649779858, 4.200000000000001, 4.887739763939975, 6.529931086925804, 8.595929269136642, 6.756894626971772, 2.1000000000000014, 3.264965543462903, 5.4230987451825, 7.788452991448302, 3.6335244598048333, 8.258480489775344, 6.341080440007163, 5.5993303171004305, 0.0, 2.5, 5.0, 7.5, 1.0678240689584086, 1.8385504384961262, 8.042426561679006, 5.794879204953284, 2.0999999999999996, 3.2649655434629015, 5.423098745182499, 7.788452991448302, 3.6999999999999993, 4.465422712353221, 6.220128616033595, 8.363013810822029, 8.814193099768124, 9.590297324130518, 4.199999999999999, 4.887739763939974, 6.529931086925803, 8.595929269136642, 9.572483915562465, 7.234638899074368], [8.190848551890092, 7.800000000000001, 7.816009211867653, 8.190848551890092, 9.264987857520376, 9.544108130150246, 7.432361670424819, 6.7779052811322185, 6.300000000000001, 6.7779052811322185, 8.043009387039158, 4.950315646501747, 7.382792493359136, 4.887739763939975, 4.200000000000001, 4.887739763939975, 6.529931086925804, 4.940204955262485, 3.264965543462903, 2.1000000000000014, 3.264965543462903, 5.4230987451825, 2.11009478460092, 5.869625200981746, 3.939753124865799, 3.1784430150625638, 2.5, 0.0, 2.5, 5.0, 1.525868597510179, 1.1837435232384406, 5.561530814443088, 3.5114989676774786, 3.2649655434629015, 2.0999999999999996, 3.2649655434629015, 5.423098745182499, 4.465422712353221, 3.6999999999999993, 4.465422712353221, 6.220128616033595, 6.62872536767062, 7.359517542150445, 4.887739763939974, 4.199999999999999, 4.887739763939974, 6.529931086925803, 7.416392502014163, 5.575840743780259], [9.264987857520376, 8.190848551890092, 8.052328855678958, 7.800000000000001, 8.190848551890092, 8.357032966310472, 6.818357573492315, 8.043009387039158, 6.7779052811322185, 6.300000000000001, 6.7779052811322185, 5.315602035517708, 5.766769026066504, 6.529931086925804, 4.887739763939975, 4.200000000000001, 4.887739763939975, 3.956718969044934, 5.4230987451825, 3.264965543462903, 2.1000000000000014, 3.264965543462903, 2.864000698323938, 3.6335244598048333, 1.825926675181188, 1.1629703349613014, 5.0, 2.5, 0.0, 2.5, 4.002037195165541, 3.4528581990466414, 3.111370276903731, 1.8922539470166253, 5.423098745182499, 3.2649655434629015, 2.0999999999999996, 3.2649655434629015, 6.220128616033595, 4.465422712353221, 3.6999999999999993, 4.465422712353221, 4.763402145525821, 5.371330760734744, 6.529931086925803, 4.887739763939974, 4.199999999999999, 4.887739763939974, 5.55637536296475, 4.726520919238588], [10.820813278122861, 9.264987857520376, 9.004998611882181, 8.190848551890092, 7.800000000000001, 7.816009211867653, 7.088018058667741, 9.794896630388704, 8.043009387039158, 6.7779052811322185, 6.300000000000001, 6.67125363031567, 4.950315646501747, 8.595929269136642, 6.529931086925804, 4.887739763939975, 4.200000000000001, 4.405181608061126, 7.788452991448302, 5.4230987451825, 3.264965543462903, 2.1000000000000014, 4.944946915791919, 2.11009478460092, 1.9095449094971884, 2.258871399615304, 7.5, 5.0, 2.5, 0.0, 6.49648585360649, 5.911278267569399, 0.9646890690787363, 2.7075126961844513, 7.788452991448302, 5.423098745182499, 3.2649655434629015, 2.0999999999999996, 8.363013810822029, 6.220128616033595, 4.465422712353221, 3.6999999999999993, 3.733630940518893, 4.00498312470982, 8.595929269136642, 6.529931086925803, 4.887739763939974, 4.199999999999999, 4.386768355451588, 5.107837115648853], [8.202285252439342, 8.27438880504202, 8.378729942176731, 9.0638588267705, 10.408725357422314, 10.727495929301043, 8.432793693126838, 6.716307341152511, 6.804175999740153, 7.744987912841484, 9.282934046123644, 5.627275887075644, 8.748844916816422, 4.6510864982956805, 4.777094551005785, 6.042239575179882, 7.918123882492035, 6.190729192605172, 2.641292662398023, 2.8573508120387365, 4.674663666797775, 6.931125964249964, 3.1081509574982173, 7.384893759820696, 5.455553738452638, 4.697818259735895, 1.0678240689584086, 1.525868597510179, 4.002037195165541, 6.49648585360649, 0.0, 0.7947034638408598, 7.0044467525403284, 4.7270619698542236, 2.030780528776104, 2.304798535811089, 4.358913055487311, 6.722213159363403, 3.5096235159515827, 3.674980810608558, 5.2147397531383985, 7.306266996735248, 7.753653511378159, 8.526506471195955, 3.9909761800674044, 4.137138818614405, 5.550130119114955, 7.549302687912823, 8.515871931658053, 6.257154571542579], [8.775228351575732, 8.661732715583712, 8.725239815557858, 9.249140211399537, 10.419576558768716, 10.708490643728716, 8.538838897118032, 7.307263571908172, 7.170570543774801, 7.870073883844134, 9.217323036059883, 5.90196993010116, 8.56593317062698, 5.28243850046443, 5.091673352160717, 6.037062078446619, 7.711491396152424, 6.112708804430164, 3.3514492556268247, 3.041906166691579, 4.446816180242997, 6.5418006049394055, 3.1730014611784276, 6.9720800555121105, 5.049354483011142, 4.283678109356513, 1.8385504384961262, 1.1837435232384406, 3.4528581990466414, 5.911278267569399, 0.7947034638408598, 0.0, 6.3541985739581595, 3.9831943665106717, 2.085263368677205, 1.5392544723539587, 3.59030435263869, 5.992600967734376, 3.3175125455056174, 3.004475079527507, 4.421295230745904, 6.524479483555077, 6.9766058175959795, 7.755364712360297, 3.759837618647873, 3.4867405886464176, 4.762178172478327, 6.760127362730948, 7.733936525911102, 5.469280261444325], [11.763954479680717, 10.229400031282383, 9.969484690795207, 9.13184674641444, 8.639480597813737, 8.625, 8.024376922852017, 10.712871930532915, 9.000868013697346, 7.7308230480331135, 7.142522313580827, 7.6198753270640855, 5.75, 9.447254892295433, 7.449874160011027, 5.852403352469821, 5.0498143530232875, 5.367727638395972, 8.517958969142784, 6.22941610425889, 4.1899433170390274, 2.96742733693683, 5.767635997529664, 2.875, 2.8597229658160623, 3.125, 8.042426561679006, 5.561530814443088, 3.111370276903731, 0.9646890690787363, 7.0044467525403284, 6.3541985739581595, 0.0, 2.692582403567252, 8.10096444875547, 5.645850245977128, 3.25969707181511, 1.3695345924802342, 8.500919067959652, 6.206095793653205, 4.155192534648665, 2.918154382482188, 2.875, 3.068359047015852, 8.682777493406128, 6.452954749570154, 4.5155979670471105, 3.4118360159890453, 3.475824937709584, 4.611466686424179], [11.085604403910505, 10.081697525714606, 9.944376551599401, 9.637978263100617, 9.830596370515881, 9.944376551599401, 8.625, 9.811504726595203, 8.661156100660003, 8.140370077582467, 8.36753398558978, 7.198090024443984, 7.198090024443984, 8.157856642525658, 6.730573898264546, 6.045711289831826, 6.348277325385211, 5.75, 6.756894626971772, 4.940204955262485, 3.956718969044934, 4.405181608061126, 4.611466686424179, 4.611466686424179, 3.2847635479917443, 2.875, 5.794879204953284, 3.5114989676774786, 1.8922539470166253, 2.7075126961844513, 4.7270619698542236, 3.9831943665106717, 2.692582403567252, 0.0, 5.506870708487716, 3.012577799825259, 0.5706356105256665, 2.018817723322242, 5.8108196495847295, 3.5377429245212264, 1.940521837032503, 2.7414640249326636, 3.125, 3.8481608052705454, 5.99087848316088, 3.8263069662534916, 2.42706097986845, 3.1049355870935553, 3.918592573600735, 2.875], [9.9, 10.21077861869505, 10.34456378974, 11.090987332063815, 12.42014492669067, 12.7283148923964, 10.462313319720453, 8.4, 8.764131445842194, 9.77547952787995, 11.260994627474076, 7.638758079688086, 10.646625052099845, 6.300000000000001, 6.7779052811322185, 8.043009387039158, 9.794896630388704, 8.157856642525658, 4.200000000000001, 4.887739763939975, 6.529931086925804, 8.595929269136642, 5.1207909545303645, 9.012352634024037, 7.102444750891204, 6.3381779716255995, 2.0999999999999996, 3.2649655434629015, 5.423098745182499, 7.788452991448302, 2.030780528776104, 2.085263368677205, 8.10096444875547, 5.506870708487716, 0.0, 2.5, 5.0, 7.5, 1.5999999999999996, 2.9681644159311658, 5.2497618993626745, 7.668767828015137, 8.158431221748456, 8.97170239295917, 2.0999999999999996, 3.2649655434629015, 5.423098745182499, 7.788452991448302, 8.841988945580182, 6.0835844697020525], [10.21077861869505, 9.9, 9.912618221237011, 10.21077861869505, 11.090987332063815, 11.3251931550857, 9.392017887546851, 8.764131445842194, 8.4, 8.764131445842194, 9.77547952787995, 7.0427711165421245, 8.921918235446904, 6.7779052811322185, 6.300000000000001, 6.7779052811322185, 8.043009387039158, 6.730573898264546, 4.887739763939975, 4.200000000000001, 4.887739763939975, 6.529931086925804, 4.1800119617053735, 6.890029027515052, 5.075142852936301, 4.3500000000000005, 3.2649655434629015, 2.0999999999999996, 3.2649655434629015, 5.423098745182499, 2.304798535811089, 1.5392544723539587, 5.645850245977128, 3.012577799825259, 2.5, 0.0, 2.5, 5.0, 2.9681644159311658, 1.5999999999999996, 2.9681644159311658, 5.2497618993626745, 5.728001396647874, 6.533003866203084, 3.2649655434629015, 2.0999999999999996, 3.2649655434629015, 5.423098745182499, 6.446021869648901, 3.9698866482558413], [11.090987332063815, 10.21077861869505, 10.1, 9.9, 10.21077861869505, 10.34456378974, 8.914033879226622, 9.77547952787995, 8.764131445842194, 8.4, 8.764131445842194, 7.30415121694506, 7.638758079688086, 8.043009387039158, 6.7779052811322185, 6.300000000000001, 6.7779052811322185, 6.045711289831826, 6.529931086925804, 4.887739763939975, 4.200000000000001, 4.887739763939975, 4.606788469204984, 5.1207909545303645, 3.6836705221774118, 3.189435686763413, 5.423098745182499, 3.2649655434629015, 2.0999999999999996, 3.2649655434629015, 4.358913055487311, 3.59030435263869, 3.25969707181511, 0.5706356105256665, 5.0, 2.5, 0.0, 2.5, 5.2497618993626745, 2.9681644159311658, 1.5999999999999996, 2.9681644159311658, 3.4, 4.167593454719355, 5.423098745182499, 3.2649655434629015, 2.0999999999999996, 3.2649655434629015, 4.173922300932505, 2.647640458974745], [12.42014492669067, 11.090987332063815, 10.874741376235114, 10.21077861869505, 9.9, 9.912618221237011, 9.121951545584968, 11.260994627474076, 9.77547952787995, 8.764131445842194, 8.4, 8.342698903832021, 7.0427711165421245, 9.794896630388704, 8.043009387039158, 6.7779052811322185, 6.300000000000001, 6.348277325385211, 8.595929269136642, 6.529931086925804, 4.887739763939975, 4.200000000000001, 6.121478579559027, 4.1800119617053735, 3.7258263585689555, 3.7312866413611276, 7.788452991448302, 5.423098745182499, 3.2649655434629015, 2.0999999999999996, 6.722213159363403, 5.992600967734376, 1.3695345924802342, 2.018817723322242, 7.5, 5.0, 2.5, 0.0, 7.668767828015137, 5.2497618993626745, 2.9681644159311658, 1.5999999999999996, 1.6763054614240207, 2.134837439201112, 7.788452991448302, 5.423098745182499, 3.2649655434629015, 2.0999999999999996, 2.406669234533791, 3.280243893371345], [11.5, 11.76860229593982, 11.884864324004713, 12.539936203984453, 13.729530217745982, 14.0089257261219, 11.853269591129697, 10.0, 10.307764064044152, 11.180339887498949, 12.5, 9.13184674641444, 11.763954479680717, 7.9, 8.286132994346639, 9.34933152690608, 10.893117092916976, 9.401628848236884, 5.800000000000001, 6.315853069855252, 7.657675887630659, 9.481033698917013, 6.485560885536423, 9.852030247619016, 8.010189567086327, 7.267220926874317, 3.6999999999999993, 4.465422712353221, 6.220128616033595, 8.363013810822029, 3.5096235159515827, 3.3175125455056174, 8.500919067959652, 5.8108196495847295, 1.5999999999999996, 2.9681644159311658, 5.2497618993626745, 7.668767828015137, 0.0, 2.5, 5.0, 7.5, 8.0, 8.812660204247512, 0.5, 2.5495097567963922, 5.024937810560445, 7.516648189186454, 8.593711050446704, 5.5901699437494745], [11.76860229593982, 11.5, 11.510864433221338, 11.76860229593982, 12.539936203984453, 12.747548783981962, 10.920164833920778, 10.307764064044152, 10.0, 10.307764064044152, 11.180339887498949, 8.639480597813737, 10.229400031282383, 8.286132994346639, 7.9, 8.286132994346639, 9.34933152690608, 8.193938308286192, 6.315853069855252, 5.800000000000001, 6.315853069855252, 7.657675887630659, 5.771698190307598, 7.956915231419774, 6.2829523664362625, 5.618051263561058, 4.465422712353221, 3.6999999999999993, 4.465422712353221, 6.220128616033595, 3.674980810608558, 3.004475079527507, 6.206095793653205, 3.5377429245212264, 2.9681644159311658, 1.5999999999999996, 2.9681644159311658, 5.2497618993626745, 2.5, 0.0, 2.5, 5.0, 5.5, 6.312818353439529, 2.5495097567963922, 0.5, 2.5495097567963922, 5.024937810560445, 6.101008035464267, 3.1622776601683795], [12.539936203984453, 11.76860229593982, 11.672617529928752, 11.5, 11.76860229593982, 11.884864324004713, 10.51189802081432, 11.180339887498949, 10.307764064044152, 10.0, 10.307764064044152, 8.853848033482391, 9.13184674641444, 9.34933152690608, 8.286132994346639, 7.9, 8.286132994346639, 7.6413758577889626, 7.657675887630659, 6.315853069855252, 5.800000000000001, 6.315853069855252, 6.0878978309429606, 6.485560885536423, 5.223776792432409, 4.7762432936357, 6.220128616033595, 4.465422712353221, 3.6999999999999993, 4.465422712353221, 5.2147397531383985, 4.421295230745904, 4.155192534648665, 1.940521837032503, 5.2497618993626745, 2.9681644159311658, 1.5999999999999996, 2.9681644159311658, 5.0, 2.5, 0.0, 2.5, 3.0, 3.813183873289896, 5.024937810560445, 2.5495097567963922, 0.5, 2.5495097567963922, 3.6183875523538567, 1.118033988749895], [13.729530217745982, 12.539936203984453, 12.349089035228468, 11.76860229593982, 11.5, 11.510864433221338, 10.688779163215974, 12.5, 11.180339887498949, 10.307764064044152, 10.0, 9.728341328304635, 8.639480597813737, 10.893117092916976, 9.34933152690608, 8.286132994346639, 7.9, 7.882932512713781, 9.481033698917013, 7.657675887630659, 6.315853069855252, 5.800000000000001, 7.301540933255117, 5.771698190307598, 5.253589012799139, 5.153882032022076, 8.363013810822029, 6.220128616033595, 4.465422712353221, 3.6999999999999993, 7.306266996735248, 6.524479483555077, 2.918154382482188, 2.7414640249326636, 7.668767828015137, 5.2497618993626745, 2.9681644159311658, 1.5999999999999996, 7.5, 5.0, 2.5, 0.0, 0.5, 1.3149398995822172, 7.516648189186454, 5.024937810560445, 2.5495097567963922, 0.5, 1.2096106436614666, 2.23606797749979], [14.0089257261219, 12.747548783981962, 12.539936203984453, 11.884864324004713, 11.510864433221338, 11.5, 10.793516572461451, 12.806248474865697, 11.412712210513327, 10.44030650891055, 10.012492197250394, 9.969484690795207, 8.625, 11.243220179290272, 9.626006440887103, 8.450443775329198, 7.9158069708653205, 8.024376922852017, 9.8812954616285, 7.993122043357027, 6.529931086925804, 5.821511831131154, 7.6198753270640855, 5.75, 5.400247052038778, 5.367727638395972, 8.814193099768124, 6.62872536767062, 4.763402145525821, 3.733630940518893, 7.753653511378159, 6.9766058175959795, 2.875, 3.125, 8.158431221748456, 5.728001396647874, 3.4, 1.6763054614240207, 8.0, 5.5, 3.0, 0.5, 0.0, 0.8165819475792512, 8.0156097709407, 5.522680508593631, 3.0413812651491097, 0.7071067811865476, 0.7982755134069075, 2.692582403567252], [14.554812418327302, 13.192090820665609, 12.96028546592585, 12.195079167790793, 11.657986601325295, 11.612337866867255, 11.09008138275349, 13.391821368933055, 11.89662032954768, 10.780457826706726, 10.168921606610875, 10.470302201655745, 8.74669192152024, 11.8911109926708, 10.177780520723145, 8.847367518985896, 8.09102018932111, 8.390359581794089, 10.596044625360005, 8.629302253984143, 7.0109594977157705, 6.02845326486041, 8.235089983097053, 5.890169641504032, 5.798915478721551, 5.859830436754305, 9.590297324130518, 7.359517542150445, 5.371330760734744, 4.00498312470982, 8.526506471195955, 7.755364712360297, 3.068359047015852, 3.8481608052705454, 8.97170239295917, 6.533003866203084, 4.167593454719355, 2.134837439201112, 8.812660204247512, 6.312818353439529, 3.813183873289896, 1.3149398995822172, 0.8165819475792512, 0.0, 8.822079397196196, 6.325960842309156, 3.834902380299129, 1.37665244503436, 0.5250845561913341, 3.436614674200287], [12.0, 12.257650672131263, 12.36931687685298, 13.0, 14.150971698084906, 14.422205101855956, 12.298373876248844, 10.5, 10.793516572461451, 11.629703349613008, 12.90348790056394, 9.605499726719064, 12.13530489934225, 8.4, 8.764131445842194, 9.77547952787995, 11.260994627474076, 9.811504726595203, 6.300000000000001, 6.7779052811322185, 8.043009387039158, 9.794896630388704, 6.932712311931024, 10.151970252123476, 8.336674500799619, 7.603453162872775, 4.199999999999999, 4.887739763939974, 6.529931086925803, 8.595929269136642, 3.9909761800674044, 3.759837618647873, 8.682777493406128, 5.99087848316088, 2.0999999999999996, 3.2649655434629015, 5.423098745182499, 7.788452991448302, 0.5, 2.5495097567963922, 5.024937810560445, 7.516648189186454, 8.0156097709407, 8.822079397196196, 0.0, 2.5, 5.0, 7.5, 8.576076533813245, 5.522680508593631], [12.257650672131263, 12.0, 12.010412149464313, 12.257650672131263, 13.0, 13.200378782444085, 11.40175425099138, 10.793516572461451, 10.5, 10.793516572461451, 11.629703349613008, 9.13868836321712, 10.654371168680017, 8.764131445842194, 8.4, 8.764131445842194, 9.77547952787995, 8.661156100660003, 6.7779052811322185, 6.300000000000001, 6.7779052811322185, 8.043009387039158, 6.269968101992227, 8.325412902673357, 6.694213566247418, 6.046693311223912, 4.887739763939974, 4.199999999999999, 4.887739763939974, 6.529931086925803, 4.137138818614405, 3.4867405886464176, 6.452954749570154, 3.8263069662534916, 3.2649655434629015, 2.0999999999999996, 3.2649655434629015, 5.423098745182499, 2.549509756796392