totalHoles = 50;
zeroHoleID = 46;
C = [[0.0, 2.231878022434091, 2.3048861143232218, 3.9815610468480243, 4.5, 5.830951894845301, 5.174724898753341, 5.0, 6.167667586437366, 5.551387325215915, 6.510200922351223, 5.929628472945037, 6.226876418830379, 6.379219736334879, 6.020797289396148, 6.020797289396148, 6.857680203813661, 6.309164410249234, 6.7462838421617235, 6.408424239590253, 7.209390310003704, 6.689774765995719, 7.115666943399102, 6.796195377189966, 7.564741148378793, 7.071286051331334, 7.487025815072068, 7.184087354084102, 7.923242882669809, 7.4535599249993, 7.860080419278855, 7.572081599737711, 8.284486468658315, 7.836484787655782, 8.234600292382664, 7.960163159814264, 8.648128321017797, 8.219969661414078, 8.610394235392993, 8.348319857578797, 9.013878188659973, 8.603939666093538, 8.987302428330294, 8.736541678137131, 9.365190341015861, 9.124820309409515, 9.74394398816231, 9.513148795220223, 12.393675859740478, 14.069130183032346], [2.231878022434091, 0.0, 3.6727737588368505, 4.983615762981535, 4.1883462743511455, 4.250478983482554, 4.209193942604897, 4.6301087776001175, 4.630573456952808, 4.592706456727966, 5.012017420884261, 4.977053413886794, 5.100447087953023, 5.1467294207464365, 5.377484873580734, 5.748140754486085, 5.394524617615648, 5.36205538086806, 5.535543375258089, 5.750718241626551, 5.777883886742415, 5.747580731587204, 5.924367166554832, 6.125899620412139, 6.161936197584043, 6.13353077440159, 6.313198977122822, 6.50269183953517, 6.546559579910491, 6.519830089101457, 6.702037411201075, 6.880830276670938, 6.93165897165618, 6.906420068079879, 7.090881379161229, 7.260104583857459, 7.3171592166063935, 7.293254490184938, 7.479730017944134, 7.640345605831402, 7.703000132337831, 7.680296419815547, 7.868582635083406, 8.021415867560338, 8.257438668542454, 8.403202556165883, 8.646297657387622, 8.78561227322031, 12.700883037070177, 14.24947362116281], [2.3048861143232218, 3.6727737588368505, 0.0, 1.6980418714182564, 3.132491021535417, 5.55090082779363, 4.311644440092176, 3.5794552658190883, 5.787185183288938, 4.6118640616844715, 6.0392875264521475, 4.924507244886362, 5.363994679801743, 5.613104706349636, 4.697073557013984, 4.366062299143245, 6.305310812675648, 5.247353830477055, 5.9130140003133125, 5.051662114933737, 6.583567740786971, 5.578632625949538, 6.222780232915228, 5.410965660833198, 6.872572523183714, 5.9169274851224545, 6.541003151063469, 5.77410406710667, 7.171025806055304, 6.261101252087279, 6.86650709990796, 6.140396999269833, 7.477796351305973, 6.610235703012617, 7.198304412828975, 6.509311943309266, 7.791901858205173, 6.9635847338622225, 7.535563829085533, 6.880427150822672, 8.112490369793976, 7.320538079798355, 7.877583840270684, 7.253404905011809, 8.22377049987218, 7.627971997203677, 8.573619098399721, 8.00390529679106, 10.188241840663519, 11.898096654748105], [3.9815610468480243, 4.983615762981535, 1.6980418714182564, 0.0, 2.6338831061041583, 5.5970015368619705, 4.048859330775488, 2.9063259317952808, 5.731149568418599, 4.232364711642554, 5.887970251566883, 4.442412560772475, 4.956075605623855, 5.261575810343008, 3.9406590137357655, 3.301852238052719, 6.065705328062925, 4.675426911380758, 5.475546270255954, 4.222110895306297, 6.262574367322737, 4.928151112031799, 5.708020939278653, 4.519526136421142, 6.47683282333326, 5.197710947925015, 5.956833744916481, 4.829956699508387, 6.706814316228598, 5.4816232950779575, 6.220024326456474, 5.151049997453001, 6.95095836983168, 5.777772748724681, 6.495845296391178, 5.480932363129256, 7.207825981646602, 6.084372692272579, 6.782755984361146, 5.818108988145306, 7.476105780422651, 6.399921352395001, 7.079408203227792, 6.16138247169247, 7.384628048065349, 6.509788388482662, 7.697396406865143, 6.862545074458212, 8.504102700934515, 10.226752341627314], [4.5, 4.1883462743511455, 3.132491021535417, 2.6338831061041583, 0.0, 3.0413812651491097, 1.4240006242195882, 0.5, 3.1289172978508275, 1.6024672335395507, 3.2607845757398195, 1.8467522376216288, 2.3400143772470186, 2.6352313834736494, 1.5811388300841898, 1.5811388300841898, 3.4318767136623336, 2.1343747458109497, 2.874429626728118, 1.953945043896553, 3.6366617442340314, 2.4501196745777714, 3.143678744621135, 2.332010206868373, 3.869794392726222, 2.784436463587037, 3.435921354681384, 2.713136766016618, 4.126472801046649, 3.131382371342656, 3.7457795180083497, 3.0961943984650606, 4.402580612479766, 3.487189961438936, 4.069231128273331, 3.4805455794837967, 4.694690986293999, 3.8494027114044456, 4.403281604540969, 3.865804501581068, 5.0, 4.216370213557839, 4.745693304278269, 4.251724414143884, 5.094780674715722, 4.638140325498178, 5.449260908090605, 5.024937810560445, 8.546136722291969, 10.065268240169951], [5.830951894845301, 4.250478983482554, 5.55090082779363, 5.5970015368619705, 3.0413812651491097, 0.0, 1.666666666666667, 3.0, 0.3888888888888893, 1.7114357556388184, 0.7777777777777777, 1.8392161508052056, 1.5017524045890174, 1.3017082793177759, 2.692582403567252, 3.640054944640259, 1.166666666666667, 2.0344259359556176, 1.6197088596792506, 2.859897261385278, 1.5555555555555554, 2.27980939207591, 1.9633996718969213, 3.0676528205063383, 1.9444444444444446, 2.5609845714702466, 2.3213980461973533, 3.308238873546535, 2.333333333333334, 2.867441755680876, 2.687993422978432, 3.5750334540435933, 2.7222222222222214, 3.191907204938494, 3.0600976342045363, 3.8626096212819325, 3.1111111111111107, 3.529417816504131, 3.4359213546813843, 4.166666666666667, 3.5, 3.8765677832043357, 3.8143653097270818, 4.483853060884682, 4.194720373558371, 4.811572982705472, 4.576510072581994, 5.1478150704935, 10.363514095066193, 11.599225020375613], [5.174724898753341, 4.209193942604897, 4.311644440092176, 4.048859330775488, 1.4240006242195882, 1.666666666666667, 0.0, 1.333333333333333, 1.7114357556388184, 0.3888888888888893, 1.8392161508052056, 0.7777777777777777, 1.0749836912803028, 1.3017082793177759, 1.3017082793177757, 2.0883273476902775, 2.0344259359556176, 1.166666666666667, 1.6197088596792506, 1.6197088596792504, 2.27980939207591, 1.5555555555555554, 1.9633996718969213, 1.963399671896921, 2.5609845714702466, 1.9444444444444446, 2.3213980461973533, 2.3213980461973533, 2.867441755680876, 2.333333333333334, 2.687993422978432, 2.687993422978432, 3.191907204938494, 2.7222222222222214, 3.0600976342045363, 3.0600976342045363, 3.529417816504131, 3.1111111111111107, 3.4359213546813843, 3.4359213546813843, 3.8765677832043357, 3.5, 3.8143653097270818, 3.8143653097270818, 4.194720373558371, 4.19472037355837, 4.576510072581994, 4.576510072581994, 9.083150807255251, 10.453773537731504], [5.0, 4.6301087776001175, 3.5794552658190883, 2.9063259317952808, 0.5, 3.0, 1.333333333333333, 0.0, 3.025100753347107, 1.3888888888888886, 3.099183484662523, 1.5436048877166446, 2.0678137387062714, 2.3863035105460586, 1.118033988749895, 1.118033988749895, 3.218867985971328, 1.7716909687891083, 2.5736077382001046, 1.4761478061762696, 3.379312516832344, 2.048787657176197, 2.802666279028764, 1.846752237621629, 3.5750334540435933, 2.3576772415469938, 3.064129385141706, 2.2236106773543893, 3.80058475033046, 2.68741924943285, 3.3504191740699114, 2.60400925450177, 4.050986772029809, 3.0312161923786083, 3.655707528080467, 2.986595567936803, 4.321922297505939, 3.384788047050625, 3.975620147292188, 3.3706247360261146, 4.6097722286464435, 3.745367509040705, 4.306899431847623, 3.755654173590126, 4.647115127941815, 4.141404902675085, 4.994441354590566, 4.527692569068709, 8.159938231280098, 9.647428116449984], [6.167667586437366, 4.630573456952808, 5.787185183288938, 5.731149568418599, 3.1289172978508275, 0.3888888888888893, 1.7114357556388184, 3.025100753347107, 0.0, 1.666666666666667, 0.3888888888888884, 1.7114357556388182, 1.2914143099343431, 1.0333930687632373, 2.573607738200104, 3.55295043451544, 0.7777777777777777, 1.8392161508052056, 1.3017082793177759, 2.692582403567252, 1.166666666666666, 2.034425935955617, 1.6197088596792497, 2.8598972613852776, 1.5555555555555554, 2.27980939207591, 1.9633996718969213, 3.0676528205063383, 1.9444444444444446, 2.5609845714702466, 2.321398046197353, 3.3082388735465345, 2.333333333333332, 2.8674417556808747, 2.687993422978432, 3.5750334540435933, 2.7222222222222214, 3.191907204938494, 3.0600976342045363, 3.8626096212819325, 3.1111111111111107, 3.529417816504131, 3.435921354681383, 4.166666666666666, 3.8143653097270818, 4.483853060884682, 4.194720373558371, 4.811572982705472, 10.135580365635084, 11.334960728155027], [5.551387325215915, 4.592706456727966, 4.6118640616844715, 4.232364711642554, 1.6024672335395507, 1.7114357556388184, 0.3888888888888893, 1.3888888888888886, 1.666666666666667, 0.0, 1.7114357556388182, 0.3888888888888884, 0.753711199155834, 1.0333930687632373, 1.0333930687632369, 1.9325030145473425, 1.8392161508052056, 0.7777777777777777, 1.3017082793177759, 1.3017082793177757, 2.034425935955617, 1.166666666666666, 1.6197088596792497, 1.6197088596792495, 2.27980939207591, 1.5555555555555554, 1.9633996718969213, 1.963399671896921, 2.5609845714702466, 1.9444444444444446, 2.321398046197353, 2.3213980461973525, 2.8674417556808747, 2.333333333333332, 2.687993422978432, 2.687993422978432, 3.191907204938494, 2.7222222222222214, 3.0600976342045363, 3.0600976342045363, 3.529417816504131, 3.1111111111111107, 3.435921354681383, 3.435921354681383, 3.8143653097270818, 3.8143653097270818, 4.194720373558371, 4.19472037355837, 8.8221989059958, 10.159758600167846], [6.510200922351223, 5.012017420884261, 6.0392875264521475, 5.887970251566883, 3.2607845757398195, 0.7777777777777777, 1.8392161508052056, 3.099183484662523, 0.3888888888888884, 1.7114357556388182, 0.0, 1.666666666666667, 1.1758871931099368, 0.8624541497922237, 2.5098571106836705, 3.5070475782414734, 0.3888888888888893, 1.7114357556388184, 1.0333930687632378, 2.5736077382001046, 0.7777777777777777, 1.8392161508052056, 1.3017082793177759, 2.692582403567252, 1.166666666666667, 2.0344259359556176, 1.6197088596792506, 2.859897261385278, 1.5555555555555562, 2.2798093920759106, 1.9633996718969213, 3.0676528205063383, 1.9444444444444438, 2.560984571470246, 2.3213980461973533, 3.308238873546535, 2.333333333333333, 2.8674417556808756, 2.687993422978433, 3.5750334540435937, 2.7222222222222223, 3.1919072049384947, 3.0600976342045354, 3.862609621281932, 3.4359213546813834, 4.166666666666666, 3.8143653097270827, 4.483853060884683, 9.91766219598458, 11.078046645511485], [5.929628472945037, 4.977053413886794, 4.924507244886362, 4.442412560772475, 1.8467522376216288, 1.8392161508052056, 0.7777777777777777, 1.5436048877166446, 1.7114357556388182, 0.3888888888888884, 1.666666666666667, 0.0, 0.532015359505433, 0.8624541497922237, 0.8624541497922232, 1.8467522376216288, 1.7114357556388184, 0.3888888888888893, 1.0333930687632378, 1.0333930687632376, 1.8392161508052056, 0.7777777777777777, 1.3017082793177759, 1.3017082793177757, 2.0344259359556176, 1.166666666666667, 1.6197088596792506, 1.6197088596792504, 2.2798093920759106, 1.5555555555555562, 1.9633996718969213, 1.963399671896921, 2.560984571470246, 1.9444444444444438, 2.3213980461973533, 2.3213980461973533, 2.8674417556808756, 2.333333333333333, 2.687993422978433, 2.687993422978433, 3.1919072049384947, 2.7222222222222223, 3.0600976342045354, 3.0600976342045354, 3.4359213546813834, 3.4359213546813834, 3.8143653097270827, 3.8143653097270827, 8.57095255046764, 9.872308624885877], [6.226876418830379, 5.100447087953023, 5.363994679801743, 4.956075605623855, 2.3400143772470186, 1.5017524045890174, 1.0749836912803028, 2.0678137387062714, 1.2914143099343431, 0.753711199155834, 1.1758871931099368, 0.532015359505433, 0.0, 0.33369658475721314, 1.3377073074055232, 2.337304422773659, 1.1832749459610834, 0.5481507544179192, 0.5492010776306857, 1.407028518999602, 1.3115020550349556, 0.7876339836438251, 0.8912684065225543, 1.572407962989491, 1.5304916918379823, 1.1147800099637681, 1.2607799399824977, 1.8076707351367332, 1.8075511425715558, 1.4722672260297944, 1.6392809025489665, 2.0893418358586664, 2.120034571190019, 1.8425189917258864, 2.0217286745910568, 2.4011443653539906, 2.454449259787709, 2.219155429595269, 2.40624207545046, 2.7327839935266827, 2.8029564553354174, 2.599402728000457, 2.791967792341993, 3.0778550295753906, 3.178464490455161, 3.4323088361468717, 3.5654814564790853, 3.793516237754061, 8.863399714554658, 10.102290391089799], [6.379219736334879, 5.1467294207464365, 5.613104706349636, 5.261575810343008, 2.6352313834736494, 1.3017082793177759, 1.3017082793177759, 2.3863035105460586, 1.0333930687632373, 1.0333930687632373, 0.8624541497922237, 0.8624541497922237, 0.33369658475721314, 0.0, 1.6666666666666665, 2.6666666666666665, 0.8498365855987977, 0.8498365855987977, 0.3888888888888893, 1.711435755638818, 1.0015420209622192, 1.0015420209622192, 0.7777777777777777, 1.8392161508052052, 1.2595315609727373, 1.2595315609727373, 1.166666666666667, 2.034425935955617, 1.5723301886761012, 1.5723301886761012, 1.5555555555555554, 2.2798093920759097, 1.9132417064136176, 1.9132417064136176, 1.9444444444444446, 2.5609845714702466, 2.2696331350906105, 2.2696331350906105, 2.333333333333334, 2.867441755680876, 2.6352313834736494, 2.6352313834736494, 2.7222222222222214, 3.191907204938494, 3.1111111111111107, 3.5294178165041306, 3.5, 3.8765677832043357, 9.102464510941132, 10.307460682063681], [6.020797289396148, 5.377484873580734, 4.697073557013984, 3.9406590137357655, 1.5811388300841898, 2.692582403567252, 1.3017082793177757, 1.118033988749895, 2.573607738200104, 1.0333930687632369, 2.5098571106836705, 0.8624541497922232, 1.3377073074055232, 1.6666666666666665, 0.0, 1.0, 2.5055493963954847, 0.8498365855987973, 1.711435755638818, 0.3888888888888893, 2.5609845714702466, 1.001542020962219, 1.8392161508052052, 0.7777777777777777, 2.6724474379568206, 1.259531560972737, 2.034425935955617, 1.166666666666667, 2.8333333333333335, 1.572330188676101, 2.2798093920759097, 1.5555555555555554, 3.0357946871809443, 1.9132417064136176, 2.5609845714702466, 1.9444444444444446, 3.272123182806049, 2.2696331350906105, 2.867441755680876, 2.333333333333334, 3.5355339059327378, 2.6352313834736494, 3.191907204938494, 2.7222222222222214, 3.5294178165041306, 3.1111111111111107, 3.8765677832043357, 3.5, 7.79319203788965, 9.152097223857178], [6.020797289396148, 5.748140754486085, 4.366062299143245, 3.301852238052719, 1.5811388300841898, 3.640054944640259, 2.0883273476902775, 1.118033988749895, 3.55295043451544, 1.9325030145473425, 3.5070475782414734, 1.8467522376216288, 2.337304422773659, 2.6666666666666665, 1.0, 0.0, 3.5039660069381067, 1.840893502864543, 2.694873963474423, 1.072955995323776, 3.5438174297371248, 1.9156599610629625, 2.7777777777777777, 1.2668615834434866, 3.6251862446834338, 2.0623012436967314, 2.9107081994288304, 1.5365907428821481, 3.7453675090407055, 2.266911751455907, 3.0872097754332897, 1.8492574418992485, 3.9007754847871015, 2.515384760593726, 3.3002992756175877, 2.186518739350492, 4.087394050425869, 2.796051007147026, 3.5433819375782165, 2.53859103528797, 4.301162633521313, 3.100179206289712, 3.8107223643650032, 2.900085141364041, 4.097575314352394, 3.267875815522831, 4.400126260814695, 3.640054944640259, 7.080105789180244, 8.540364921429779], [6.857680203813661, 5.394524617615648, 6.305310812675648, 6.065705328062925, 3.4318767136623336, 1.166666666666667, 2.0344259359556176, 3.218867985971328, 0.7777777777777777, 1.8392161508052056, 0.3888888888888893, 1.7114357556388184, 1.1832749459610834, 0.8498365855987977, 2.5055493963954847, 3.5039660069381067, 0.0, 1.666666666666667, 0.8624541497922237, 2.5098571106836705, 0.3888888888888884, 1.7114357556388182, 1.0333930687632373, 2.573607738200104, 0.7777777777777777, 1.8392161508052056, 1.3017082793177759, 2.692582403567252, 1.166666666666667, 2.0344259359556176, 1.6197088596792497, 2.8598972613852776, 1.5555555555555545, 2.2798093920759097, 1.9633996718969213, 3.0676528205063383, 1.9444444444444438, 2.560984571470246, 2.3213980461973533, 3.308238873546535, 2.333333333333333, 2.8674417556808756, 2.687993422978431, 3.5750334540435924, 3.0600976342045354, 3.862609621281932, 3.4359213546813834, 4.166666666666666, 9.710433906622216, 10.82900592793458], [6.309164410249234, 5.36205538086806, 5.247353830477055, 4.675426911380758, 2.1343747458109497, 2.0344259359556176, 1.166666666666667, 1.7716909687891083, 1.8392161508052056, 0.7777777777777777, 1.7114357556388184, 0.3888888888888893, 0.5481507544179192, 0.8498365855987977, 0.8498365855987973, 1.840893502864543, 1.666666666666667, 0.0, 0.8624541497922237, 0.8624541497922232, 1.7114357556388182, 0.3888888888888884, 1.0333930687632373, 1.0333930687632369, 1.8392161508052056, 0.7777777777777777, 1.3017082793177759, 1.3017082793177757, 2.0344259359556176, 1.166666666666667, 1.6197088596792497, 1.6197088596792495, 2.2798093920759097, 1.5555555555555545, 1.9633996718969213, 1.963399671896921, 2.560984571470246, 1.9444444444444438, 2.3213980461973533, 2.3213980461973533, 2.8674417556808756, 2.333333333333333, 2.687993422978431, 2.687993422978431, 3.0600976342045354, 3.0600976342045354, 3.4359213546813834, 3.4359213546813834, 8.330289961555028, 9.592013839236788], [6.7462838421617235, 5.535543375258089, 5.9130140003133125, 5.475546270255954, 2.874429626728118, 1.6197088596792506, 1.6197088596792506, 2.5736077382001046, 1.3017082793177759, 1.3017082793177759, 1.0333930687632378, 1.0333930687632378, 0.5492010776306857, 0.3888888888888893, 1.711435755638818, 2.694873963474423, 0.8624541497922237, 0.8624541497922237, 0.0, 1.6666666666666665, 0.8498365855987975, 0.8498365855987975, 0.3888888888888884, 1.7114357556388178, 1.0015420209622192, 1.0015420209622192, 0.7777777777777777, 1.8392161508052052, 1.2595315609727373, 1.2595315609727373, 1.166666666666666, 2.0344259359556167, 1.5723301886760996, 1.5723301886760996, 1.5555555555555554, 2.2798093920759097, 1.9132417064136176, 1.9132417064136176, 1.9444444444444446, 2.5609845714702466, 2.2696331350906105, 2.2696331350906105, 2.333333333333332, 2.8674417556808747, 2.7222222222222214, 3.191907204938494, 3.1111111111111107, 3.5294178165041306, 8.885955373528068, 10.047927006381741], [6.408424239590253, 5.750718241626551, 5.051662114933737, 4.222110895306297, 1.953945043896553, 2.859897261385278, 1.6197088596792504, 1.4761478061762696, 2.692582403567252, 1.3017082793177757, 2.5736077382001046, 1.0333930687632376, 1.407028518999602, 1.711435755638818, 0.3888888888888893, 1.072955995323776, 2.5098571106836705, 0.8624541497922232, 1.6666666666666665, 0.0, 2.5055493963954847, 0.849836585598797, 1.7114357556388178, 0.3888888888888884, 2.5609845714702466, 1.001542020962219, 1.8392161508052052, 0.7777777777777777, 2.6724474379568206, 1.259531560972737, 2.0344259359556167, 1.166666666666666, 2.833333333333333, 1.5723301886760996, 2.2798093920759097, 1.5555555555555554, 3.0357946871809443, 1.9132417064136176, 2.5609845714702466, 1.9444444444444446, 3.272123182806049, 2.2696331350906105, 2.8674417556808747, 2.333333333333332, 3.191907204938494, 2.7222222222222214, 3.5294178165041306, 3.1111111111111107, 7.539176670354409, 8.858779543945154], [7.209390310003704, 5.777883886742415, 6.583567740786971, 6.262574367322737, 3.6366617442340314, 1.5555555555555554, 2.27980939207591, 3.379312516832344, 1.166666666666666, 2.034425935955617, 0.7777777777777777, 1.8392161508052056, 1.3115020550349556, 1.0015420209622192, 2.5609845714702466, 3.5438174297371248, 0.3888888888888884, 1.7114357556388182, 0.8498365855987975, 2.5055493963954847, 0.0, 1.666666666666667, 0.8624541497922237, 2.5098571106836705, 0.3888888888888893, 1.7114357556388184, 1.0333930687632378, 2.5736077382001046, 0.7777777777777786, 1.839216150805206, 1.3017082793177759, 2.692582403567252, 1.166666666666666, 2.034425935955617, 1.6197088596792506, 2.859897261385278, 1.5555555555555554, 2.27980939207591, 1.9633996718969222, 3.067652820506339, 1.9444444444444446, 2.5609845714702466, 2.321398046197353, 3.3082388735465345, 2.687993422978432, 3.5750334540435933, 3.0600976342045363, 3.8626096212819325, 9.51459400142211, 10.58839413840261], [6.689774765995719, 5.747580731587204, 5.578632625949538, 4.928151112031799, 2.4501196745777714, 2.27980939207591, 1.5555555555555554, 2.048787657176197, 2.034425935955617, 1.166666666666666, 1.8392161508052056, 0.7777777777777777, 0.7876339836438251, 1.0015420209622192, 1.001542020962219, 1.9156599610629625, 1.7114357556388182, 0.3888888888888884, 0.8498365855987975, 0.849836585598797, 1.666666666666667, 0.0, 0.8624541497922237, 0.8624541497922232, 1.7114357556388184, 0.3888888888888893, 1.0333930687632378, 1.0333930687632376, 1.839216150805206, 0.7777777777777786, 1.3017082793177759, 1.3017082793177757, 2.034425935955617, 1.166666666666666, 1.6197088596792506, 1.6197088596792504, 2.27980939207591, 1.5555555555555554, 1.9633996718969222, 1.963399671896922, 2.5609845714702466, 1.9444444444444446, 2.321398046197353, 2.3213980461973525, 2.687993422978432, 2.687993422978432, 3.0600976342045363, 3.0600976342045363, 8.10115443628892, 9.319519866121137], [7.115666943399102, 5.924367166554832, 6.222780232915228, 5.708020939278653, 3.143678744621135, 1.9633996718969213, 1.9633996718969213, 2.802666279028764, 1.6197088596792497, 1.6197088596792497, 1.3017082793177759, 1.3017082793177759, 0.8912684065225543, 0.7777777777777777, 1.8392161508052052, 2.7777777777777777, 1.0333930687632373, 1.0333930687632373, 0.3888888888888884, 1.7114357556388178, 0.8624541497922237, 0.8624541497922237, 0.0, 1.6666666666666665, 0.8498365855987977, 0.8498365855987977, 0.3888888888888893, 1.711435755638818, 1.0015420209622197, 1.0015420209622197, 0.7777777777777777, 1.8392161508052052, 1.2595315609727367, 1.2595315609727367, 1.166666666666667, 2.034425935955617, 1.5723301886761003, 1.5723301886761003, 1.5555555555555562, 2.2798093920759106, 1.9132417064136185, 1.9132417064136185, 1.9444444444444438, 2.5609845714702457, 2.333333333333333, 2.867441755680875, 2.7222222222222223, 3.1919072049384947, 8.681475379422807, 9.796958593087187], [6.796195377189966, 6.125899620412139, 5.410965660833198, 4.519526136421142, 2.332010206868373, 3.0676528205063383, 1.963399671896921, 1.846752237621629, 2.8598972613852776, 1.6197088596792495, 2.692582403567252, 1.3017082793177757, 1.572407962989491, 1.8392161508052052, 0.7777777777777777, 1.2668615834434866, 2.573607738200104, 1.0333930687632369, 1.7114357556388178, 0.3888888888888884, 2.5098571106836705, 0.8624541497922232, 1.6666666666666665, 0.0, 2.5055493963954847, 0.8498365855987973, 1.711435755638818, 0.3888888888888893, 2.5609845714702466, 1.0015420209622194, 1.8392161508052052, 0.7777777777777777, 2.6724474379568206, 1.2595315609727364, 2.034425935955617, 1.166666666666667, 2.833333333333333, 1.5723301886761003, 2.2798093920759106, 1.5555555555555562, 3.0357946871809447, 1.9132417064136182, 2.5609845714702457, 1.9444444444444438, 2.867441755680875, 2.333333333333333, 3.1919072049384947, 2.7222222222222223, 7.297053976092559, 8.573070369319876], [7.564741148378793, 6.161936197584043, 6.872572523183714, 6.47683282333326, 3.869794392726222, 1.9444444444444446, 2.5609845714702466, 3.5750334540435933, 1.5555555555555554, 2.27980939207591, 1.166666666666667, 2.0344259359556176, 1.5304916918379823, 1.2595315609727373, 2.6724474379568206, 3.6251862446834338, 0.7777777777777777, 1.8392161508052056, 1.0015420209622192, 2.5609845714702466, 0.3888888888888893, 1.7114357556388184, 0.8498365855987977, 2.5055493963954847, 0.0, 1.666666666666667, 0.8624541497922237, 2.5098571106836705, 0.3888888888888893, 1.7114357556388184, 1.0333930687632373, 2.573607738200104, 0.7777777777777768, 1.8392161508052052, 1.3017082793177759, 2.692582403567252, 1.166666666666666, 2.034425935955617, 1.6197088596792506, 2.859897261385278, 1.5555555555555554, 2.27980939207591, 1.9633996718969204, 3.067652820506338, 2.321398046197353, 3.3082388735465345, 2.687993422978432, 3.5750334540435933, 9.33085958016298, 10.356798762594439], [7.071286051331334, 6.13353077440159, 5.9169274851224545, 5.197710947925015, 2.784436463587037, 2.5609845714702466, 1.9444444444444446, 2.3576772415469938, 2.27980939207591, 1.5555555555555554, 2.0344259359556176, 1.166666666666667, 1.1147800099637681, 1.2595315609727373, 1.259531560972737, 2.0623012436967314, 1.8392161508052056, 0.7777777777777777, 1.0015420209622192, 1.001542020962219, 1.7114357556388184, 0.3888888888888893, 0.8498365855987977, 0.8498365855987973, 1.666666666666667, 0.0, 0.8624541497922237, 0.8624541497922232, 1.7114357556388184, 0.3888888888888893, 1.0333930687632373, 1.0333930687632369, 1.8392161508052052, 0.7777777777777768, 1.3017082793177759, 1.3017082793177757, 2.034425935955617, 1.166666666666666, 1.6197088596792506, 1.6197088596792504, 2.27980939207591, 1.5555555555555554, 1.9633996718969204, 1.9633996718969202, 2.321398046197353, 2.3213980461973525, 2.687993422978432, 2.687993422978432, 7.884551014067022, 9.055530945987954], [7.487025815072068, 6.313198977122822, 6.541003151063469, 5.956833744916481, 3.435921354681384, 2.3213980461973533, 2.3213980461973533, 3.064129385141706, 1.9633996718969213, 1.9633996718969213, 1.6197088596792506, 1.6197088596792506, 1.2607799399824977, 1.166666666666667, 2.034425935955617, 2.9107081994288304, 1.3017082793177759, 1.3017082793177759, 0.7777777777777777, 1.8392161508052052, 1.0333930687632378, 1.0333930687632378, 0.3888888888888893, 1.711435755638818, 0.8624541497922237, 0.8624541497922237, 0.0, 1.6666666666666665, 0.8498365855987977, 0.8498365855987977, 0.3888888888888884, 1.7114357556388178, 1.0015420209622188, 1.0015420209622188, 0.7777777777777777, 1.8392161508052052, 1.2595315609727367, 1.2595315609727367, 1.166666666666667, 2.034425935955617, 1.5723301886761003, 1.5723301886761003, 1.5555555555555545, 2.2798093920759093, 1.9444444444444438, 2.5609845714702457, 2.333333333333333, 2.867441755680875, 8.489893742710732, 9.555230366639867], [7.184087354084102, 6.50269183953517, 5.77410406710667, 4.829956699508387, 2.713136766016618, 3.308238873546535, 2.3213980461973533, 2.2236106773543893, 3.0676528205063383, 1.963399671896921, 2.859897261385278, 1.6197088596792504, 1.8076707351367332, 2.034425935955617, 1.166666666666667, 1.5365907428821481, 2.692582403567252, 1.3017082793177757, 1.8392161508052052, 0.7777777777777777, 2.5736077382001046, 1.0333930687632376, 1.711435755638818, 0.3888888888888893, 2.5098571106836705, 0.8624541497922232, 1.6666666666666665, 0.0, 2.5055493963954847, 0.8498365855987973, 1.7114357556388178, 0.3888888888888884, 2.560984571470246, 1.0015420209622186, 1.8392161508052052, 0.7777777777777777, 2.6724474379568206, 1.2595315609727364, 2.034425935955617, 1.166666666666667, 2.833333333333333, 1.5723301886761003, 2.2798093920759093, 1.5555555555555545, 2.5609845714702457, 1.9444444444444438, 2.867441755680875, 2.333333333333333, 7.068046245533678, 8.295755857196028], [7.923242882669809, 6.546559579910491, 7.171025806055304, 6.706814316228598, 4.126472801046649, 2.333333333333334, 2.867441755680876, 3.80058475033046, 1.9444444444444446, 2.5609845714702466, 1.5555555555555562, 2.2798093920759106, 1.8075511425715558, 1.5723301886761012, 2.8333333333333335, 3.7453675090407055, 1.166666666666667, 2.0344259359556176, 1.2595315609727373, 2.6724474379568206, 0.7777777777777786, 1.839216150805206, 1.0015420209622197, 2.5609845714702466, 0.3888888888888893, 1.7114357556388184, 0.8498365855987977, 2.5055493963954847, 0.0, 1.666666666666667, 0.8624541497922235, 2.5098571106836705, 0.3888888888888875, 1.711435755638818, 1.0333930687632373, 2.573607738200104, 0.7777777777777768, 1.8392161508052052, 1.3017082793177759, 2.692582403567252, 1.166666666666666, 2.034425935955617, 1.6197088596792488, 2.859897261385277, 1.9633996718969204, 3.067652820506338, 2.321398046197353, 3.3082388735465345, 9.159959122907884, 10.134837932764347], [7.4535599249993, 6.519830089101457, 6.261101252087279, 5.4816232950779575, 3.131382371342656, 2.867441755680876, 2.333333333333334, 2.68741924943285, 2.5609845714702466, 1.9444444444444446, 2.2798093920759106, 1.5555555555555562, 1.4722672260297944, 1.5723301886761012, 1.572330188676101, 2.266911751455907, 2.0344259359556176, 1.166666666666667, 1.2595315609727373, 1.259531560972737, 1.839216150805206, 0.7777777777777786, 1.0015420209622197, 1.0015420209622194, 1.7114357556388184, 0.3888888888888893, 0.8498365855987977, 0.8498365855987973, 1.666666666666667, 0.0, 0.8624541497922235, 0.8624541497922231, 1.711435755638818, 0.3888888888888875, 1.0333930687632373, 1.0333930687632369, 1.8392161508052052, 0.7777777777777768, 1.3017082793177759, 1.3017082793177757, 2.034425935955617, 1.166666666666666, 1.6197088596792488, 1.6197088596792488, 1.9633996718969204, 1.9633996718969202, 2.321398046197353, 2.3213980461973525, 7.681539905647137, 8.80081246410051], [7.860080419278855, 6.702037411201075, 6.86650709990796, 6.220024326456474, 3.7457795180083497, 2.687993422978432, 2.687993422978432, 3.3504191740699114, 2.321398046197353, 2.321398046197353, 1.9633996718969213, 1.9633996718969213, 1.6392809025489665, 1.5555555555555554, 2.2798093920759097, 3.0872097754332897, 1.6197088596792497, 1.6197088596792497, 1.166666666666666, 2.0344259359556167, 1.3017082793177759, 1.3017082793177759, 0.7777777777777777, 1.8392161508052052, 1.0333930687632373, 1.0333930687632373, 0.3888888888888884, 1.7114357556388178, 0.8624541497922235, 0.8624541497922235, 0.0, 1.6666666666666665, 0.8498365855987975, 0.8498365855987975, 0.3888888888888893, 1.711435755638818, 1.0015420209622192, 1.0015420209622192, 0.7777777777777786, 1.8392161508052056, 1.2595315609727373, 1.2595315609727373, 1.166666666666666, 2.0344259359556167, 1.5555555555555554, 2.2798093920759097, 1.9444444444444446, 2.5609845714702466, 8.312102375290852, 9.323461062301428], [7.572081599737711, 6.880830276670938, 6.140396999269833, 5.151049997453001, 3.0961943984650606, 3.5750334540435933, 2.687993422978432, 2.60400925450177, 3.3082388735465345, 2.3213980461973525, 3.0676528205063383, 1.963399671896921, 2.0893418358586664, 2.2798093920759097, 1.5555555555555554, 1.8492574418992485, 2.8598972613852776, 1.6197088596792495, 2.0344259359556167, 1.166666666666666, 2.692582403567252, 1.3017082793177757, 1.8392161508052052, 0.7777777777777777, 2.573607738200104, 1.0333930687632369, 1.7114357556388178, 0.3888888888888884, 2.5098571106836705, 0.8624541497922231, 1.6666666666666665, 0.0, 2.5055493963954847, 0.849836585598797, 1.711435755638818, 0.3888888888888893, 2.5609845714702466, 1.001542020962219, 1.8392161508052056, 0.7777777777777786, 2.6724474379568206, 1.259531560972737, 2.0344259359556167, 1.166666666666666, 2.2798093920759097, 1.5555555555555554, 2.5609845714702466, 1.9444444444444446, 6.853468309097203, 8.02770602743377], [8.284486468658315, 6.93165897165618, 7.477796351305973, 6.95095836983168, 4.402580612479766, 2.7222222222222214, 3.191907204938494, 4.050986772029809, 2.333333333333332, 2.8674417556808747, 1.9444444444444438, 2.560984571470246, 2.120034571190019, 1.9132417064136176, 3.0357946871809443, 3.9007754847871015, 1.5555555555555545, 2.2798093920759097, 1.5723301886760996, 2.833333333333333, 1.166666666666666, 2.034425935955617, 1.2595315609727367, 2.6724474379568206, 0.7777777777777768, 1.8392161508052052, 1.0015420209622188, 2.560984571470246, 0.3888888888888875, 1.711435755638818, 0.8498365855987975, 2.5055493963954847, 0.0, 1.666666666666667, 0.8624541497922239, 2.5098571106836705, 0.3888888888888893, 1.7114357556388184, 1.0333930687632384, 2.5736077382001046, 0.7777777777777786, 1.839216150805206, 1.3017082793177759, 2.692582403567252, 1.6197088596792506, 2.859897261385278, 1.9633996718969222, 3.067652820506339, 9.00262355637344, 9.923158185463084], [7.836484787655782, 6.906420068079879, 6.610235703012617, 5.777772748724681, 3.487189961438936, 3.191907204938494, 2.7222222222222214, 3.0312161923786083, 2.8674417556808747, 2.333333333333332, 2.560984571470246, 1.9444444444444438, 1.8425189917258864, 1.9132417064136176, 1.9132417064136176, 2.515384760593726, 2.2798093920759097, 1.5555555555555545, 1.5723301886760996, 1.5723301886760996, 2.034425935955617, 1.166666666666666, 1.2595315609727367, 1.2595315609727364, 1.8392161508052052, 0.7777777777777768, 1.0015420209622188, 1.0015420209622186, 1.711435755638818, 0.3888888888888875, 0.8498365855987975, 0.849836585598797, 1.666666666666667, 0.0, 0.8624541497922239, 0.8624541497922236, 1.7114357556388184, 0.3888888888888893, 1.0333930687632384, 1.033393068763238, 1.839216150805206, 0.7777777777777786, 1.3017082793177759, 1.3017082793177757, 1.6197088596792506, 1.6197088596792504, 1.9633996718969222, 1.963399671896922, 7.493225946578418, 8.556192405421397], [8.234600292382664, 7.090881379161229, 7.198304412828975, 6.495845296391178, 4.069231128273331, 3.0600976342045363, 3.0600976342045363, 3.655707528080467, 2.687993422978432, 2.687993422978432, 2.3213980461973533, 2.3213980461973533, 2.0217286745910568, 1.9444444444444446, 2.5609845714702466, 3.3002992756175877, 1.9633996718969213, 1.9633996718969213, 1.5555555555555554, 2.2798093920759097, 1.6197088596792506, 1.6197088596792506, 1.166666666666667, 2.034425935955617, 1.3017082793177759, 1.3017082793177759, 0.7777777777777777, 1.8392161508052052, 1.0333930687632373, 1.0333930687632373, 0.3888888888888893, 1.711435755638818, 0.8624541497922239, 0.8624541497922239, 0.0, 1.6666666666666665, 0.8498365855987975, 0.8498365855987975, 0.3888888888888893, 1.711435755638818, 1.0015420209622192, 1.0015420209622192, 0.7777777777777768, 1.839216150805205, 1.166666666666666, 2.0344259359556167, 1.5555555555555554, 2.2798093920759097, 8.149003937164053, 9.102411446245858], [7.960163159814264, 7.260104583857459, 6.509311943309266, 5.480932363129256, 3.4805455794837967, 3.8626096212819325, 3.0600976342045363, 2.986595567936803, 3.5750334540435933, 2.687993422978432, 3.308238873546535, 2.3213980461973533, 2.4011443653539906, 2.5609845714702466, 1.9444444444444446, 2.186518739350492, 3.0676528205063383, 1.963399671896921, 2.2798093920759097, 1.5555555555555554, 2.859897261385278, 1.6197088596792504, 2.034425935955617, 1.166666666666667, 2.692582403567252, 1.3017082793177757, 1.8392161508052052, 0.7777777777777777, 2.573607738200104, 1.0333930687632369, 1.711435755638818, 0.3888888888888893, 2.5098571106836705, 0.8624541497922236, 1.6666666666666665, 0.0, 2.5055493963954847, 0.849836585598797, 1.711435755638818, 0.3888888888888893, 2.5609845714702466, 1.001542020962219, 1.839216150805205, 0.7777777777777768, 2.0344259359556167, 1.166666666666666, 2.2798093920759097, 1.5555555555555554, 6.6547161573127305, 7.769879794397928], [8.648128321017797, 7.3171592166063935, 7.791901858205173, 7.207825981646602, 4.694690986293999, 3.1111111111111107, 3.529417816504131, 4.321922297505939, 2.7222222222222214, 3.191907204938494, 2.333333333333333, 2.8674417556808756, 2.454449259787709, 2.2696331350906105, 3.272123182806049, 4.087394050425869, 1.9444444444444438, 2.560984571470246, 1.9132417064136176, 3.0357946871809443, 1.5555555555555554, 2.27980939207591, 1.5723301886761003, 2.833333333333333, 1.166666666666666, 2.034425935955617, 1.2595315609727367, 2.6724474379568206, 0.7777777777777768, 1.8392161508052052, 1.0015420209622192, 2.5609845714702466, 0.3888888888888893, 1.7114357556388184, 0.8498365855987975, 2.5055493963954847, 0.0, 1.666666666666667, 0.8624541497922239, 2.5098571106836705, 0.3888888888888893, 1.7114357556388184, 1.0333930687632373, 2.573607738200104, 1.3017082793177759, 2.692582403567252, 1.6197088596792506, 2.859897261385278, 8.859575599203328, 9.722431072517272], [8.219969661414078, 7.293254490184938, 6.9635847338622225, 6.084372692272579, 3.8494027114044456, 3.529417816504131, 3.1111111111111107, 3.384788047050625, 3.191907204938494, 2.7222222222222214, 2.8674417556808756, 2.333333333333333, 2.219155429595269, 2.2696331350906105, 2.2696331350906105, 2.796051007147026, 2.560984571470246, 1.9444444444444438, 1.9132417064136176, 1.9132417064136176, 2.27980939207591, 1.5555555555555554, 1.5723301886761003, 1.5723301886761003, 2.034425935955617, 1.166666666666666, 1.2595315609727367, 1.2595315609727364, 1.8392161508052052, 0.7777777777777768, 1.0015420209622192, 1.001542020962219, 1.7114357556388184, 0.3888888888888893, 0.8498365855987975, 0.849836585598797, 1.666666666666667, 0.0, 0.8624541497922239, 0.8624541497922236, 1.7114357556388184, 0.3888888888888893, 1.0333930687632373, 1.0333930687632369, 1.3017082793177759, 1.3017082793177757, 1.6197088596792506, 1.6197088596792504, 7.320743403965548, 8.322561268306599], [8.610394235392993, 7.479730017944134, 7.535563829085533, 6.782755984361146, 4.403281604540969, 3.4359213546813843, 3.4359213546813843, 3.975620147292188, 3.0600976342045363, 3.0600976342045363, 2.687993422978433, 2.687993422978433, 2.40624207545046, 2.333333333333334, 2.867441755680876, 3.5433819375782165, 2.3213980461973533, 2.3213980461973533, 1.9444444444444446, 2.5609845714702466, 1.9633996718969222, 1.9633996718969222, 1.5555555555555562, 2.2798093920759106, 1.6197088596792506, 1.6197088596792506, 1.166666666666667, 2.034425935955617, 1.3017082793177759, 1.3017082793177759, 0.7777777777777786, 1.8392161508052056, 1.0333930687632384, 1.0333930687632384, 0.3888888888888893, 1.711435755638818, 0.8624541497922239, 0.8624541497922239, 0.0, 1.6666666666666665, 0.8498365855987975, 0.8498365855987975, 0.3888888888888875, 1.7114357556388178, 0.7777777777777768, 1.839216150805205, 1.166666666666666, 2.0344259359556167, 8.001496958339557, 8.89288092965642], [8.348319857578797, 7.640345605831402, 6.880427150822672, 5.818108988145306, 3.865804501581068, 4.166666666666667, 3.4359213546813843, 3.3706247360261146, 3.8626096212819325, 3.0600976342045363, 3.5750334540435937, 2.687993422978433, 2.7327839935266827, 2.867441755680876, 2.333333333333334, 2.53859103528797, 3.308238873546535, 2.3213980461973533, 2.5609845714702466, 1.9444444444444446, 3.067652820506339, 1.963399671896922, 2.2798093920759106, 1.5555555555555562, 2.859897261385278, 1.6197088596792504, 2.034425935955617, 1.166666666666667, 2.692582403567252, 1.3017082793177757, 1.8392161508052056, 0.7777777777777786, 2.5736077382001046, 1.033393068763238, 1.711435755638818, 0.3888888888888893, 2.5098571106836705, 0.8624541497922236, 1.6666666666666665, 0.0, 2.5055493963954847, 0.849836585598797, 1.7114357556388178, 0.3888888888888875, 1.839216150805205, 0.7777777777777768, 2.0344259359556167, 1.166666666666666, 6.473247681094939, 7.523328326724309], [9.013878188659973, 7.703000132337831, 8.112490369793976, 7.476105780422651, 5.0, 3.5, 3.8765677832043357, 4.6097722286464435, 3.1111111111111107, 3.529417816504131, 2.7222222222222223, 3.1919072049384947, 2.8029564553354174, 2.6352313834736494, 3.5355339059327378, 4.301162633521313, 2.333333333333333, 2.8674417556808756, 2.2696331350906105, 3.272123182806049, 1.9444444444444446, 2.5609845714702466, 1.9132417064136185, 3.0357946871809447, 1.5555555555555554, 2.27980939207591, 1.5723301886761003, 2.833333333333333, 1.166666666666666, 2.034425935955617, 1.2595315609727373, 2.6724474379568206, 0.7777777777777786, 1.839216150805206, 1.0015420209622192, 2.5609845714702466, 0.3888888888888893, 1.7114357556388184, 0.8498365855987975, 2.5055493963954847, 0.0, 1.666666666666667, 0.8624541497922235, 2.5098571106836705, 1.0333930687632373, 2.573607738200104, 1.3017082793177759, 2.692582403567252, 8.731517498924832, 9.533348450664025], [8.603939666093538, 7.680296419815547, 7.320538079798355, 6.399921352395001, 4.216370213557839, 3.8765677832043357, 3.5, 3.745367509040705, 3.529417816504131, 3.1111111111111107, 3.1919072049384947, 2.7222222222222223, 2.599402728000457, 2.6352313834736494, 2.6352313834736494, 3.100179206289712, 2.8674417556808756, 2.333333333333333, 2.2696331350906105, 2.2696331350906105, 2.5609845714702466, 1.9444444444444446, 1.9132417064136185, 1.9132417064136182, 2.27980939207591, 1.5555555555555554, 1.5723301886761003, 1.5723301886761003, 2.034425935955617, 1.166666666666666, 1.2595315609727373, 1.259531560972737, 1.839216150805206, 0.7777777777777786, 1.0015420209622192, 1