totalHoles = 50;
zeroHoleID = 33;
C = [[0.0, 0.5, 1.0, 1.5, 2.0, 3.166666666666667, 4.333333333333334, 5.5, 2.0615528128088303, 3.205897343611891, 4.362084109434134, 5.522680508593631, 0.625, 0.8003905296791061, 1.1792476415070754, 1.625, 2.23606797749979, 3.3208098075285464, 4.447221354708779, 5.5901699437494745, 1.25, 1.346291201783626, 1.6007810593582121, 1.9525624189766635, 2.5, 3.5039660069381067, 4.585605497399202, 5.70087712549569, 1.875, 1.940521837032503, 2.125, 2.401171589037318, 2.8284271247461903, 3.7453675090407055, 4.772607021092118, 2.5, 2.5495097567963922, 2.692582403567252, 2.9154759474226504, 3.2015621187164243, 4.034572812303401, 5.002777006601212, 3.132491021535417, 3.0, 7.512522443409648, 10.135811186385785, 11.404235777856831, 9.5, 11.202307707995436, 16.398237818702246], [0.5, 0.0, 0.5, 1.0, 1.5, 2.666666666666667, 3.833333333333334, 5.0, 1.5811388300841898, 2.713136766016618, 3.865804501581068, 5.024937810560445, 0.8003905296791061, 0.625, 0.8003905296791061, 1.1792476415070754, 1.8027756377319946, 2.8480012484391772, 3.9616214413349047, 5.0990195135927845, 1.346291201783626, 1.25, 1.346291201783626, 1.6007810593582121, 2.1213203435596424, 3.05959329178097, 4.116363011742823, 5.220153254455275, 1.940521837032503, 1.875, 1.940521837032503, 2.125, 2.5, 3.3333333333333335, 4.323707257024283, 2.5495097567963922, 2.5, 2.5495097567963922, 2.692582403567252, 2.9154759474226504, 3.655285366576885, 4.5765100725819945, 2.9261749776799064, 3.0413812651491097, 7.467526115608686, 9.936727176500687, 11.119430189949457, 9.513148795220223, 11.159567273414545, 16.133921801299497], [1.0, 0.5, 0.0, 0.5, 1.0, 2.166666666666667, 3.333333333333334, 4.5, 1.118033988749895, 2.2236106773543893, 3.3706247360261146, 4.527692569068709, 1.1792476415070754, 0.8003905296791061, 0.625, 0.8003905296791061, 1.4142135623730951, 2.386303510546059, 3.4801021696368504, 4.6097722286464435, 1.6007810593582121, 1.346291201783626, 1.25, 1.346291201783626, 1.8027756377319946, 2.63523138347365, 3.6552853665768854, 4.743416490252569, 2.125, 1.940521837032503, 1.875, 1.940521837032503, 2.23606797749979, 2.948634335492356, 3.8873012632302006, 2.692582403567252, 2.5495097567963922, 2.5, 2.5495097567963922, 2.692582403567252, 3.308238873546535, 4.166666666666667, 2.7950849718747373, 3.1622776601683795, 7.45586340485539, 9.759222589650852, 10.850201003731174, 9.5524865872714, 11.139128577905723, 15.88095279957024], [1.5, 1.0, 0.5, 0.0, 0.5, 1.666666666666667, 2.833333333333334, 4.0, 0.7071067811865476, 1.7400510848184252, 2.877112750272012, 4.031128874149275, 1.625, 1.1792476415070754, 0.8003905296791061, 0.625, 1.118033988749895, 1.9436506316151003, 3.004626062886658, 4.123105625617661, 1.9525624189766635, 1.6007810593582121, 1.346291201783626, 1.25, 1.5811388300841898, 2.242270674512285, 3.205897343611891, 4.272001872658765, 2.401171589037318, 2.125, 1.940521837032503, 1.875, 2.0615528128088303, 2.6034165586355518, 3.468108674447469, 2.9154759474226504, 2.692582403567252, 2.5495097567963922, 2.5, 2.5495097567963922, 3.0046260628866577, 3.7785946829182118, 2.75, 3.3541019662496847, 7.4776902808571775, 9.604493954836746, 10.597735413454073, 9.617692030835672, 11.141114361695019, 15.63988142390819], [2.0, 1.5, 1.0, 0.5, 0.0, 1.166666666666667, 2.333333333333334, 3.5, 0.5, 1.269295517643985, 2.3863035105460595, 3.5355339059327378, 2.0953818267800264, 1.625, 1.1792476415070754, 0.8003905296791061, 1.0, 1.5365907428821481, 2.53859103528797, 3.640054944640259, 2.358495283014151, 1.9525624189766635, 1.6007810593582121, 1.346291201783626, 1.5, 1.90029237516523, 2.7738861628488736, 3.8078865529319543, 2.7414640249326636, 2.401171589037318, 2.125, 1.940521837032503, 2.0, 2.3154073315749675, 3.0731814857642963, 3.2015621187164243, 2.9154759474226504, 2.692582403567252, 2.5495097567963922, 2.5, 2.758824226207808, 3.4197140881138655, 2.7950849718747373, 3.605551275463989, 7.532715629903333, 9.473657303419822, 10.363258655740875, 9.7082439194738, 11.165512660223802, 15.411266011773305], [3.166666666666667, 2.666666666666667, 2.166666666666667, 1.666666666666667, 1.166666666666667, 0.0, 1.166666666666667, 2.333333333333333, 1.269295517643985, 0.5, 1.269295517643985, 2.3863035105460586, 3.227755067810719, 2.7389297382574664, 2.255009854622468, 1.780000780274486, 1.5365907428821481, 1.0, 1.5365907428821481, 2.5385910352879693, 3.4044497026359166, 2.945099507845382, 2.501388503300606, 2.0833333333333335, 1.90029237516523, 1.5, 1.90029237516523, 2.7738861628488727, 3.6801362444585908, 3.259867499011442, 2.865321874492366, 2.5086655372483952, 2.3154073315749675, 2.0, 2.3154073315749675, 4.034572812303401, 3.655285366576885, 3.308238873546535, 3.0046260628866577, 2.758824226207808, 2.5, 2.758824226207808, 3.2156302302624566, 4.362084109434134, 7.785465462176978, 9.266625265979368, 9.893106383338601, 10.013879257199868, 11.308537459915621, 14.92942617241048], [4.333333333333334, 3.833333333333334, 3.333333333333334, 2.833333333333334, 2.333333333333334, 1.166666666666667, 0.0, 1.166666666666666, 2.3863035105460595, 1.269295517643985, 0.5, 1.2692955176439842, 4.378173452226143, 3.8839502371225674, 3.3914209575207725, 2.901448393092281, 2.53859103528797, 1.5365907428821481, 1.0, 1.5365907428821475, 4.510019709244936, 4.031990134467649, 3.560001560548972, 3.096817362677008, 2.7738861628488736, 1.90029237516523, 1.5, 1.9002923751652296, 4.721589009833213, 4.2673257954419705, 3.8244916147262127, 3.397558355316032, 3.0731814857642963, 2.3154073315749675, 2.0, 5.002777006601212, 4.5765100725819945, 4.166666666666667, 3.7785946829182118, 3.4197140881138655, 2.758824226207808, 2.5, 3.9484525801607115, 5.2704627669473, 8.198009660078075, 9.203951714332103, 9.543175576323849, 10.44163673845139, 11.568041676153916, 14.52551664525201], [5.5, 5.0, 4.5, 4.0, 3.5, 2.333333333333333, 1.166666666666666, 0.0, 3.5355339059327378, 2.3863035105460586, 1.2692955176439842, 0.5, 5.535397456371133, 5.038911092686593, 4.543195461346562, 4.0485336851754115, 3.640054944640259, 2.5385910352879693, 1.5365907428821475, 1.0, 5.640257086339239, 5.153882032022076, 4.670385423067351, 4.190763653560053, 3.8078865529319543, 2.7738861628488727, 1.9002923751652296, 1.5, 5.8108196495847295, 5.340002340823457, 4.875, 4.417649261768073, 4.031128874149275, 3.0731814857642954, 2.315407331574967, 6.041522986797286, 5.5901699437494745, 5.1478150704935, 4.716990566028302, 4.301162633521313, 3.419714088113865, 2.7588242262078078, 4.8541219597369, 6.264982043070834, 8.747769689065807, 9.288559238205284, 9.3270074767449, 10.977249200050075, 11.936430755564043, 14.206186117595163], [2.0615528128088303, 1.5811388300841898, 1.118033988749895, 0.7071067811865476, 0.5, 1.269295517643985, 2.3863035105460595, 3.5355339059327378, 0.0, 1.166666666666667, 2.333333333333334, 3.5, 2.003902442735175, 1.505199322349037, 1.0077822185373186, 0.5153882032022076, 0.5, 1.269295517643985, 2.3863035105460595, 3.5355339059327378, 2.1360009363293826, 1.6770509831248424, 1.25, 0.9013878188659973, 1.0, 1.5365907428821481, 2.53859103528797, 3.640054944640259, 2.42706097986845, 2.0348525745124633, 1.7001838135919305, 1.4630874888399532, 1.5, 1.90029237516523, 2.7738861628488736, 2.8284271247461903, 2.5, 2.23606797749979, 2.0615528128088303, 2.0, 2.3154073315749675, 3.0731814857642963, 2.3048861143232218, 3.2015621187164243, 7.038204901222953, 8.988695355008321, 9.919332105813332, 9.219544457292887, 10.666838559840395, 14.965001550587852], [3.205897343611891, 2.713136766016618, 2.2236106773543893, 1.7400510848184252, 1.269295517643985, 0.5, 1.269295517643985, 2.3863035105460586, 1.166666666666667, 0.0, 1.166666666666667, 2.333333333333333, 3.1691328116344035, 2.6695947466068914, 2.1702694405175698, 1.6713475933442985, 1.269295517643985, 0.5, 1.269295517643985, 2.3863035105460586, 3.2542706982944396, 2.7701283564324437, 2.292802748699601, 1.8276426832884427, 1.5365907428821481, 1.0, 1.5365907428821481, 2.5385910352879693, 3.4523039810795604, 3.0002893378991153, 2.566139015027137, 2.160648693744029, 1.90029237516523, 1.5, 1.90029237516523, 3.7453675090407055, 3.3333333333333335, 2.948634335492356, 2.6034165586355518, 2.3154073315749675, 2.0, 2.3154073315749675, 2.8000496027352404, 4.034572812303401, 7.308077444400778, 8.770222648404978, 9.427066000176618, 9.540847854241141, 10.816459281039926, 14.468307335722198], [4.362084109434134, 3.865804501581068, 3.3706247360261146, 2.877112750272012, 2.3863035105460595, 1.269295517643985, 0.5, 1.2692955176439842, 2.333333333333334, 1.166666666666667, 0.0, 1.166666666666666, 4.335135843059336, 3.8353708353227653, 3.3356762599375727, 2.8360893458736065, 2.3863035105460595, 1.269295517643985, 0.5, 1.2692955176439842, 4.397758267319587, 3.9060138817526555, 3.416666666666667, 2.9309175658448297, 2.53859103528797, 1.5365907428821481, 1.0, 1.5365907428821475, 4.546251508416333, 4.072477064937806, 3.6057920227199896, 3.1493495801161515, 2.7738861628488736, 1.90029237516523, 1.5, 4.772607021092118, 4.323707257024283, 3.8873012632302006, 3.468108674447469, 3.0731814857642963, 2.3154073315749675, 2.0, 3.618048891015402, 5.002777006601212, 7.746088423026311, 8.703975450463155, 9.059151148986036, 9.988882709181132, 11.087486645643088, 14.051148890213602], [5.522680508593631, 5.024937810560445, 4.527692569068709, 4.031128874149275, 3.5355339059327378, 2.3863035105460586, 1.2692955176439842, 0.5, 3.5, 2.333333333333333, 1.166666666666666, 0.0, 5.501420271166347, 5.001562255935639, 4.501735776342277, 4.00195264839553, 3.5355339059327378, 2.3863035105460586, 1.2692955176439842, 0.5, 5.55090082779363, 5.055937104039171, 4.562071897723665, 4.0697051490249265, 3.640054944640259, 2.5385910352879693, 1.5365907428821475, 1.0, 5.669270235224284, 5.185617128172885, 4.705382556179678, 4.229731078922158, 3.8078865529319543, 2.7738861628488727, 1.9002923751652296, 5.852349955359813, 5.385164807134504, 4.924428900898052, 4.47213595499958, 4.031128874149275, 3.0731814857642954, 2.315407331574967, 4.589389937671455, 6.041522986797286, 8.325743090172029, 8.793394919151371, 8.831143070457316, 10.547511554864494, 11.471318628582116, 13.720782606368022], [0.625, 0.8003905296791061, 1.1792476415070754, 1.625, 2.0953818267800264, 3.227755067810719, 4.378173452226143, 5.535397456371133, 2.003902442735175, 3.1691328116344035, 4.335135843059336, 5.501420271166347, 0.0, 0.5, 1.0, 1.5, 2.0348525745124633, 3.188793310607914, 4.349529029421206, 5.512769267799986, 0.625, 0.8003905296791061, 1.1792476415070754, 1.625, 2.1830311495716224, 3.285331456303577, 4.420792098456767, 5.569167352486366, 1.25, 1.346291201783626, 1.6007810593582121, 1.9525624189766635, 2.42706097986845, 3.4523039810795604, 4.546251508416333, 1.875, 1.940521837032503, 2.125, 2.401171589037318, 2.7414640249326636, 3.6801362444585908, 4.721589009833213, 2.6010815058356016, 2.375, 6.892697062906124, 9.571879139395708, 10.903198750893637, 8.875, 10.581152482348688, 15.8756265297795], [0.8003905296791061, 0.625, 0.8003905296791061, 1.1792476415070754, 1.625, 2.7389297382574664, 3.8839502371225674, 5.038911092686593, 1.505199322349037, 2.6695947466068914, 3.8353708353227653, 5.001562255935639, 0.5, 0.0, 0.5, 1.0, 1.5461646096066226, 2.6929047720094212, 3.851632049462208, 5.014042780032895, 0.8003905296791061, 0.625, 0.8003905296791061, 1.1792476415070754, 1.7365554986812255, 2.8065523531748187, 3.9319294811128604, 5.075985126061738, 1.346291201783626, 1.25, 1.346291201783626, 1.6007810593582121, 2.0348525745124633, 3.0002893378991153, 4.072477064937806, 1.940521837032503, 1.875, 1.940521837032503, 2.125, 2.401171589037318, 3.259867499011442, 4.2673257954419705, 2.348536778506992, 2.42706097986845, 6.843626642764696, 9.360809197571696, 10.604945877924044, 8.889073348780514, 10.535892539313641, 15.602459640863339], [1.1792476415070754, 0.8003905296791061, 0.625, 0.8003905296791061, 1.1792476415070754, 2.255009854622468, 3.3914209575207725, 4.543195461346562, 1.0077822185373186, 2.1702694405175698, 3.3356762599375727, 4.501735776342277, 1.0, 0.5, 0.0, 0.5, 1.0680004681646913, 2.1988791336597937, 3.354360760429789, 4.5155979670471105, 1.1792476415070754, 0.8003905296791061, 0.625, 0.8003905296791061, 1.3287682265918312, 2.336679148801659, 3.4462640802920363, 4.584280205223062, 1.6007810593582121, 1.346291201783626, 1.25, 1.346291201783626, 1.7001838135919305, 2.566139015027137, 3.6057920227199896, 2.125, 1.940521837032503, 1.875, 1.940521837032503, 2.125, 2.865321874492366, 3.8244916147262127, 2.1830311495716224, 2.576941016011038, 6.8308988025092905, 9.172165906016255, 10.322306483819773, 8.931160338948125, 10.514241548738353, 15.340729316968604], [1.625, 1.1792476415070754, 0.8003905296791061, 0.625, 0.8003905296791061, 1.780000780274486, 2.901448393092281, 4.0485336851754115, 0.5153882032022076, 1.6713475933442985, 2.8360893458736065, 4.00195264839553, 1.5, 1.0, 0.5, 0.0, 0.625, 1.7083333333333335, 2.8580417732737535, 4.017539669997049, 1.625, 1.1792476415070754, 0.8003905296791061, 0.625, 1.0077822185373186, 1.882392833012753, 2.965367224776348, 4.0945848385398, 1.9525624189766635, 1.6007810593582121, 1.346291201783626, 1.25, 1.4630874888399532, 2.160648693744029, 3.1493495801161515, 2.401171589037318, 2.125, 1.940521837032503, 1.875, 1.940521837032503, 2.5086655372483952, 3.397558355316032, 2.125, 2.809025631780529, 6.854715987893804, 9.007358435281187, 10.056597099323275, 9.000868013697346, 10.516345329555648, 15.091030617828281], [2.23606797749979, 1.8027756377319946, 1.4142135623730951, 1.118033988749895, 1.0, 1.5365907428821481, 2.53859103528797, 3.640054944640259, 0.5, 1.269295517643985, 2.3863035105460595, 3.5355339059327378, 2.0348525745124633, 1.5461646096066226, 1.0680004681646913, 0.625, 0.0, 1.166666666666667, 2.333333333333334, 3.5, 2.0155644370746373, 1.5206906325745548, 1.0307764064044151, 0.5590169943749475, 0.5, 1.269295517643985, 2.3863035105460595, 3.5355339059327378, 2.1830311495716224, 1.7365554986812255, 1.3287682265918312, 1.0077822185373186, 1.0, 1.5365907428821481, 2.53859103528797, 2.5, 2.1213203435596424, 1.8027756377319946, 1.5811388300841898, 1.5, 1.90029237516523, 2.7738861628488736, 1.8200274723201295, 2.8284271247461903, 6.544528378898485, 8.505475040681537, 9.480989868418284, 8.73212459828649, 10.168294682874697, 14.522238902199431], [3.3208098075285464, 2.8480012484391772, 2.386303510546059, 1.9436506316151003, 1.5365907428821481, 1.0, 1.5365907428821481, 2.5385910352879693, 1.269295517643985, 0.5, 1.269295517643985, 2.3863035105460586, 3.188793310607914, 2.6929047720094212, 2.1988791336597937, 1.7083333333333335, 1.166666666666667, 0.0, 1.166666666666667, 2.333333333333333, 3.1765197587576535, 2.678359779998033, 2.181042054717067, 1.6853123680130573, 1.269295517643985, 0.5, 1.269295517643985, 2.3863035105460586, 3.285331456303577, 2.8065523531748187, 2.336679148801659, 1.882392833012753, 1.5365907428821481, 1.0, 1.5365907428821481, 3.5039660069381067, 3.05959329178097, 2.63523138347365, 2.242270674512285, 1.90029237516523, 1.5, 1.90029237516523, 2.416666666666667, 3.7453675090407055, 6.833924158488171, 8.27425324637239, 8.964685874659354, 9.070709882791853, 10.325142288340372, 14.009856119331507], [4.447221354708779, 3.9616214413349047, 3.4801021696368504, 3.004626062886658, 2.53859103528797, 1.5365907428821481, 1.0, 1.5365907428821475, 2.3863035105460595, 1.269295517643985, 0.5, 1.2692955176439842, 4.349529029421206, 3.851632049462208, 3.354360760429789, 2.8580417732737535, 2.333333333333334, 1.166666666666667, 0.0, 1.166666666666666, 4.3405388810351395, 3.8414768572053704, 3.342695186688597, 2.8443413609793358, 2.3863035105460595, 1.269295517643985, 0.5, 1.2692955176439842, 4.420792098456767, 3.9319294811128604, 3.4462640802920363, 2.965367224776348, 2.53859103528797, 1.5365907428821481, 1.0, 4.585605497399202, 4.116363011742823, 3.6552853665768854, 3.205897343611891, 2.7738861628488736, 1.90029237516523, 1.5, 3.3302068671146814, 4.772607021092118, 7.300438981866165, 8.2040020797641, 8.576959776039876, 9.540847854241141, 10.608729047977128, 13.578620565374402], [5.5901699437494745, 5.0990195135927845, 4.6097722286464435, 4.123105625617661, 3.640054944640259, 2.5385910352879693, 1.5365907428821475, 1.0, 3.5355339059327378, 2.3863035105460586, 1.2692955176439842, 0.5, 5.512769267799986, 5.014042780032895, 4.5155979670471105, 4.017539669997049, 3.5, 2.333333333333333, 1.166666666666666, 0.0, 5.50567888638631, 5.006246098625197, 4.5069390943299865, 4.00780488547035, 3.5355339059327378, 2.3863035105460586, 1.2692955176439842, 0.5, 5.569167352486366, 5.075985126061738, 4.584280205223062, 4.0945848385398, 3.640054944640259, 2.5385910352879693, 1.5365907428821475, 5.70087712549569, 5.220153254455275, 4.743416490252569, 4.272001872658765, 3.8078865529319543, 2.7738861628488727, 1.9002923751652296, 4.366062299143245, 5.852349955359813, 7.912807433152669, 8.29881049829827, 8.335772753051588, 10.124228365658293, 11.009265324013905, 13.236465791693378], [1.25, 1.346291201783626, 1.6007810593582121, 1.9525624189766635, 2.358495283014151, 3.4044497026359166, 4.510019709244936, 5.640257086339239, 2.1360009363293826, 3.2542706982944396, 4.397758267319587, 5.55090082779363, 0.625, 0.8003905296791061, 1.1792476415070754, 1.625, 2.0155644370746373, 3.1765197587576535, 4.3405388810351395, 5.50567888638631, 0.0, 0.5, 1.0, 1.5, 2.0155644370746373, 3.1765197587576535, 4.3405388810351395, 5.50567888638631, 0.625, 0.8003905296791061, 1.1792476415070754, 1.625, 2.1360009363293826, 3.2542706982944396, 4.397758267319587, 1.25, 1.346291201783626, 1.6007810593582121, 1.9525624189766635, 2.358495283014151, 3.4044497026359166, 4.510019709244936, 2.1213203435596424, 1.75, 6.273898480152173, 9.016003666388688, 10.415572107475771, 8.25, 9.960478287954535, 15.360666712983551], [1.346291201783626, 1.25, 1.346291201783626, 1.6007810593582121, 1.9525624189766635, 2.945099507845382, 4.031990134467649, 5.153882032022076, 1.6770509831248424, 2.7701283564324437, 3.9060138817526555, 5.055937104039171, 0.8003905296791061, 0.625, 0.8003905296791061, 1.1792476415070754, 1.5206906325745548, 2.678359779998033, 3.8414768572053704, 5.006246098625197, 0.5, 0.0, 0.5, 1.0, 1.5206906325745548, 2.678359779998033, 3.8414768572053704, 5.006246098625197, 0.8003905296791061, 0.625, 0.8003905296791061, 1.1792476415070754, 1.6770509831248424, 2.7701283564324437, 3.9060138817526555, 1.346291201783626, 1.25, 1.346291201783626, 1.6007810593582121, 1.9525624189766635, 2.945099507845382, 4.031990134467649, 1.8027756377319946, 1.8200274723201295, 6.2199481480009, 8.7915983010189, 10.102934048989773, 8.26513762740827, 9.912384751918417, 15.078173330980498], [1.6007810593582121, 1.346291201783626, 1.25, 1.346291201783626, 1.6007810593582121, 2.501388503300606, 3.560001560548972, 4.670385423067351, 1.25, 2.292802748699601, 3.416666666666667, 4.562071897723665, 1.1792476415070754, 0.8003905296791061, 0.625, 0.8003905296791061, 1.0307764064044151, 2.181042054717067, 3.342695186688597, 4.5069390943299865, 1.0, 0.5, 0.0, 0.5, 1.0307764064044151, 2.181042054717067, 3.342695186688597, 4.5069390943299865, 1.1792476415070754, 0.8003905296791061, 0.625, 0.8003905296791061, 1.25, 2.292802748699601, 3.416666666666667, 1.6007810593582121, 1.346291201783626, 1.25, 1.346291201783626, 1.6007810593582121, 2.501388503300606, 3.560001560548972, 1.5811388300841898, 2.0155644370746373, 6.205941329756824, 8.59046443800465, 9.805835531480552, 8.31038506929733, 9.88936879761877, 14.807178668835672], [1.9525624189766635, 1.6007810593582121, 1.346291201783626, 1.25, 1.346291201783626, 2.0833333333333335, 3.096817362677008, 4.190763653560053, 0.9013878188659973, 1.8276426832884427, 2.9309175658448297, 4.0697051490249265, 1.625, 1.1792476415070754, 0.8003905296791061, 0.625, 0.5590169943749475, 1.6853123680130573, 2.8443413609793358, 4.00780488547035, 1.5, 1.0, 0.5, 0.0, 0.5590169943749475, 1.6853123680130573, 2.8443413609793358, 4.00780488547035, 1.625, 1.1792476415070754, 0.8003905296791061, 0.625, 0.9013878188659973, 1.8276426832884427, 2.9309175658448297, 1.9525624189766635, 1.6007810593582121, 1.346291201783626, 1.25, 1.346291201783626, 2.0833333333333335, 3.096817362677008, 1.5, 2.3048861143232218, 6.232147351671651, 8.414271081606932, 9.525730656629761, 8.38525491562421, 9.891605479423792, 14.548325307833641], [2.5, 2.1213203435596424, 1.8027756377319946, 1.5811388300841898, 1.5, 1.90029237516523, 2.7738861628488736, 3.8078865529319543, 1.0, 1.5365907428821481, 2.53859103528797, 3.640054944640259, 2.1830311495716224, 1.7365554986812255, 1.3287682265918312, 1.0077822185373186, 0.5, 1.269295517643985, 2.3863035105460595, 3.5355339059327378, 2.0155644370746373, 1.5206906325745548, 1.0307764064044151, 0.5590169943749475, 0.0, 1.166666666666667, 2.333333333333334, 3.5, 2.0348525745124633, 1.5461646096066226, 1.0680004681646913, 0.625, 0.5, 1.269295517643985, 2.3863035105460595, 2.23606797749979, 1.8027756377319946, 1.4142135623730951, 1.118033988749895, 1.0, 1.5365907428821481, 2.53859103528797, 1.346291201783626, 2.5, 6.051890214868116, 8.024311007816499, 9.049043504408692, 8.246211251235321, 9.669901170842323, 14.08330834910648], [3.5039660069381067, 3.05959329178097, 2.63523138347365, 2.242270674512285, 1.90029237516523, 1.5, 1.90029237516523, 2.7738861628488727, 1.5365907428821481, 1.0, 1.5365907428821481, 2.5385910352879693, 3.285331456303577, 2.8065523531748187, 2.336679148801659, 1.882392833012753, 1.269295517643985, 0.5, 1.269295517643985, 2.3863035105460586, 3.1765197587576535, 2.678359779998033, 2.181042054717067, 1.6853123680130573, 1.166666666666667, 0.0, 1.166666666666667, 2.333333333333333, 3.188793310607914, 2.6929047720094212, 2.1988791336597937, 1.7083333333333335, 1.269295517643985, 0.5, 1.269295517643985, 3.3208098075285464, 2.8480012484391772, 2.386303510546059, 1.9436506316151003, 1.5365907428821481, 1.0, 1.5365907428821481, 2.0833333333333335, 3.5039660069381067, 6.3637286927223, 7.778799924642135, 8.506562895256106, 8.603939666093538, 9.834700563339718, 13.554343208279338], [4.585605497399202, 4.116363011742823, 3.6552853665768854, 3.205897343611891, 2.7738861628488736, 1.90029237516523, 1.5, 1.9002923751652296, 2.53859103528797, 1.5365907428821481, 1.0, 1.5365907428821475, 4.420792098456767, 3.9319294811128604, 3.4462640802920363, 2.965367224776348, 2.3863035105460595, 1.269295517643985, 0.5, 1.2692955176439842, 4.3405388810351395, 3.8414768572053704, 3.342695186688597, 2.8443413609793358, 2.333333333333334, 1.166666666666667, 0.0, 1.166666666666666, 4.349529029421206, 3.851632049462208, 3.354360760429789, 2.8580417732737535, 2.3863035105460595, 1.269295517643985, 0.5, 4.447221354708779, 3.9616214413349047, 3.4801021696368504, 3.004626062886658, 2.53859103528797, 1.5365907428821481, 1.0, 3.096817362677008, 4.585605497399202, 6.862283351666551, 7.704032165514506, 8.096928952352059, 9.098229375970787, 10.132023682832251, 13.108130598291519], [5.70087712549569, 5.220153254455275, 4.743416490252569, 4.272001872658765, 3.8078865529319543, 2.7738861628488727, 1.9002923751652296, 1.5, 3.640054944640259, 2.5385910352879693, 1.5365907428821475, 1.0, 5.569167352486366, 5.075985126061738, 4.584280205223062, 4.0945848385398, 3.5355339059327378, 2.3863035105460586, 1.2692955176439842, 0.5, 5.50567888638631, 5.006246098625197, 4.5069390943299865, 4.00780488547035, 3.5, 2.333333333333333, 1.166666666666666, 0.0, 5.512769267799986, 5.014042780032895, 4.5155979670471105, 4.017539669997049, 3.5355339059327378, 2.3863035105460586, 1.2692955176439842, 5.5901699437494745, 5.0990195135927845, 4.6097722286464435, 4.123105625617661, 3.640054944640259, 2.5385910352879693, 1.5365907428821475, 4.190763653560053, 5.70087712549569, 7.510462365578099, 7.804916217947122, 7.840990170262188, 9.7082439194738, 10.55067272123512, 12.753359478118961], [1.875, 1.940521837032503, 2.125, 2.401171589037318, 2.7414640249326636, 3.6801362444585908, 4.721589009833213, 5.8108196495847295, 2.42706097986845, 3.4523039810795604, 4.546251508416333, 5.669270235224284, 1.25, 1.346291201783626, 1.6007810593582121, 1.9525624189766635, 2.1830311495716224, 3.285331456303577, 4.420792098456767, 5.569167352486366, 0.625, 0.8003905296791061, 1.1792476415070754, 1.625, 2.0348525745124633, 3.188793310607914, 4.349529029421206, 5.512769267799986, 0.0, 0.5, 1.0, 1.5, 2.003902442735175, 3.1691328116344035, 4.335135843059336, 0.625, 0.8003905296791061, 1.1792476415070754, 1.625, 2.0953818267800264, 3.227755067810719, 4.378173452226143, 1.7365554986812255, 1.125, 5.656463690108581, 8.469771187314908, 9.943329002430023, 7.625, 9.340381019793227, 14.854154167157517], [1.940521837032503, 1.875, 1.940521837032503, 2.125, 2.401171589037318, 3.259867499011442, 4.2673257954419705, 5.340002340823457, 2.0348525745124633, 3.0002893378991153, 4.072477064937806, 5.185617128172885, 1.346291201783626, 1.25, 1.346291201783626, 1.6007810593582121, 1.7365554986812255, 2.8065523531748187, 3.9319294811128604, 5.075985126061738, 0.8003905296791061, 0.625, 0.8003905296791061, 1.1792476415070754, 1.5461646096066226, 2.6929047720094212, 3.851632049462208, 5.014042780032895, 0.5, 0.0, 0.5, 1.0, 1.505199322349037, 2.6695947466068914, 3.8353708353227653, 0.8003905296791061, 0.625, 0.8003905296791061, 1.1792476415070754, 1.625, 2.7389297382574664, 3.8839502371225674, 1.3287682265918312, 1.231107225224513, 5.59656450888229, 8.230486166661963, 9.615348445208609, 7.6413758577889626, 9.28907752902109, 14.56183797305181], [2.125, 1.940521837032503, 1.875, 1.940521837032503, 2.125, 2.865321874492366, 3.8244916147262127, 4.875, 1.7001838135919305, 2.566139015027137, 3.6057920227199896, 4.705382556179678, 1.6007810593582121, 1.346291201783626, 1.25, 1.346291201783626, 1.3287682265918312, 2.336679148801659, 3.4462640802920363, 4.584280205223062, 1.1792476415070754, 0.8003905296791061, 0.625, 0.8003905296791061, 1.0680004681646913, 2.1988791336597937, 3.354360760429789, 4.5155979670471105, 1.0, 0.5, 0.0, 0.5, 1.0077822185373186, 2.1702694405175698, 3.3356762599375727, 1.1792476415070754, 0.8003905296791061, 0.625, 0.8003905296791061, 1.1792476415070754, 2.255009854622468, 3.3914209575207725, 1.0077822185373186, 1.505199322349037, 5.580993381705889, 8.01528421915019, 9.30269099750095, 7.690294207636012, 9.264513213624102, 14.281048780994494], [2.401171589037318, 2.125, 1.940521837032503, 1.875, 1.940521837032503, 2.5086655372483952, 3.397558355316032, 4.417649261768073, 1.4630874888399532, 2.160648693744029, 3.1493495801161515, 4.229731078922158, 1.9525624189766635, 1.6007810593582121, 1.346291201783626, 1.25, 1.0077822185373186, 1.882392833012753, 2.965367224776348, 4.0945848385398, 1.625, 1.1792476415070754, 0.8003905296791061, 0.625, 0.625, 1.7083333333333335, 2.8580417732737535, 4.017539669997049, 1.5, 1.0, 0.5, 0.0, 0.5153882032022076, 1.6713475933442985, 2.8360893458736065, 1.625, 1.1792476415070754, 0.8003905296791061, 0.625, 0.8003905296791061, 1.780000780274486, 2.901448393092281, 0.875, 1.875, 5.610119423970314, 7.826152291381904, 9.006952529418305, 7.771140521184776, 9.266900713327333, 14.012479559909266], [2.8284271247461903, 2.5, 2.23606797749979, 2.0615528128088303, 2.0, 2.3154073315749675, 3.0731814857642963, 4.031128874149275, 1.5, 1.90029237516523, 2.7738861628488736, 3.8078865529319543, 2.42706097986845, 2.0348525745124633, 1.7001838135919305, 1.4630874888399532, 1.0, 1.5365907428821481, 2.53859103528797, 3.640054944640259, 2.1360009363293826, 1.6770509831248424, 1.25, 0.9013878188659973, 0.5, 1.269295517643985, 2.3863035105460595, 3.5355339059327378, 2.003902442735175, 1.505199322349037, 1.0077822185373186, 0.5153882032022076, 0.0, 1.166666666666667, 2.333333333333334, 2.0615528128088303, 1.5811388300841898, 1.118033988749895, 0.7071067811865476, 0.5, 1.269295517643985, 2.3863035105460595, 0.9013878188659973, 2.23606797749979, 5.5605663959191505, 7.5455966386147, 8.624454058333903, 7.762087348130012, 9.171682536478116, 13.648579610328323], [3.7453675090407055, 3.3333333333333335, 2.948634335492356, 2.6034165586355518, 2.3154073315749675, 2.0, 2.3154073315749675, 3.0731814857642954, 1.90029237516523, 1.5, 1.90029237516523, 2.7738861628488727, 3.4523039810795604, 3.0002893378991153, 2.566139015027137, 2.160648693744029, 1.5365907428821481, 1.0, 1.5365907428821481, 2.5385910352879693, 3.2542706982944396, 2.7701283564324437, 2.292802748699601, 1.8276426832884427, 1.269295517643985, 0.5, 1.269295517643985, 2.3863035105460586, 3.1691328116344035, 2.6695947466068914, 2.1702694405175698, 1.6713475933442985, 1.166666666666667, 0.0, 1.166666666666667, 3.205897343611891, 2.713136766016618, 2.2236106773543893, 1.7400510848184252, 1.269295517643985, 0.5, 1.269295517643985, 1.8276426832884427, 3.3208098075285464, 5.8984376189958905, 7.283967994858359, 8.053423604317542, 8.141116494546543, 9.345271909721754, 13.10207506967068], [4.772607021092118, 4.323707257024283, 3.8873012632302006, 3.468108674447469, 3.0731814857642963, 2.3154073315749675, 2.0, 2.315407331574967, 2.7738861628488736, 1.90029237516523, 1.5, 1.9002923751652296, 4.546251508416333, 4.072477064937806, 3.6057920227199896, 3.1493495801161515, 2.53859103528797, 1.5365907428821481, 1.0, 1.5365907428821475, 4.397758267319587, 3.9060138817526555, 3.416666666666667, 2.9309175658448297, 2.3863035105460595, 1.269295517643985, 0.5, 1.2692955176439842, 4.335135843059336, 3.8353708353227653, 3.3356762599375727, 2.8360893458736065, 2.333333333333334, 1.166666666666667, 0.0, 4.362084109434134, 3.865804501581068, 3.3706247360261146, 2.877112750272012, 2.3863035105460595, 1.269295517643985, 0.5, 2.9309175658448297, 4.447221354708779, 6.433152902672899, 7.204066427358271, 7.6194670364184915, 8.66185764012419, 9.657674451209957, 12.639906609833956], [2.5, 2.5495097567963922, 2.692582403567252, 2.9154759474226504, 3.2015621187164243, 4.034572812303401, 5.002777006601212, 6.041522986797286, 2.8284271247461903, 3.7453675090407055, 4.772607021092118, 5.852349955359813, 1.875, 1.940521837032503, 2.125, 2.401171589037318, 2.5, 3.5039660069381067, 4.585605497399202, 5.70087712549569, 1.25, 1.346291201783626, 1.6007810593582121, 1.9525624189766635, 2.23606797749979, 3.3208098075285464, 4.447221354708779, 5.5901699437494745, 0.625, 0.8003905296791061, 1.1792476415070754, 1.625, 2.0615528128088303, 3.205897343611891, 4.362084109434134, 0.0, 0.5, 1.0, 1.5, 2.0, 3.166666666666667, 4.333333333333334, 1.5206906325745548, 0.5, 5.0408938508738546, 7.935173332612549, 9.488766567636954, 7.0, 8.720983744109, 14.356982976099303], [2.5495097567963922, 2.5, 2.5495097567963922, 2.692582403567252, 2.9154759474226504, 3.655285366576885, 4.5765100725819945, 5.5901699437494745, 2.5, 3.3333333333333335, 4.323707257024283, 5.385164807134504, 1.940521837032503, 1.875, 1.940521837032503, 2.125, 2.1213203435596424, 3.05959329178097, 4.116363011742823, 5.220153254455275, 1.346291201783626, 1.25, 1.346291201783626, 1.6007810593582121, 1.8027756377319946, 2.8480012484391772, 3.9616214413349047, 5.0990195135927845, 0.8003905296791061, 0.625, 0.8003905296791061, 1.1792476415070754, 1.5811388300841898, 2.713136766016618, 3.865804501581068, 0.5, 0.0, 0.5, 1.0, 1.5, 2.666666666666667, 3.833333333333334, 1.0307764064044151, 0.7071067811865476, 4.973586597249706, 7.679248296073612, 9.144496981644991, 7.0178344238090995, 8.666014147822773, 14.054329913152595], [2.692582403567252, 2.5495097567963922, 2.5, 2.5495097567963922, 2.692582403567252, 3.308238873546535, 4.166666666666667, 5.1478150704935, 2.23606797749979, 2.948634335492356, 3.8873012632302006, 4.924428900898052, 2.125, 1.940521837032503, 1.875, 1.940521837032503, 1.8027756377319946, 2.63523138347365, 3.6552853665768854, 4.743416490252569, 1.6007810593582121, 1.346291201783626, 1.25, 1.346291201783626, 1.4142135623730951, 2.386303510546059, 3.4801021696368504, 4.6097722286464435, 1.1792476415070754, 0.8003905296791061, 0.625, 0.8003905296791061, 1.118033988749895, 2.2236106773543893, 3.3706247360261146, 1.0, 0.5, 0.0, 0.5, 1.0, 2.166666666666667, 3.333333333333334, 0.5590169943749475, 1.118033988749895, 4.956058561488755, 7.448136207595402, 8.815155081989424, 7.0710678118654755, 8.639678521537446, 13.76319070708048], [2.9154759474226504, 2.692582403567252, 2.5495097567963922, 2.5, 2.5495097567963922, 3.0046260628866577, 3.7785946829182118, 4.716990566028302, 2.0615528128088303, 2.6034165586355518, 3.468108674447469, 4.47213595499958, 2.401171589037318, 2.125, 1.940521837032503, 1.875, 1.5811388300841898, 2.242270674512285, 3.205897343611891, 4.272001872658765, 1.9525624189766635, 1.6007810593582121, 1.346291201783626, 1.25, 1.118033988749895, 1.9436506316151003, 3.004626062886658, 4.123105625617661, 1.625, 1.1792476415070754, 0.8003905296791061, 0.625, 0.7071067811865476, 1.7400510848184252, 2.877112750272012, 1.5, 1.0, 0.5, 0.0, 0.5, 1.666666666666667, 2.833333333333334, 0.25, 1.5811388300841898, 4.988834462023174, 7.244212278849768, 8.502475709564452, 7.158910531638177, 8.64223863942477, 13.484311164134306], [3.2015621187164243, 2.9154759474226504, 2.692582403567252, 2.5495097567963922, 2.5, 2.758824226207808, 3.4197140881138655, 4.301162633521313, 2.0, 2.3154073315749675, 3.0731814857642963, 4.031128874149275, 2.7414640249326636, 2.401171589037318, 2.125, 1.940521837032503, 1.5, 1.90029237516523, 2.7738861628488736, 3.8078865529319543, 2.358495283014151, 1.9525624189766635, 1.6007810593582121, 1.346291201783626, 1.0, 1.5365907428821481, 2.53859103528797, 3.640054944640259, 2.0953818267800264, 1.625, 1.1792476415070754, 0.8003905296791061, 0.5, 1.269295517643985, 2.3863035105460595, 2.0, 1.5, 1.0, 0.5, 0.0, 1.166666666666667, 2.333333333333334, 0.5590169943749475, 2.0615528128088303, 5.070938977549831, 7.069829567619144, 8.208363251217817, 7.280109889280518, 8.673668914941215, 13.218467259971096], [4.034572812303401, 3.655285366576885, 3.308238873546535, 3.0046260628866577, 2.758824226207808, 2.5, 2.758824226207808, 3.419714088113865, 2.3154073315749675, 2.0, 2.3154073315749675, 3.0731814857642954, 3.6801362444585908, 3.259867499011442, 2.865321874492366, 2.5086655372483952, 1.90029237516523, 1.5, 1.90029237516523, 2.7738861628488727, 3.4044497026359166, 2.945099507845382, 2.501388503300606, 2.0833333333333335, 1.5365907428821481, 1.0, 1.5365907428821481, 2.5385910352879693, 3.227755067810719, 2.7389297382574664, 2.255009854622468, 1.780000780274486, 1.269295517643985, 0.5, 1.269295517643985, 3.166666666666667, 2.666666666666667, 2.166666666666667, 1.666666666666667, 1.166666666666667, 0.0, 1.166666666666667, 1.6853123680130573, 3.205897343611891, 5.439309681916883, 6.789893315261244, 7.606158768406687, 7.68295371441074, 8.857024272446946, 12.653399640205144], [5.002777006601212, 4.5765100725819945, 4.166666666666667, 3.7785946829182118, 3.4197140881138655, 2.758824226207808, 2.5, 2.7588242262078078, 3.0731814857642963, 2.3154073315749675, 2.0, 2.315407331574967, 4.721589009833213, 4.2673257954419705, 3.8244916147262127, 3.397558355316032, 2.7738861628488736, 1.90029237516523, 1.5, 1.9002923751652296, 4.510019709244936, 4.031990134467649, 3.560001560548972, 3.096817362677008, 2.53859103528797, 1.5365907428821481, 1.0, 1.5365907428821475, 4.378173452226143, 3.8839502371225674, 3.3914209575207725, 2.901448393092281, 2.3863035105460595, 1.269295517643985, 0.5, 4.333333333333334, 3.833333333333334, 3.333333333333334, 2.833333333333334, 2.333333333333334, 1.166666666666667, 0.0, 2.8443413609793358, 4.362084109434134, 6.01497961258204, 6.704105799605118, 7.145089039242197, 8.232726023485647, 9.186046358561088, 12.174210053583838], [3.132491021535417, 2.9261749776799064, 2.7950849718747373, 2.75, 2.7950849718747373, 3.2156302302624566, 3.9484525801607115, 4.8541219597369, 2.3048861143232218, 2.8000496027352404, 3.618048891015402, 4.589389937671455, 2.6010815058356016, 2.348536778506992, 2.1830311495716224, 2.125, 1.8200274723201295, 2.416666666666667, 3.3302068671146814, 4.366062299143245, 2.1213203435596424, 1.8027756377319946, 1.5811388300841898, 1.5, 1.346291201783626, 2.0833333333333335, 3.096817362677008, 4.190763653560053, 1.7365554986812255, 1.3287682265918312, 1.0077822185373186, 0.875, 0.9013878188659973, 1.8276426832884427, 2.9309175658448297, 1.5206906325745548, 1.0307764064044151, 0.5590169943749475, 0.25, 0.5590169943749475, 1.6853123680130573, 2.8443413609793358, 0.0, 1.5206906325745548, 4.7405939527420475, 7.013511408865887, 8.305275607801889, 6.914658342969665, 8.392387899090846, 13.275399174146363], [3.0, 3.0413812651491097, 3.1622776601683795, 3.3541019662496847, 3.605551275463989, 4.362084109434134, 5.2704627669473, 6.264982043070834, 3.2015621187164243, 4.034572812303401, 5.002777006601212, 6.041522986797286, 2.375, 2.42706097986845, 2.576941016011038, 2.809025631780529, 2.8284271247461903, 3.7453675090407055, 4.772607021092118, 5.852349955359813, 1.75, 1.8200274723201295, 2.0155644370746373, 2.3048861143232218, 2.5, 3.5039660069381067, 4.585605497399202, 5.70087712549569, 1.125, 1.231107225224513, 1.505199322349037, 1.875, 2.23606797749979, 3.3208098075285464, 4.447221354708779, 0.5, 0.7071067811865476, 1.118033988749895, 1.5811388300841898, 2.0615528128088303, 3.205897343611891, 4.362084109434134, 1.5206906325745548, 0.0, 4.5502894728123255, 7.51754197202209, 9.139623101350283, 6.5, 8.2260761825486, 13.96664281420066], [7.512522443409648, 7.467526115608686, 7.45586340485539, 7.4776902808571775, 7.532715629903333, 7.785465462176978, 8.198009660078075, 8.747769689065807, 7.038204901222953, 7.308077444400778, 7.746088423026311, 8.325743090172029, 6.892697062906124, 6.843626642764696, 6.8308988025092905, 6.854715987893804, 6.544528378898485, 6.833924158488171, 7.300438981866165, 7.912807433152669, 6.273898480152173, 6.2199481480009, 6.205941329756824, 6.232147351671651, 6.051890214868116, 6.3637286927223, 6.862283351666551, 7.510462365578099, 5.656463690108581, 5.59656450888229, 5.580993381705889, 5.610119423970314, 5.5605663959191505, 5.8984376189958905, 6.433152902672899, 5.0408938508738546, 4.973586597249706, 4.956058561488755, 4.988834462023174, 5.070938977549831, 5.439309681916883, 6.01497961258204, 4.7405939527420475, 4.5502894728123255, 0.0, 3.753917692164377, 6.015946860211474, 2.243644224092025, 3.6925133258952054, 10.155218954560663], [10.135811186385785, 9.936727176500687, 9.759222589650852, 9.604493954836746, 9.473657303419822, 9.266625265979368, 9.203951714332103, 9.288559238205284, 8.988695355008321, 8.770222648404978, 8.703975450463155, 8.793394919151371, 9.571879139395708, 9.360809197571696, 9.172165906016255, 9.007358435281187, 8.505475040681537, 8.27425324637239, 8.2040020797641, 8.29881049829827, 9.016003666388688, 8.7915983010189, 8.59046443800465, 8.414271081606932, 8.024311007816499, 7.778799924642135, 7.704032165514506, 7.804916217947122, 8.469771187314908, 8.230486166661963, 8.01528421915019, 7.826152291381904, 7.5455966386147, 7.283967994858359, 7.204066427358271, 7.935173332612549, 7.679248296073612, 7.448136207595402, 7.244212278849768, 7.069829567619144, 6.789893315261244, 6.704105799605118, 7.013511408865887, 7.51754197202209, 3.753917692164377, 0.0, 2.419270419632866, 4.256458219426489, 3.603189668938054, 6.50888935916494], [11.404235777856831, 11.119430189949457, 10.850201003731174, 10.597735413454073, 10.363258655740875, 9.893106383338601, 9.543175576323849, 9.3270074767449, 9.919332105813332, 9.427066000176618, 9.059151148986036, 8.831143070457316, 10.903198750893637, 10.604945877924044, 10.322306483819773, 10.056597099323275, 9.480989868418284, 8.964685874659354, 8.576959776039876, 8.335772753051588, 10.415572107475771, 10.102934048989773, 9.805835531480552, 9.525730656629761, 9.049043504408692, 8.506562895256106, 8.096928952352059, 7.840990170262188, 9.943329002430023, 9.615348445208609, 9.30269099750095, 9.006952529418305, 8.624454058333903, 8.053423604317542, 7.6194670364184915, 9.488766567636954, 9.144496981644991, 8.815155081989424, 8.502475709564452, 8.208363251217817, 7.606158768406687, 7.145089039242197, 8.305275607801889, 9.139623101350283, 6.015946860211474, 2.419270419632866, 0.0, 6.669405026682566,