totalHoles = 80;
zeroHoleID = 19;
C = [[0.0, 0.5, 2.5, 3.0, 5.0, 5.5, 7.5, 8.0, 0.5, 5.024937810560445, 8.0156097709407, 5.731179780502507, 2.9154759474226504, 7.648529270389178, 1.7777777777777786, 5.306646193893135, 6.12588199560288, 3.737117790853809, 7.997877804937761, 6.171709649683789, 8.475848040166836, 4.312076268088592, 3.055555555555557, 5.859728641591386, 4.764192572115189, 8.526284704617689, 4.333333333333334, 6.61647774709307, 8.128144087936118, 7.500666637039671, 9.487360012142473, 5.890199015690764, 9.202958461519016, 5.611111111111112, 7.5156215911416515, 5.75, 5.771698190307598, 6.269968101992227, 6.485560885536423, 7.6198753270640855, 7.956915231419774, 9.4505290857179, 9.852030247619016, 7.068011751791079, 9.997839272735725, 6.888888888888889, 8.512155433464358, 9.220086767487604, 10.897706180660222, 8.275540338928606, 10.885061685688077, 8.166666666666668, 9.575721614815484, 9.50146187582615, 11.843892002959914, 9.444444444444445, 10.686324478706302, 11.150784725749125, 12.573384588089239, 10.739479491720557, 12.858321031654421, 10.722222222222221, 11.830724803777494, 11.5, 11.510864433221338, 11.76860229593982, 11.884864324004713, 12.539936203984453, 12.747548783981962, 13.729530217745982, 14.0089257261219, 11.98584556162645, 13.916195379023696, 12.0, 13.0, 13.200378782444085, 14.422205101855956, 14.970304367415062, 13.238202294873727, 15.008331019803634], [0.5, 0.0, 2.0, 2.5, 4.5, 5.0, 7.0, 7.5, 0.7071067811865476, 4.527692569068709, 7.516648189186454, 5.250148412976661, 2.5, 7.158910531638177, 1.8467522376216299, 4.838439193289557, 5.661183392586812, 3.422871511277637, 7.531005867924686, 5.7306195127577615, 8.005623023850173, 3.9734164692386167, 3.0961943984650624, 5.439340010799696, 4.521894610027697, 8.089964824657617, 4.362084109434134, 6.247221604663771, 7.725949054038088, 7.142128534267639, 9.069729874698584, 5.6960024968783545, 8.80025252162939, 5.633344291025942, 7.19267459998258, 5.771698190307598, 5.75, 6.0878978309429606, 6.269968101992227, 7.301540933255117, 7.6198753270640855, 9.058835465996719, 9.4505290857179, 6.9070102159658635, 9.628436535775515, 6.9070102159658635, 8.228413584856852, 8.930845424706442, 10.53612832116238, 8.138462256546662, 10.5467799778527, 8.181958472422385, 9.32440048713291, 9.382311963358381, 11.533766851197305, 9.457670477670362, 10.461717395542546, 10.912836478203088, 12.261321299109651, 10.63420987911591, 12.57324221325138, 10.733873922434343, 11.628243606956127, 11.510864433221338, 11.5, 11.672617529928752, 11.76860229593982, 12.349089035228468, 12.539936203984453, 13.46291201783626, 13.729530217745982, 11.891614433169304, 13.653222836647782, 12.010412149464313, 12.816005617976296, 13.0, 14.150971698084906, 14.694078432853708, 13.152946437965905, 14.7648230602334], [2.5, 2.0, 0.0, 0.5, 2.5, 3.0, 5.0, 5.5, 2.5495097567963922, 2.5495097567963922, 5.522680508593631, 3.381509291077532, 1.5, 5.220153254455275, 3.067652820506339, 3.067652820506339, 3.8909209868998293, 2.7777777777777786, 5.719794522770556, 4.1036569057366385, 6.171709649683789, 3.092601691591083, 3.947964000986639, 3.947964000986639, 4.055555555555557, 6.437975680615573, 5.002777006601212, 5.002777006601212, 6.259755480125129, 5.916924876994806, 7.500666637039671, 5.333333333333334, 7.31057073315377, 6.142846888962362, 6.142846888962362, 6.269968101992227, 6.0878978309429606, 5.75, 5.771698190307598, 6.269968101992227, 6.485560885536423, 7.6198753270640855, 7.956915231419774, 6.611111111111112, 8.288955912746598, 7.328491667693755, 7.328491667693755, 7.984985911070852, 9.220086767487604, 7.888888888888889, 9.339944748296672, 8.540751983545972, 8.540751983545972, 9.166666666666668, 10.441636738451392, 9.769725219482764, 9.769725219482764, 10.15332457867865, 11.150784725749125, 10.444444444444445, 11.579569065949148, 11.00981604672467, 11.00981604672467, 11.76860229593982, 11.672617529928752, 11.5, 11.510864433221338, 11.76860229593982, 11.884864324004713, 12.539936203984453, 12.747548783981962, 11.722222222222221, 12.74403757947851, 12.257650672131263, 12.257650672131263, 12.36931687685298, 13.200378782444085, 13.716400896084089, 13.0, 13.92838827718412], [3.0, 2.5, 0.5, 0.0, 2.0, 2.5, 4.5, 5.0, 3.0413812651491097, 2.0615528128088303, 5.024937810560445, 2.941469321186991, 1.5811388300841898, 4.743416490252569, 3.4871899614389372, 2.6759099063982883, 3.487382013308371, 2.822419065751231, 5.2882936172943396, 3.7536648758246924, 5.7306195127577615, 3.042732640084545, 4.282104593898476, 3.6519063176766227, 4.086261232985177, 6.057848699348437, 5.2704627669473, 4.772607021092118, 5.942062027806318, 5.679788728465171, 7.142128534267639, 5.356719559996066, 6.978140471819441, 6.3627484549709, 5.956892470175584, 6.485560885536423, 6.269968101992227, 5.771698190307598, 5.75, 6.0878978309429606, 6.269968101992227, 7.301540933255117, 7.6198753270640855, 6.629991713679346, 7.997298926728749, 7.513773361198539, 7.173338840697322, 7.810889834071404, 8.930845424706442, 7.90471807854237, 9.082101513484343, 8.700255424092125, 8.407998837086293, 9.180292902613608, 10.211649121360262, 9.909466729557021, 9.653886826775913, 10.016985574512923, 10.912836478203088, 10.456405680399284, 11.372617102192724, 11.13400419358265, 10.907155879637736, 11.884864324004713, 11.76860229593982, 11.510864433221338, 11.5, 11.672617529928752, 11.76860229593982, 12.349089035228468, 12.539936203984453, 11.732880883532419, 12.556292997025853, 12.36931687685298, 12.165525060596439, 12.257650672131263, 13.0, 13.507241823551778, 13.009611831257688, 13.756816492197604], [5.0, 4.5, 2.5, 2.0, 0.0, 0.5, 2.5, 3.0, 5.024937810560445, 0.5, 3.0413812651491097, 1.588328837126173, 2.9154759474226504, 2.9154759474226504, 5.306646193893135, 1.7777777777777786, 2.2917465018067706, 3.737117790853809, 3.737117790853809, 2.844292530665579, 4.1036569057366385, 3.6103142112358055, 5.859728641591386, 3.055555555555557, 4.764192572115189, 4.764192572115189, 6.61647774709307, 4.333333333333334, 4.980195882459074, 5.1244511901275835, 5.916924876994806, 5.890199015690764, 5.890199015690764, 7.5156215911416515, 5.611111111111112, 7.6198753270640855, 7.301540933255117, 6.269968101992227, 6.0878978309429606, 5.75, 5.771698190307598, 6.269968101992227, 6.485560885536423, 7.068011751791079, 7.068011751791079, 8.512155433464358, 6.888888888888889, 7.416872656315464, 7.984985911070852, 8.275540338928606, 8.275540338928606, 9.575721614815484, 8.166666666666668, 9.50146187582615, 9.50146187582615, 10.686324478706302, 9.444444444444445, 9.712878049270463, 10.15332457867865, 10.739479491720557, 10.739479491720557, 11.830724803777494, 10.722222222222221, 12.539936203984453, 12.349089035228468, 11.76860229593982, 11.672617529928752, 11.5, 11.510864433221338, 11.76860229593982, 11.884864324004713, 11.98584556162645, 11.98584556162645, 13.0, 12.0, 12.010412149464313, 12.36931687685298, 12.83235341748139, 13.238202294873727, 13.238202294873727], [5.5, 5.0, 3.0, 2.5, 0.5, 0.0, 2.0, 2.5, 5.522680508593631, 0.7071067811865476, 2.5495097567963922, 1.4968049895317563, 3.3541019662496847, 2.5, 5.780181124079114, 1.8467522376216299, 2.185101647290756, 4.088526553994245, 3.422871511277637, 2.8000000000000007, 3.7536648758246924, 3.902358953255717, 6.2917739750476125, 3.0961943984650624, 5.04455457540084, 4.521894610027697, 7.001983845866669, 4.362084109434134, 4.840032386152334, 5.1000000000000005, 5.679788728465171, 6.11918658356194, 5.6960024968783545, 7.857134840464084, 5.633344291025942, 7.956915231419774, 7.6198753270640855, 6.485560885536423, 6.269968101992227, 5.771698190307598, 5.75, 6.0878978309429606, 6.269968101992227, 7.259944223164307, 6.9070102159658635, 8.815145496442858, 6.9070102159658635, 7.4, 7.810889834071404, 8.440057339925753, 8.138462256546662, 9.846036991827953, 8.181958472422385, 9.645090864153525, 9.382311963358381, 10.92920540863779, 9.457670477670362, 9.7, 10.016985574512923, 10.866757554721023, 10.63420987911591, 12.05056220193548, 10.733873922434343, 12.747548783981962, 12.539936203984453, 11.884864324004713, 11.76860229593982, 11.510864433221338, 11.5, 11.672617529928752, 11.76860229593982, 12.100020406063805, 11.891614433169304, 13.200378782444085, 12.010412149464313, 12.0, 12.257650672131263, 12.707290126890008, 13.341664064126334, 13.152946437965905], [7.5, 7.0, 5.0, 4.5, 2.5, 2.0, 0.0, 0.5, 7.516648189186454, 2.5495097567963922, 0.7071067811865476, 2.472038006190335, 5.220153254455275, 1.5, 7.707820303247896, 3.067652820506339, 2.80444966629633, 5.719794522770556, 2.7777777777777786, 3.440930106817051, 2.844292530665579, 5.385587450303858, 8.098544298396252, 3.947964000986639, 6.437975680615573, 4.055555555555557, 8.66185764012419, 5.002777006601212, 4.787500745103652, 5.478138369920935, 5.1244511901275835, 7.31057073315377, 5.333333333333334, 9.366673256884463, 6.142846888962362, 9.4505290857179, 9.058835465996719, 7.6198753270640855, 7.301540933255117, 6.269968101992227, 6.0878978309429606, 5.75, 5.771698190307598, 8.288955912746598, 6.611111111111112, 10.18365308342035, 7.328491667693755, 7.66550715869472, 7.416872656315464, 9.339944748296672, 7.888888888888889, 11.088031585653265, 8.540751983545972, 10.441636738451392, 9.166666666666668, 12.060162970051339, 9.769725219482764, 9.904039579888602, 9.712878049270463, 11.579569065949148, 10.444444444444445, 13.084955077596408, 11.00981604672467, 13.729530217745982, 13.46291201783626, 12.539936203984453, 12.349089035228468, 11.76860229593982, 11.672617529928752, 11.5, 11.510864433221338, 12.74403757947851, 11.722222222222221, 14.150971698084906, 12.257650672131263, 12.165525060596439, 12.010412149464313, 12.397537453873499, 13.92838827718412, 13.0], [8.0, 7.5, 5.5, 5.0, 3.0, 2.5, 0.5, 0.0, 8.0156097709407, 3.0413812651491097, 0.5, 2.885932879657818, 5.70087712549569, 1.5811388300841898, 8.19515062870479, 3.4871899614389372, 3.1444403494483404, 6.161659628924341, 2.822419065751231, 3.7536648758246924, 2.8000000000000007, 5.805048568364803, 8.563668591969591, 4.282104593898476, 6.833559165193314, 4.086261232985177, 9.098229375970787, 5.2704627669473, 4.9034402061929105, 5.679788728465171, 5.1000000000000005, 7.661229956374136, 5.356719559996066, 9.77162053608482, 6.3627484549709, 9.852030247619016, 9.4505290857179, 7.956915231419774, 7.6198753270640855, 6.485560885536423, 6.269968101992227, 5.771698190307598, 5.75, 8.599813377245857, 6.629991713679346, 10.557309795750847, 7.513773361198539, 7.810889834071404, 7.4, 9.616889720758712, 7.90471807854237, 11.432167093095012, 8.700255424092125, 10.690078473883052, 9.180292902613608, 12.37729901328224, 9.909466729557021, 10.016985574512923, 9.7, 11.80408487571512, 10.456405680399284, 13.377819305952523, 11.13400419358265, 14.0089257261219, 13.729530217745982, 12.747548783981962, 12.539936203984453, 11.884864324004713, 11.76860229593982, 11.510864433221338, 11.5, 12.948378038471091, 11.732880883532419, 14.422205101855956, 12.36931687685298, 12.257650672131263, 12.0, 12.36951345275982, 14.115594213493104, 13.009611831257688], [0.5, 0.7071067811865476, 2.5495097567963922, 3.0413812651491097, 5.024937810560445, 5.522680508593631, 7.516648189186454, 8.0156097709407, 0.0, 5.0, 8.0, 5.62138475832805, 2.692582403567252, 7.566372975210778, 1.2777777777777786, 5.160689493602838, 5.966841442386468, 3.3820513900498725, 7.838256923891834, 5.961543424315552, 8.324061508662703, 3.97514575787546, 2.555555555555557, 5.615235008219235, 4.346489998681924, 8.300118993643524, 3.833333333333334, 6.300352723811933, 7.8491782071963, 7.1700767080973415, 9.228217596047461, 5.441609239104837, 8.922505876216116, 5.111111111111112, 7.150066908087187, 5.25, 5.273755777432247, 5.814851674806504, 6.046693311223912, 7.25, 7.603453162872775, 9.154916711800277, 9.56882960450232, 6.602702402224841, 9.674485981815556, 6.388888888888889, 8.112823259172352, 8.823831367382313, 10.564563407921787, 7.80036403075816, 10.528327455600234, 7.666666666666668, 9.153020145163989, 9.020039418489873, 11.461287497969463, 8.944444444444445, 10.24710136671601, 10.718675291284832, 12.191800523302536, 10.25387611143425, 12.455600158508702, 10.222222222222221, 11.37953545451192, 11.0, 11.01135777277262, 11.280514172678478, 11.40175425099138, 12.083045973594572, 12.298373876248844, 13.313526955694348, 13.601470508735444, 11.497315843488785, 13.49771356952496, 11.5, 12.539936203984453, 12.747548783981962, 14.0089257261219, 14.560167347042952, 12.747548783981962, 14.577379737113251], [5.024937810560445, 4.527692569068709, 2.5495097567963922, 2.0615528128088303, 0.5, 0.7071067811865476, 2.5495097567963922, 3.0413812651491097, 5.0, 0.0, 3.0, 1.129749272878154, 2.692582403567252, 2.692582403567252, 5.160689493602838, 1.2777777777777786, 1.8245187319051228, 3.3820513900498725, 3.3820513900498725, 2.3537204591879646, 3.78021163428716, 3.2003360383549797, 5.615235008219235, 2.555555555555557, 4.346489998681924, 4.346489998681924, 6.300352723811933, 3.833333333333334, 4.510567951127303, 4.627094120503711, 5.491812087098393, 5.441609239104837, 5.441609239104837, 7.150066908087187, 5.111111111111112, 7.25, 6.914658342969665, 5.814851674806504, 5.618051263561058, 5.25, 5.273755777432247, 5.814851674806504, 6.046693311223912, 6.602702402224841, 6.602702402224841, 8.112823259172352, 6.388888888888889, 6.918092222571191, 7.523961722390672, 7.80036403075816, 7.80036403075816, 9.153020145163989, 7.666666666666668, 9.020039418489873, 9.020039418489873, 10.24710136671601, 8.944444444444445, 9.213576938409968, 9.676776322722356, 10.25387611143425, 10.25387611143425, 11.37953545451192, 10.222222222222221, 12.083045973594572, 11.884864324004713, 11.280514172678478, 11.180339887498949, 11.0, 11.01135777277262, 11.280514172678478, 11.40175425099138, 11.497315843488785, 11.497315843488785, 12.539936203984453, 11.5, 11.510864433221338, 11.884864324004713, 12.351427227328655, 12.747548783981962, 12.747548783981962], [8.0156097709407, 7.516648189186454, 5.522680508593631, 5.024937810560445, 3.0413812651491097, 2.5495097567963922, 0.7071067811865476, 0.5, 8.0, 3.0, 0.0, 2.6612315777872855, 5.5901699437494745, 1.118033988749895, 8.10140210391897, 3.26078457573982, 2.8221041238352473, 5.953005258265633, 2.3320102068683735, 3.3970575502926064, 2.3000000000000007, 5.559349866271836, 8.398265546976404, 3.9409217446596005, 6.54919653916738, 3.590539696012563, 8.870988921447509, 4.8676939555034116, 4.4256748716759144, 5.23545604508337, 4.6000000000000005, 7.321960878829599, 4.859126579037751, 9.493337494797258, 5.926504601375372, 9.56882960450232, 9.154916711800277, 7.603453162872775, 7.25, 6.046693311223912, 5.814851674806504, 5.273755777432247, 5.25, 8.221659139878378, 6.131531538885345, 10.238061400214784, 7.058179739463136, 7.338937252763509, 6.9, 9.21117142454453, 7.405786859770249, 11.080513425729775, 8.232726023485647, 10.264556060108548, 8.681077762070279, 12.000128600133962, 9.43414471055819, 9.53362470417207, 9.2, 11.364065087311053, 9.957006342703712, 12.980517214675762, 10.653348166679516, 13.601470508735444, 13.313526955694348, 12.298373876248844, 12.083045973594572, 11.40175425099138, 11.280514172678478, 11.01135777277262, 11.0, 12.497530620284083, 11.233355313749238, 14.0089257261219, 11.884864324004713, 11.76860229593982, 11.5, 11.869849341034428, 13.656500283747663, 12.509996003196804], [5.731179780502507, 5.250148412976661, 3.381509291077532, 2.941469321186991, 1.588328837126173, 1.4968049895317563, 2.472038006190335, 2.885932879657818, 5.62138475832805, 1.129749272878154, 2.6612315777872855, 0.0, 3.0323653902209884, 1.9676398751336326, 5.5395113816164105, 0.6021238788352136, 0.7043302106704495, 3.2919622053207855, 2.3480591942424067, 1.303946607469467, 2.7907812820667326, 2.919236181257787, 5.747855094878265, 1.6474844491295948, 3.967899010997675, 3.2280937687561275, 6.2173082708792675, 2.8863972272626564, 3.3919636839119818, 3.6036902487385016, 4.367466865135427, 4.890486894007343, 4.31198665105348, 6.8947398919273875, 4.148952276869511, 6.978516196925056, 6.589182422166344, 5.223779447866099, 4.9503038696416235, 4.286730120867321, 4.253668041936481, 4.6866020247460805, 4.9175070127245, 5.946001484880767, 5.480082159658749, 7.725631774702406, 5.418648644883451, 5.90363363214341, 6.398521194133664, 7.0751987501918565, 6.688408194265824, 8.665954451646597, 6.691422373189371, 8.247870825249022, 7.91856931322823, 9.683882428886717, 7.965798498261596, 8.203608761776527, 8.566643457358285, 9.447843195356121, 9.16177427480304, 10.75740783524329, 9.241114118555162, 11.431445881648127, 11.198017307849211, 10.453044453854238, 10.31909758826291, 10.017700422924202, 10.003597275245356, 10.195219721646936, 10.303404381780773, 10.665905542280287, 10.413352383130572, 11.871457360820196, 10.517027464458666, 10.503594783216766, 10.789517448858469, 11.248471455922152, 11.896502558669049, 11.67061009317101], [2.9154759474226504, 2.5, 1.5, 1.5811388300841898, 2.9154759474226504, 3.3541019662496847, 5.220153254455275, 5.70087712549569, 2.692582403567252, 2.692582403567252, 5.5901699437494745, 3.0323653902209884, 0.0, 5.0, 2.5153847605937267, 2.5153847605937267, 3.2969024629013313, 1.2777777777777786, 5.160689493602838, 3.269556544854363, 5.651548460377917, 1.6393692038278973, 2.9444444444444455, 2.9444444444444455, 2.555555555555557, 5.615235008219235, 3.7785946829182118, 3.7785946829182118, 5.226198935476905, 4.686149805543993, 6.573431371817919, 3.833333333333334, 6.300352723811933, 4.8115729827054725, 4.8115729827054725, 4.930770730829005, 4.697073557013984, 4.25, 4.2793106921559225, 4.930770730829005, 5.202163011671203, 6.562202374203344, 6.950719387228922, 5.111111111111112, 7.150066908087187, 5.940549087145912, 5.940549087145912, 6.618912297349165, 8.065977932030313, 6.388888888888889, 8.112823259172352, 7.120003121097944, 7.120003121097944, 7.666666666666668, 9.153020145163989, 8.328517126767778, 8.328517126767778, 8.73155198117723, 9.873702446397704, 8.944444444444445, 10.24710136671601, 9.555071047148177, 9.555071047148177, 10.307764064044152, 10.198039027185569, 10.0, 10.012492197250394, 10.307764064044152, 10.44030650891055, 11.180339887498949, 11.412712210513327, 10.222222222222221, 11.37953545451192, 10.793516572461451, 10.793516572461451, 10.920164833920778, 11.853269591129697, 12.381641026319747, 11.5, 12.539936203984453], [7.648529270389178, 7.158910531638177, 5.220153254455275, 4.743416490252569, 2.9154759474226504, 2.5, 1.5, 1.5811388300841898, 7.566372975210778, 2.692582403567252, 1.118033988749895, 1.9676398751336326, 5.0, 0.0, 7.5051422700590535, 2.5153847605937267, 1.8961111925140144, 5.160689493602838, 1.2777777777777786, 2.385372088375313, 1.3928388277184127, 4.704030011436757, 7.659618338169322, 2.9444444444444455, 5.615235008219235, 2.555555555555557, 8.017342313870463, 3.7785946829182118, 3.323970521318048, 4.118252056394801, 3.63455636907725, 6.300352723811933, 3.833333333333334, 8.552849499897754, 4.8115729827054725, 8.620469824783333, 8.1891696770796, 6.562202374203344, 6.189709201569974, 4.930770730829005, 4.697073557013984, 4.25, 4.2793106921559225, 7.150066908087187, 5.111111111111112, 9.235265207712777, 5.940549087145912, 6.229767250869008, 5.921148537234985, 8.112823259172352, 6.388888888888889, 10.034662148993581, 7.120003121097944, 9.153020145163989, 7.666666666666668, 10.925392328464191, 8.328517126767778, 8.440379138403676, 8.21522975941635, 10.24710136671601, 8.944444444444445, 11.88694168893115, 9.555071047148177, 12.5, 12.206555615733702, 11.180339887498949, 10.965856099730654, 10.307764064044152, 10.198039027185569, 10.0, 10.012492197250394, 11.37953545451192, 10.222222222222221, 12.90348790056394, 10.793516572461451, 10.688779163215974, 10.51189802081432, 10.902491269555966, 12.539936203984453, 11.5], [1.7777777777777786, 1.8467522376216299, 3.067652820506339, 3.4871899614389372, 5.306646193893135, 5.780181124079114, 7.707820303247896, 8.19515062870479, 1.2777777777777786, 5.160689493602838, 8.10140210391897, 5.5395113816164105, 2.5153847605937267, 7.5051422700590535, 0.0, 5.0, 5.741068878855221, 2.692582403567252, 7.566372975210778, 5.59418790099197, 8.065044220065067, 3.307222498077632, 1.2777777777777786, 5.160689493602838, 3.3820513900498725, 7.838256923891834, 2.5555555555555554, 5.615235008219234, 7.245051124143559, 6.4255085786128365, 8.662399234266864, 4.346489998681922, 8.300118993643522, 3.833333333333333, 6.300352723811933, 3.9722222222222214, 4.003567082329962, 4.693458147540685, 4.977805679485294, 6.385808436111754, 6.784434345081102, 8.486963496016466, 8.931883865272546, 5.441609239104835, 8.922505876216116, 5.111111111111111, 7.150066908087187, 7.865073598895905, 9.77800504786377, 6.60270240222484, 9.674485981815554, 6.388888888888889, 8.112823259172352, 7.80036403075816, 10.528327455600234, 7.666666666666666, 9.153020145163987, 9.644252430244222, 11.258845630803878, 9.020039418489871, 11.461287497969462, 8.944444444444443, 10.247101366716008, 9.722222222222221, 9.735070874845832, 10.038506110884805, 10.174556744068589, 10.932593696752459, 11.170121079839358, 12.278908947389079, 12.590536324488786, 10.253876111434248, 12.4556001585087, 10.222222222222221, 11.37953545451192, 11.607920880178924, 12.980517214675762, 13.539511276216077, 11.497315843488785, 13.49771356952496], [5.306646193893135, 4.838439193289557, 3.067652820506339, 2.6759099063982883, 1.7777777777777786, 1.8467522376216299, 3.067652820506339, 3.4871899614389372, 5.160689493602838, 1.2777777777777786, 3.26078457573982, 0.6021238788352136, 2.5153847605937267, 2.5153847605937267, 5.0, 0.0, 0.8279756495525696, 2.692582403567252, 2.692582403567252, 1.137953545451192, 3.1693750601033224, 2.319070420196255, 5.160689493602838, 1.2777777777777786, 3.3820513900498725, 3.3820513900498725, 5.615235008219234, 2.5555555555555554, 3.3505806220512415, 3.359636958635138, 4.476288696434487, 4.346489998681922, 4.346489998681922, 6.300352723811933, 3.833333333333333, 6.385808436111754, 6.002378643730837, 4.693458147540685, 4.447308105215563, 3.9722222222222214, 4.003567082329962, 4.693458147540685, 4.977805679485294, 5.441609239104835, 5.441609239104835, 7.150066908087187, 5.111111111111111, 5.644411635950144, 6.372549153678564, 6.60270240222484, 6.60270240222484, 8.112823259172352, 6.388888888888889, 7.80036403075816, 7.80036403075816, 9.153020145163987, 7.666666666666666, 7.937984941927742, 8.47122216319886, 9.020039418489871, 9.020039418489871, 10.247101366716008, 8.944444444444443, 10.932593696752459, 10.713151027511541, 10.038506110884805, 9.925805002027372, 9.722222222222221, 9.735070874845832, 10.038506110884805, 10.174556744068589, 10.253876111434248, 10.253876111434248, 11.37953545451192, 10.222222222222221, 10.234443177842838, 10.653348166679516, 11.130033556862355, 11.497315843488785, 11.497315843488785], [6.12588199560288, 5.661183392586812, 3.8909209868998293, 3.487382013308371, 2.2917465018067706, 2.185101647290756, 2.80444966629633, 3.1444403494483404, 5.966841442386468, 1.8245187319051228, 2.8221041238352473, 0.7043302106704495, 3.2969024629013313, 1.8961111925140144, 5.741068878855221, 0.8279756495525696, 0.0, 3.283564599428454, 1.8728236123863342, 0.6667548472683015, 2.3574133979007166, 2.809249627495351, 5.794996034830801, 1.1435256220114869, 3.736235967671215, 2.585562029929298, 6.121235031790144, 2.279295970010684, 2.6886483773343053, 2.935589935462661, 3.705472192775935, 4.516918643542941, 3.6232893669810387, 6.680006712862683, 3.5139950894078615, 6.752536251745432, 6.333980818694153, 4.817632378397326, 4.498016108667406, 3.649988717191918, 3.583990069193483, 3.991898487922047, 4.237666895630605, 5.487356463491047, 4.778781514351648, 7.418954990571891, 4.771432170389056, 5.231712388121461, 5.6994429915799305, 6.563919559319232, 5.984205192480087, 8.290037920247293, 6.03741670945696, 7.70223546146024, 7.214575726144101, 9.256024869505806, 7.307507659209261, 7.530201906646159, 7.862364571622424, 8.878584027033991, 8.459014489264996, 10.290223328453434, 8.57988158158021, 10.944955981557028, 10.69180193506549, 9.869391943806214, 9.717379508947678, 9.355091300608082, 9.329539132409607, 9.493712084583093, 9.599642510292155, 10.079658210732939, 9.712115189272007, 11.37404185031645, 9.853654135255718, 9.829398099461194, 10.08612427545573, 10.544273896611509, 11.29757483108894, 10.970910120338528], [3.737117790853809, 3.422871511277637, 2.7777777777777786, 2.822419065751231, 3.737117790853809, 4.088526553994245, 5.719794522770556, 6.161659628924341, 3.3820513900498725, 3.3820513900498725, 5.953005258265633, 3.2919622053207855, 1.2777777777777786, 5.160689493602838, 2.692582403567252, 2.692582403567252, 3.283564599428454, 0.0, 5.0, 3.000082303397774, 5.5000448931950086, 0.6156490862906076, 2.5153847605937267, 2.5153847605937267, 1.2777777777777786, 5.160689493602838, 2.9444444444444446, 2.9444444444444446, 4.555203412786746, 3.7937733260413324, 5.970152096000797, 2.5555555555555554, 5.615235008219234, 3.7785946829182113, 3.7785946829182113, 3.8838260695185105, 3.582471903347129, 2.9722222222222214, 3.0139848935042126, 3.8838260695185105, 4.223044510571917, 5.816709115837889, 6.251728156139837, 3.833333333333333, 6.300352723811933, 4.811572982705472, 4.811572982705472, 5.510439027119793, 7.184353712868329, 5.111111111111111, 7.150066908087187, 5.940549087145912, 5.940549087145912, 6.388888888888889, 8.112823259172352, 7.120003121097942, 7.120003121097942, 7.544346260202214, 8.841219400842123, 7.666666666666666, 9.153020145163987, 8.328517126767776, 8.328517126767776, 9.07343157211356, 8.94858427315892, 8.722222222222221, 8.736541678137131, 9.07343157211356, 9.223728123368943, 10.053713766257081, 10.311506218483657, 8.944444444444443, 10.247101366716008, 9.555071047148177, 9.555071047148177, 9.697906099568575, 10.737755012852983, 11.277432442053746, 10.222222222222221, 11.37953545451192], [7.997877804937761, 7.531005867924686, 5.719794522770556, 5.2882936172943396, 3.737117790853809, 3.422871511277637, 2.7777777777777786, 2.822419065751231, 7.838256923891834, 3.3820513900498725, 2.3320102068683735, 2.3480591942424067, 5.160689493602838, 1.2777777777777786, 7.566372975210778, 2.692582403567252, 1.8728236123863342, 5.0, 0.0, 2.0001234529799636, 0.500493583535787, 4.451897433621853, 7.5051422700590535, 2.5153847605937267, 5.160689493602838, 1.2777777777777786, 7.659618338169321, 2.9444444444444446, 2.117900574926844, 3.064753831775517, 2.3754401801314033, 5.615235008219234, 2.5555555555555554, 8.017342313870461, 3.7785946829182113, 8.067472028973611, 7.604873762152242, 5.816709115837889, 5.392968100987767, 3.8838260695185105, 3.582471903347129, 2.9722222222222214, 3.0139848935042126, 6.300352723811933, 3.833333333333333, 8.552849499897752, 4.811572982705472, 5.036361610488759, 4.649186839825319, 7.150066908087187, 5.111111111111111, 9.235265207712777, 5.940549087145912, 8.112823259172352, 6.388888888888889, 10.03466214899358, 7.120003121097942, 7.205356375213314, 6.94025651498755, 9.153020145163987, 7.666666666666666, 10.92539232846419, 8.328517126767776, 11.503354314886904, 11.183790077331887, 10.053713766257081, 9.814640110255045, 9.07343157211356, 8.94858427315892, 8.722222222222221, 8.736541678137131, 10.247101366716008, 8.944444444444443, 11.88694168893115, 9.555071047148177, 9.436598047816245, 9.235766493153092, 9.630148693721509, 11.37953545451192, 10.222222222222221], [6.171709649683789, 5.7306195127577615, 4.1036569057366385, 3.7536648758246924, 2.844292530665579, 2.8000000000000007, 3.440930106817051, 3.7536648758246924, 5.961543424315552, 2.3537204591879646, 3.3970575502926064, 1.303946607469467, 3.269556544854363, 2.385372088375313, 5.59418790099197, 1.137953545451192, 0.6667548472683015, 3.000082303397774, 2.0001234529799636, 0.0, 2.5, 2.456009956309758, 5.505933948203094, 0.5615235008219238, 3.252140795397152, 2.3614444209183545, 5.70973826993069, 1.6127960537870591, 2.2149487348063754, 2.3, 3.3970575502926055, 3.926547819367259, 3.227658249842721, 6.176758509041157, 2.855231282928293, 6.241193796061776, 5.80538543078752, 4.207433897282285, 3.866846260197061, 2.992072860075435, 2.9499999999999993, 3.5640566774393467, 3.866846260197061, 4.850213181009115, 4.30401764648271, 6.853394220798845, 4.119346106565823, 4.6, 5.235456045083369, 5.907350516386917, 5.467795728029421, 7.684472077580288, 5.3899082655562065, 7.03807107412567, 6.673413252934697, 8.625464739671054, 6.663230595987852, 6.899999999999999, 7.3389372527635075, 8.212035732033655, 7.901742267639303, 9.644252430244222, 7.937984941927742, 10.29271587094485, 10.034440691936945, 9.20271699010678, 9.052071586106685, 8.714355971613736, 8.7, 8.926925562588723, 9.052071586106685, 9.413078634682492, 9.143634364010627, 10.718675291284832, 9.213576938409968, 9.2, 9.53362470417207, 10.0045289827014, 10.63202708800161, 10.394229168149026], [8.475848040166836, 8.005623023850173, 6.171709649683789, 5.7306195127577615, 4.1036569057366385, 3.7536648758246924, 2.844292530665579, 2.8000000000000007, 8.324061508662703, 3.78021163428716, 2.3000000000000007, 2.7907812820667326, 5.651548460377917, 1.3928388277184127, 8.065044220065067, 3.1693750601033224, 2.3574133979007166, 5.5000448931950086, 0.500493583535787, 2.5, 0.0, 4.949966503574731, 8.004080749341258, 3.010865098601282, 5.641490915802881, 1.3514509806450332, 8.145619136143742, 3.3691410049315405, 2.350278761025186, 3.3970575502926055, 2.3, 6.055392454480368, 2.582204054248575, 8.479525085699809, 4.111246244025326, 8.526576100639694, 8.059311384975766, 6.241193796061776, 5.80538543078752, 4.207433897282285, 3.866846260197061, 2.992072860075435, 2.9499999999999993, 6.691380119320271, 3.8437700114906153, 8.984376013150774, 5.071391559096873, 5.235456045083369, 4.6, 7.493116182434167, 5.113393210330766, 9.633333333333333, 6.148260820029605, 8.413349181178948, 6.386269994640412, 10.399453926784263, 7.290311514284464, 7.3389372527635075, 6.899999999999999, 9.417405739597159, 7.660778737452056, 11.258845630803878, 8.47122216319886, 11.81905241548577, 11.486513831445988, 10.29271587094485, 10.034440691936945, 9.20271699010678, 9.052071586106685, 8.714355971613736, 8.7, 10.481223658653413, 8.936221202651376, 12.191800523302536, 9.676776322722356, 9.53362470417207, 9.2, 9.571846261550705, 11.58835622510803, 10.212247548899311], [4.312076268088592, 3.9734164692386167, 3.092601691591083, 3.042732640084545, 3.6103142112358055, 3.902358953255717, 5.385587450303858, 5.805048568364803, 3.97514575787546, 3.2003360383549797, 5.559349866271836, 2.919236181257787, 1.6393692038278973, 4.704030011436757, 3.307222498077632, 2.319070420196255, 2.809249627495351, 0.6156490862906076, 4.451897433621853, 2.456009956309758, 4.949966503574731, 0.0, 3.055992409347883, 1.9440824488766573, 1.1558323006418543, 4.558104350412068, 3.3175127217477756, 2.333721838822424, 3.939569896231818, 3.1949620273780774, 5.355181214245418, 2.3576057591821944, 4.999867186012788, 3.9922579839847803, 3.221566509126981, 4.083013025824283, 3.72357785808953, 2.764268230485233, 2.708360305844442, 3.333371016117041, 3.647656648766848, 5.203993256347316, 5.636983458225878, 3.6119376549182705, 5.699689516548676, 4.9128188508419015, 4.310006499209244, 4.996356653330806, 6.590429674027499, 4.8784541023842145, 6.5756886628784175, 5.966480236324453, 5.480807729932577, 6.149631479518727, 7.566923700945192, 7.094181831506609, 6.6908730985213625, 7.092205387478437, 8.29274144895386, 7.42307566561674, 8.633795185172614, 8.265674649130105, 7.922231022086547, 8.992941064873532, 8.83555463411848, 8.476035186176842, 8.457967201018915, 8.67832679485666, 8.803828295379853, 9.554241960477361, 9.79681459126129, 8.697791066691622, 9.751509442227851, 9.464711884195479, 9.166304490516858, 9.28521269056737, 10.231586298814692, 10.764825656420188, 9.97329026154033, 10.904443388040196], [3.055555555555557, 3.0961943984650624, 3.947964000986639, 4.282104593898476, 5.859728641591386, 6.2917739750476125, 8.098544298396252, 8.563668591969591, 2.555555555555557, 5.615235008219235, 8.398265546976404, 5.747855094878265, 2.9444444444444455, 7.659618338169322, 1.2777777777777786, 5.160689493602838, 5.794996034830801, 2.5153847605937267, 7.5051422700590535, 5.505933948203094, 8.004080749341258, 3.055992409347883, 0.0, 5.0, 2.692582403567252, 7.566372975210778, 1.2777777777777768, 5.160689493602838, 6.829155522709072, 5.867687200798945, 8.25710318976454, 3.382051390049871, 7.838256923891834, 2.5555555555555545, 5.615235008219234, 2.694444444444443, 2.7404435524559747, 3.6755993884259914, 4.032372857784548, 5.679791445484378, 6.124543318827741, 7.969318092797998, 8.441565664270907, 4.346489998681921, 8.300118993643522, 3.833333333333332, 6.300352723811932, 7.008865637951992, 9.10352665349337, 5.441609239104835, 8.922505876216114, 5.111111111111111, 7.150066908087187, 6.60270240222484, 9.674485981815554, 6.3888888888888875, 8.11282325917235, 8.625464739671052, 10.399453926784261, 7.800364030758158, 10.528327455600232, 7.666666666666664, 9.153020145163985, 8.444444444444443, 8.459234124630232, 8.806738441404322, 8.961508911746314, 9.813696651889574, 10.077630771927925, 11.29418620243657, 11.632224291824354, 9.02003941848987, 11.461287497969462, 8.944444444444443, 10.247101366716008, 10.500146971340595, 12.00012860013396, 12.565973504764132, 10.253876111434248, 12.4556001585087], [5.859728641591386, 5.439340010799696, 3.947964000986639, 3.6519063176766227, 3.055555555555557, 3.0961943984650624, 3.947964000986639, 4.282104593898476, 5.615235008219235, 2.555555555555557, 3.9409217446596005, 1.6474844491295948, 2.9444444444444455, 2.9444444444444455, 5.160689493602838, 1.2777777777777786, 1.1435256220114869, 2.5153847605937267, 2.5153847605937267, 0.5615235008219238, 3.010865098601282, 1.9440824488766573, 5.0, 0.0, 2.692582403567252, 2.692582403567252, 5.160689493602838, 1.2777777777777768, 2.31797106685119, 2.1046978610764415, 3.6303929658398895, 3.382051390049871, 3.382051390049871, 5.615235008219234, 2.5555555555555545, 5.679791445484378, 5.245000559027379, 3.6755993884259914, 3.355596946028757, 2.694444444444443, 2.7404435524559747, 3.6755993884259914, 4.032372857784548, 4.346489998681921, 4.346489998681921, 6.300352723811932, 3.833333333333332, 4.37312217195726, 5.279602023909017, 5.441609239104835, 5.441609239104835, 7.150066908087187, 5.111111111111111, 6.60270240222484, 6.60270240222484, 8.11282325917235, 6.3888888888888875, 6.6632305959878515, 7.290311514284463, 7.800364030758158, 7.800364030758158, 9.153020145163985, 7.666666666666664, 9.813696651889574, 9.56862800903602, 8.806738441404322, 8.678055195451837, 8.444444444444443, 8.459234124630232, 8.806738441404322, 8.961508911746314, 9.02003941848987, 9.02003941848987, 10.247101366716008, 8.944444444444443, 8.958408699080048, 9.43414471055819, 9.922850976434844, 10.253876111434248, 10.253876111434248], [4.764192572115189, 4.521894610027697, 4.055555555555557, 4.086261232985177, 4.764192572115189, 5.04455457540084, 6.437975680615573, 6.833559165193314, 4.346489998681924, 4.346489998681924, 6.54919653916738, 3.967899010997675, 2.555555555555557, 5.615235008219235, 3.3820513900498725, 3.3820513900498725, 3.736235967671215, 1.2777777777777786, 5.160689493602838, 3.252140795397152, 5.641490915802881, 1.1558323006418543, 2.692582403567252, 2.692582403567252, 0.0, 5.0, 2.5153847605937267, 2.5153847605937267, 4.177563051506648, 3.1766120628006913, 5.598291185489628, 1.2777777777777768, 5.160689493602838, 2.9444444444444438, 2.9444444444444438, 3.020122841095812, 2.621286320741906, 1.6944444444444429, 1.7666754017953148, 3.020122841095812, 3.4454523614916863, 5.279312642315156, 5.755097043083516, 2.5555555555555545, 5.615235008219234, 3.7785946829182104, 3.7785946829182104, 4.492806321440454, 6.437026381954271, 3.833333333333332, 6.300352723811932, 4.811572982705472, 4.811572982705472, 5.111111111111111, 7.150066908087187, 5.940549087145911, 5.940549087145911, 6.3921634120554, 7.880974120400328, 6.3888888888888875, 8.11282325917235, 7.12000312109794, 7.12000312109794, 7.853009173967628, 7.7084209204233085, 7.444444444444443, 7.461216595597512, 7.853009173967628, 8.026191692603643, 8.967706121769364, 9.255795648479914, 7.666666666666664, 9.153020145163985, 8.328517126767776, 8.328517126767776, 8.492007862152754, 9.662515072736714, 10.213782970295275, 8.944444444444443, 10.247101366716008], [8.526284704617689, 8.089964824657617, 6.437975680615573, 6.057848699348437, 4.764192572115189, 4.521894610027697, 4.055555555555557, 4.086261232985177, 8.300118993643524, 4.346489998681924, 3.590539696012563, 3.2280937687561275, 5.615235008219235, 2.555555555555557, 7.838256923891834, 3.3820513900498725, 2.585562029929298, 5.160689493602838, 1.2777777777777786, 2.3614444209183545, 1.3514509806450332, 4.558104350412068, 7.566372975210778, 2.692582403567252, 5.0, 0.0, 7.5051422700590535, 2.5153847605937267, 1.0897971199837955, 2.2562943508174773, 1.1579569065949138, 5.160689493602838, 1.2777777777777768, 7.659618338169321, 2.9444444444444438, 7.689027375117651, 7.2021623124800955, 5.279312642315156, 4.808444860379355, 3.020122841095812, 2.621286320741906, 1.6944444444444429, 1.7666754017953148, 5.615235008219234, 2.5555555555555545, 8.017342313870461, 3.7785946829182104, 3.896833155521968, 3.3816133194047038, 6.300352723811932, 3.833333333333332, 8.552849499897752, 4.811572982705472, 7.150066908087187, 5.111111111111111, 9.235265207712777, 5.940549087145911, 5.988301352338552, 5.6665468396916765, 8.11282325917235, 6.3888888888888875, 10.034662148993577, 7.12000312109794, 10.567391025528474, 10.218598391483038, 8.967706121769364, 8.698836306450405, 7.853009173967628, 7.7084209204233085, 7.444444444444443, 7.461216595597512, 9.153020145163985, 7.666666666666664, 10.92539232846419, 8.328517126767776, 8.19232552642192, 7.960163159814262, 8.359464333460222, 10.247101366716008, 8.944444444444443], [4.333333333333334, 4.362084109434134, 5.002777006601212, 5.2704627669473, 6.61647774709307, 7.001983845866669, 8.66185764012419, 9.098229375970787, 3.833333333333334, 6.300352723811933, 8.870988921447509, 6.2173082708792675, 3.7785946829182118, 8.017342313870463, 2.5555555555555554, 5.615235008219234, 6.121235031790144, 2.9444444444444446, 7.659618338169321, 5.70973826993069, 8.145619136143742, 3.3175127217477756, 1.2777777777777768, 5.160689493602838, 2.5153847605937267, 7.5051422700590535, 0.0, 5.0, 6.63697194615189, 5.553177268715431, 8.036652149855547, 2.692582403567252, 7.566372975210778, 1.2777777777777777, 5.160689493602838, 1.416666666666666, 1.5023130314433284, 2.8734899415944444, 3.31767153956573, 5.1968206092229545, 5.679519737129579, 7.632623693360261, 8.124465794404236, 3.382051390049872, 7.838256923891834, 2.5555555555555554, 5.615235008219234, 6.297177498248278, 8.56763937408925, 4.346489998681922, 8.300118993643522, 3.833333333333334, 6.300352723811933, 5.441609239104837, 8.922505876216116, 5.111111111111111, 7.150066908087187, 7.6844720775802875, 9.633333333333333, 6.60270240222484, 9.674485981815554, 6.3888888888888875, 8.11282325917235, 7.166666666666666, 7.1840873540841015, 7.590198357823799, 7.769241347204442, 8.738484485945552, 9.033886821911768, 10.373577546396957, 10.740628990478681, 7.800364030758158, 10.528327455600232, 7.666666666666666, 9.153020145163987, 9.435453236478773, 11.080513425729775, 11.651371024255107, 9.020039418489871, 11.461287497969462], [6.61647774709307, 6.247221604663771, 5.002777006601212, 4.772607021092118, 4.333333333333334, 4.362084109434134, 5.002777006601212, 5.2704627669473, 6.300352723811933, 3.833333333333334, 4.8676939555034116, 2.8863972272626564, 3.7785946829182118, 3.7785946829182118, 5.615235008219234, 2.5555555555555554, 2.279295970010684, 2.9444444444444446, 2.9444444444444446, 1.6127960537870591, 3.3691410049315405, 2.333721838822424, 5.160689493602838, 1.2777777777777768, 2.5153847605937267, 2.5153847605937267, 5.0, 0.0, 1.6688383167397145, 0.9153020145163987, 3.0964136961617026, 2.692582403567252, 2.692582403567252, 5.160689493602838, 1.2777777777777777, 5.1968206092229545, 4.717726618239387, 2.8734899415944444, 2.4509068616421232, 1.416666666666666, 1.50