totalHoles = 80;
zeroHoleID = 21;
C = [[0.0, 8.355387483534201, 6.807369372803109, 5.679519737129579, 5.25, 5.273755777432247, 9.370832406995657, 7.762534666231414, 6.952717294538717, 6.768493185340442, 9.811855074347562, 8.53230788109394, 7.6626982482963815, 7.35, 8.405733324848471, 7.6641820217033905, 7.497460122202964, 9.062218732174252, 8.378970204213834, 8.226746860413625, 9.729301686572875, 9.09629840328928, 8.956275278479628, 11.469633821530659, 10.3961664943275, 9.695202135306124, 9.45, 10.404944094237496, 9.815609758825026, 9.685990768102316, 11.661903789690601, 11.08758130691017, 10.536498117053748, 10.415854011692916, 11.775996951755637, 11.2586605571485, 11.145835983151448, 11.523090535852031, 13.253395791267987, 12.336137068700955, 11.751465629632946, 11.55, 12.469233998744686, 11.98186670969026, 11.875914788807048, 13.16653090834563, 12.70593835549953, 12.60607360425824, 13.867275260218543, 13.430735515078934, 13.33629928796684, 15.11861435449691, 14.321322487039309, 13.820887975974788, 13.65, 14.570969681603072, 14.156146749575933, 14.066581426123104, 15.959279265510588, 15.277206522103466, 14.882082261979805, 14.796911660024067, 15.782738454308587, 16.638705588736133, 15.985648817395042, 15.608468901414284, 15.527283203079637, 17.038559211388737, 16.33524648659388, 15.898331498759374, 15.75, 15.757934509319425, 17.50178562318714, 17.322312201320006, 16.696015825472987, 16.33524648659388, 16.257690487889107, 18.36285866584414, 18.348460405542752, 18.829958860576518], [8.355387483534201, 0.0, 2.1666666666666665, 4.333333333333333, 6.5, 7.0, 1.5, 3.05959329178097, 5.060742150229659, 7.158910531638177, 2.1, 3.017357195368895, 4.815368913985488, 6.830812543175226, 3.4766999398938445, 5.323292446602747, 7.346858604937674, 3.985200267274245, 5.668493730285209, 7.600704576496287, 4.554585294599901, 6.0822896351444555, 7.9141099369843575, 4.2, 4.7259331823931285, 6.03471439073779, 7.738862965578341, 5.164757552738244, 6.551696007795748, 8.280314575392389, 4.7762432936357, 5.802864920763356, 7.0656380666310605, 8.692648053241015, 6.460635366274991, 7.6151040266015535, 9.144872783415419, 10.187588533922922, 6.300000000000001, 6.662165146890645, 7.646422547687107, 9.052071586106686, 7.132630981662977, 8.1929496959629, 9.631371325489816, 7.815183135568358, 8.793582173521328, 10.147215200800709, 8.50575084878717, 9.412640304486496, 10.688156360688804, 8.4, 8.674931956185272, 9.451866364786257, 10.621205204683694, 9.20252980968241, 10.046718613462476, 11.250575264713456, 9.551557387186136, 9.904209187604085, 10.693145450793287, 11.831409405506601, 10.10300621778524, 10.281395848410662, 10.609816761039141, 11.3498110866581, 12.428077107570422, 10.5, 10.721214690716927, 11.359039474259157, 12.349089035228468, 12.619429464123963, 11.0, 11.01135777277262, 11.31861789756643, 12.015036875145707, 13.038404810405298, 13.724508001189756, 14.919432411147957, 15.48568071183813], [6.807369372803109, 2.1666666666666665, 0.0, 2.1666666666666665, 4.333333333333334, 4.833333333333334, 2.6352313834736494, 1.5811388300841898, 3.0595932917809705, 5.060742150229659, 3.017357195368895, 2.1, 3.017357195368895, 4.8153689139854885, 2.286117092571321, 3.476699939893845, 5.323292446602747, 3.0034496931314827, 3.985200267274245, 5.668493730285209, 3.7260080642256477, 4.554585294599901, 6.0822896351444555, 4.7259331823931285, 4.2, 4.7259331823931285, 6.034714390737791, 4.451248079747479, 5.164757552738244, 6.551696007795748, 5.033912770179652, 5.1780430837831775, 5.802864920763356, 7.0656380666310605, 5.905819013892321, 6.460635366274991, 7.6151040266015535, 8.562568441199733, 6.662165146890645, 6.300000000000001, 6.662165146890645, 7.6464225476871075, 6.634253055881081, 7.132630981662977, 8.1929496959629, 7.363149891952557, 7.815183135568358, 8.793582173521328, 8.092384468778812, 8.50575084878717, 9.412640304486496, 8.674931956185272, 8.4, 8.674931956185272, 9.451866364786257, 8.821873031674297, 9.20252980968241, 10.046718613462476, 9.682976107503716, 9.551557387186136, 9.904209187604085, 10.693145450793287, 9.893335026002406, 10.403599298776061, 10.281395848410662, 10.609816761039141, 11.3498110866581, 10.721214690716927, 10.5, 10.721214690716927, 11.359039474259157, 11.559027256266468, 11.211353372561426, 11.125546178852424, 11.01135777277262, 11.31861789756643, 12.015036875145707, 13.187736740629191, 14.008431378648991, 14.561760229967975], [5.679519737129579, 4.333333333333333, 2.1666666666666665, 0.0, 2.166666666666667, 2.666666666666667, 4.585605497399201, 2.2422706745122847, 1.58113883008419, 3.05959329178097, 4.815368913985488, 3.017357195368895, 2.1, 3.0173571953688954, 2.784620106715551, 2.2861170925713212, 3.4766999398938445, 3.3983066131456376, 3.0034496931314827, 3.985200267274245, 4.051038616509639, 3.7260080642256477, 4.554585294599901, 6.03471439073779, 4.7259331823931285, 4.2, 4.7259331823931285, 4.726667668160456, 4.451248079747479, 5.164757552738244, 6.103846692409996, 5.416632529098921, 5.1780430837831775, 5.802864920763356, 6.116083387481718, 5.905819013892321, 6.460635366274991, 7.227522768752122, 7.646422547687107, 6.662165146890645, 6.300000000000001, 6.662165146890645, 6.822103149853807, 6.634253055881081, 7.132630981662977, 7.5328450209159845, 7.363149891952557, 7.815183135568358, 8.247088223628404, 8.092384468778812, 8.50575084878717, 9.451866364786257, 8.674931956185272, 8.4, 8.674931956185272, 8.963995848100334, 8.821873031674297, 9.20252980968241, 10.279916972678063, 9.682976107503716, 9.551557387186136, 9.904209187604085, 10.152551902144296, 10.961366020535964, 10.403599298776061, 10.281395848410662, 10.609816761039141, 11.359039474259157, 10.721214690716927, 10.5, 10.721214690716927, 10.833333333333334, 11.8227652339788, 11.648795836671036, 11.125546178852424, 11.01135777277262, 11.31861789756643, 12.994597711912798, 13.389239141889734, 13.916619696249784], [5.25, 6.5, 4.333333333333334, 2.166666666666667, 0.0, 0.5, 6.670832032063167, 4.1163630117428225, 2.2422706745122847, 1.5811388300841898, 6.830812543175226, 4.8153689139854885, 3.0173571953688954, 2.1, 4.435174833689332, 2.784620106715551, 2.286117092571321, 4.844084485598495, 3.3983066131456376, 3.0034496931314827, 5.322366065869483, 4.051038616509639, 3.7260080642256477, 7.738862965578341, 6.034714390737791, 4.7259331823931285, 4.2, 5.853038007043868, 4.726667668160456, 4.451248079747479, 7.652613932506983, 6.42312810256492, 5.416632529098921, 5.1780430837831775, 7.02304368983253, 6.116083387481718, 5.905819013892321, 6.367533378343606, 9.052071586106686, 7.6464225476871075, 6.662165146890645, 6.300000000000001, 7.64576732930789, 6.822103149853807, 6.634253055881081, 8.286158384668097, 7.5328450209159845, 7.363149891952557, 8.940421177717356, 8.247088223628404, 8.092384468778812, 10.621205204683694, 9.451866364786257, 8.674931956185272, 8.4, 9.605721640325973, 8.963995848100334, 8.821873031674297, 11.268640047526146, 10.279916972678063, 9.682976107503716, 9.551557387186136, 10.847093214480568, 11.893573920050946, 10.961366020535964, 10.403599298776061, 10.281395848410662, 12.349089035228468, 11.359039474259157, 10.721214690716927, 10.5, 10.51189802081432, 12.776932339180638, 12.529964086141668, 11.648795836671036, 11.125546178852424, 11.01135777277262, 13.16022902299373, 13.103289235760442, 13.59001969954079], [5.273755777432247, 7.0, 4.833333333333334, 2.666666666666667, 0.5, 0.0, 7.158910531638177, 4.585605497399201, 2.635231383473649, 1.5, 7.308214556237385, 5.26983027346338, 3.394276227874083, 2.1587033144922905, 4.873818742908329, 3.1097870996888504, 2.2307692307692317, 5.248665338631277, 3.669489678908505, 2.9615384615384617, 5.693058393557222, 4.281072358547447, 3.6923076923076925, 8.16333265278342, 6.403211000046079, 4.97504885514817, 4.2296571965113205, 6.19204225157043, 4.925246583867661, 4.423076923076923, 8.050621094052309, 6.733491512973977, 5.590757964888056, 5.153846153846154, 7.307973453881031, 6.270816746588639, 5.884615384615385, 6.259453026017537, 9.417536832951598, 7.940472977796167, 6.841133759188686, 6.319810123729985, 7.908292570918531, 6.9611606829545245, 6.615384615384616, 8.528994906150357, 7.659009124932898, 7.346153846153847, 9.16594044101915, 8.362483532717837, 8.076923076923077, 10.934349546269317, 9.691290477078432, 8.813121530485729, 8.414867794564572, 9.81596768356335, 9.070274981026028, 8.807692307692308, 11.542627453084938, 10.476641938068125, 9.78144636365985, 9.538461538461538, 11.06158043449425, 12.153481007173047, 11.146070086335083, 10.495310621232724, 10.26923076923077, 12.619429464123963, 11.559027256266468, 10.833333333333334, 10.51189802081432, 10.5, 13.038404810405298, 12.776932339180638, 11.8227652339788, 11.211353372561426, 11.0, 13.248572263433141, 13.087449007095206, 13.562773113778132], [9.370832406995657, 1.5, 2.6352313834736494, 4.585605497399201, 6.670832032063167, 7.158910531638177, 0.0, 2.666666666666667, 4.833333333333334, 7.0, 0.6000000000000001, 2.2482091638556327, 4.374674591072778, 6.527633568147036, 2.7649836852593124, 4.888265007111436, 7.038041181226425, 3.0409218644462612, 5.049475793155893, 7.150950613348984, 3.452147755943044, 5.307289715934358, 7.3352718434800686, 2.7, 3.461855635991259, 5.1056613457786035, 7.0384657419071095, 3.956701885325197, 5.64849447280742, 7.585801124352315, 3.2882366094914763, 4.523461376765303, 6.059018305558042, 7.896239086804321, 5.131857673602906, 6.525792149778986, 8.25983365879761, 9.357284806192288, 4.800000000000001, 5.266350201462532, 6.466666666666667, 8.080222769206305, 5.7687321721869464, 7.037632476509748, 8.66989963974864, 6.425622608277779, 7.585421933156423, 9.12017076555584, 7.096973176705293, 8.16192552470766, 9.604994386243195, 6.9, 7.232181167838957, 8.147869523855778, 9.479451460923254, 7.779040941852437, 8.761476928864017, 10.11940546000136, 8.053996765912279, 8.469236979588926, 9.37965751061501, 10.659121160082826, 8.639604311617923, 8.783473588736046, 9.165725251999145, 10.013017496995339, 11.220490554517824, 9.0, 9.257129384665877, 9.988882709181132, 11.10180165558726, 11.40175425099138, 9.5, 9.513148795220223, 9.867173410410457, 10.65885130354632, 11.800423721205947, 12.313778219277149, 13.622783559590452, 14.191354104568505], [7.762534666231414, 3.05959329178097, 1.5811388300841898, 2.2422706745122847, 4.1163630117428225, 4.585605497399201, 2.666666666666667, 0.0, 2.166666666666667, 4.333333333333333, 2.733333333333334, 0.7810249675906658, 1.7713773674115225, 3.880005727372634, 0.7307692307692317, 2.2865843769875407, 4.3945194784432156, 1.4615384615384617, 2.613530011115361, 4.5731687539750805, 2.1923076923076925, 3.0823136540910183, 4.856335119771828, 3.794879591121583, 2.7459060435491964, 3.1729761703766037, 4.688757238804803, 2.9230769230769234, 3.6385193613157125, 5.227060022230721, 3.9060138817526555, 3.653846153846154, 4.247944933779248, 5.66818926057997, 4.384615384615385, 4.890735784669865, 6.164627308182037, 7.168774975208503, 5.4910027418597345, 4.825971404805462, 5.081119736610995, 6.14283684012887, 5.115384615384616, 5.555322151573035, 6.70409856290101, 5.846153846153847, 6.234738104952273, 7.277038722631424, 6.576923076923077, 6.924619960994809, 7.8761472140597455, 7.397371905691313, 6.918092222571191, 7.098434882266497, 7.893316441423368, 7.307692307692308, 7.6221264295700175, 8.495889867558496, 8.325341335330936, 8.038461538461538, 8.325341335330936, 9.132066670973401, 8.415218543405045, 9.032931568902098, 8.76923076923077, 9.032931568902098, 9.78147156933973, 9.386751893552482, 9.013878188659973, 9.153020145163987, 9.782353727219459, 9.988882709181132, 9.867173410410457, 9.74394398816231, 9.5, 9.74394398816231, 10.44163673845139, 11.626827608913526, 12.42894675807013, 12.983063235458642], [6.952717294538717, 5.060742150229659, 3.0595932917809705, 1.58113883008419, 2.2422706745122847, 2.635231383473649, 4.833333333333334, 2.166666666666667, 0.0, 2.166666666666666, 4.870432333080003, 2.7333333333333343, 0.7810249675906661, 1.7713773674115225, 2.2865843769875407, 0.7307692307692317, 2.2865843769875402, 2.613530011115361, 1.4615384615384617, 2.6135300111153605, 3.0823136540910183, 2.1923076923076925, 3.0823136540910174, 5.536344562173774, 3.7948795911215836, 2.7459060435491964, 3.1729761703766037, 3.6385193613157125, 2.9230769230769234, 3.638519361315712, 5.416666666666667, 4.247944933779248, 3.653846153846154, 4.247944933779247, 4.890735784669865, 4.384615384615385, 4.890735784669865, 5.6989041380289125, 6.811836104246132, 5.4910027418597345, 4.825971404805462, 5.081119736610995, 5.555322151573035, 5.115384615384616, 5.555322151573035, 6.234738104952273, 5.846153846153847, 6.234738104952273, 6.924619960994809, 6.576923076923077, 6.924619960994809, 8.42443535859295, 7.397371905691313, 6.918092222571191, 7.098434882266497, 7.6221264295700175, 7.307692307692308, 7.6221264295700175, 9.132066670973401, 8.325341335330936, 8.038461538461538, 8.325341335330936, 8.841877741121651, 9.78147156933973, 9.032931568902098, 8.76923076923077, 9.032931568902098, 10.215728613814637, 9.386751893552482, 9.013878188659973, 9.153020145163987, 9.257129384665877, 10.65885130354632, 10.44163673845139, 9.74394398816231, 9.5, 9.74394398816231, 11.501867512207257, 11.818669945895056, 12.34317788973143], [6.768493185340442, 7.158910531638177, 5.060742150229659, 3.05959329178097, 1.5811388300841898, 1.5, 7.0, 4.333333333333333, 2.166666666666666, 0.0, 7.025667228100119, 4.870432333080003, 2.733333333333334, 0.7810249675906655, 4.3945194784432156, 2.2865843769875402, 0.7307692307692317, 4.5731687539750805, 2.6135300111153605, 1.4615384615384617, 4.856335119771828, 3.0823136540910174, 2.1923076923076925, 7.502666192761077, 5.536344562173774, 3.794879591121583, 2.7459060435491964, 5.227060022230721, 3.638519361315712, 2.9230769230769234, 7.267220926874317, 5.66818926057997, 4.247944933779247, 3.653846153846154, 6.164627308182037, 4.890735784669865, 4.384615384615385, 4.790884155622982, 8.487638069569178, 6.811836104246132, 5.4910027418597345, 4.825971404805462, 6.70409856290101, 5.555322151573035, 5.115384615384616, 7.277038722631424, 6.234738104952273, 5.846153846153847, 7.8761472140597455, 6.924619960994809, 6.576923076923077, 9.829038610159186, 8.42443535859295, 7.397371905691313, 6.918092222571191, 8.495889867558496, 7.6221264295700175, 7.307692307692308, 10.33764305368131, 9.132066670973401, 8.325341335330936, 8.038461538461538, 9.743233022642217, 10.915558083947136, 9.78147156933973, 9.032931568902098, 8.76923076923077, 11.40175425099138, 10.215728613814637, 9.386751893552482, 9.013878188659973, 9.0, 11.800423721205947, 11.510864433221338, 10.44163673845139, 9.74394398816231, 9.5, 11.780988124017128, 11.587583438920865, 12.063873289623066], [9.811855074347562, 2.1, 3.017357195368895, 4.815368913985488, 6.830812543175226, 7.308214556237385, 0.6000000000000001, 2.733333333333334, 4.870432333080003, 7.025667228100119, 0.0, 2.1666666666666665, 4.333333333333333, 6.5, 2.669871102286979, 4.835102036444225, 7.001221364284661, 2.802384633097529, 4.909517250384316, 7.052818480629575, 3.1058903551306125, 5.088865777174061, 7.178819108111184, 2.1, 3.017357195368895, 4.815368913985488, 6.830812543175226, 3.5366364672727757, 5.362629718864026, 7.375410930282634, 2.6967573120323602, 4.054267805963496, 5.717262233138521, 7.637144514238352, 4.62973268349033, 6.138764103675802, 7.957594712566572, 9.073450637286165, 4.200000000000001, 4.725933182393129, 6.034714390737791, 7.738862965578342, 5.244026061716625, 6.614363864799334, 8.32998788863778, 5.88500138391028, 7.133248999483049, 8.747692848832473, 6.544823953214229, 7.686658609471787, 9.204542871183534, 6.300000000000001, 6.662165146890645, 7.646422547687107, 9.052071586106686, 7.21832717503063, 8.267662741415235, 9.695005729481265, 7.455247149435865, 7.9020137414638, 8.870841063297364, 10.21424055224722, 8.058013022527014, 8.184517784264798, 8.593453465985482, 9.491967260376422, 10.758082141392432, 8.4, 8.674931956185272, 9.451866364786257, 10.621205204683694, 10.934349546269317, 8.9, 8.914033879226622, 9.290915515228363, 10.127739684209459, 11.322985472038724, 11.755676913605331, 13.116270021911804, 13.685387133952643], [8.53230788109394, 3.017357195368895, 2.1, 3.017357195368895, 4.8153689139854885, 5.26983027346338, 2.2482091638556327, 0.7810249675906658, 2.7333333333333343, 4.870432333080003, 2.1666666666666665, 0.0, 2.1666666666666665, 4.333333333333334, 0.5168177548381798, 2.66987110228698, 4.835102036444225, 0.9961167204249006, 2.8023846330975295, 4.909517250384316, 1.668964884885913, 3.1058903551306125, 5.088865777174061, 3.017357195368895, 2.1, 3.017357195368895, 4.8153689139854885, 2.3762757395833813, 3.5366364672727757, 5.362629718864026, 3.130539534613447, 3.0945074456787056, 4.054267805963496, 5.717262233138521, 3.8175009639117916, 4.62973268349033, 6.138764103675802, 7.201258545628018, 4.725933182393129, 4.200000000000001, 4.725933182393129, 6.034714390737791, 4.542983405742538, 5.244026061716625, 6.614363864799334, 5.269926961307415, 5.88500138391028, 7.133248999483049, 5.997800385762736, 6.544823953214229, 7.686658609471787, 6.662165146890645, 6.300000000000001, 6.662165146890645, 7.6464225476871075, 6.7263018141230155, 7.21832717503063, 8.267662741415235, 7.622892353755849, 7.455247149435865, 7.9020137414638, 8.870841063297364, 7.79351763784068, 8.337512167230974, 8.184517784264798, 8.593453465985482, 9.491967260376422, 8.674931956185272, 8.4, 8.674931956185272, 9.451866364786257, 9.691290477078432, 9.159936923606212, 9.054710253662332, 8.914033879226622, 9.290915515228363, 10.127739684209459, 11.12430762620725, 12.069930633902079, 12.630454263099093], [7.6626982482963815, 4.815368913985488, 3.017357195368895, 2.1, 3.0173571953688954, 3.394276227874083, 4.374674591072778, 1.7713773674115225, 0.7810249675906661, 2.733333333333334, 4.333333333333333, 2.1666666666666665, 0.0, 2.166666666666667, 1.6717889727754973, 0.5168177548381803, 2.669871102286979, 1.8761733124868383, 0.9961167204249008, 2.802384633097529, 2.305042638382211, 1.6689648848859133, 3.1058903551306125, 4.815368913985488, 3.017357195368895, 2.1, 3.0173571953688954, 2.8591019863429707, 2.3762757395833813, 3.5366364672727757, 4.660144251463086, 3.479044999585191, 3.0945074456787056, 4.054267805963496, 4.135346586109226, 3.8175009639117916, 4.62973268349033, 5.547759160560348, 6.034714390737791, 4.725933182393129, 4.200000000000001, 4.725933182393129, 4.813156552890197, 4.542983405742538, 5.244026061716625, 5.504535217009024, 5.269926961307415, 5.88500138391028, 6.204948609395037, 5.997800385762736, 6.544823953214229, 7.646422547687107, 6.662165146890645, 6.300000000000001, 6.662165146890645, 6.9116505895807805, 6.7263018141230155, 7.21832717503063, 8.368103399433831, 7.622892353755849, 7.455247149435865, 7.9020137414638, 8.120046142747064, 9.023900254623342, 8.337512167230974, 8.184517784264798, 8.593453465985482, 9.451866364786257, 8.674931956185272, 8.4, 8.674931956185272, 8.813121530485729, 9.898877601919208, 9.69043056032313, 9.054710253662332, 8.914033879226622, 9.290915515228363, 10.894649582102264, 11.34543082547341, 11.880901382774308], [7.35, 6.830812543175226, 4.8153689139854885, 3.0173571953688954, 2.1, 2.1587033144922905, 6.527633568147036, 3.880005727372634, 1.7713773674115225, 0.7810249675906655, 6.5, 4.333333333333334, 2.166666666666667, 0.0, 3.8355631967366173, 1.6717889727754973, 0.5168177548381795, 3.92895570923808, 1.8761733124868383, 0.9961167204249004, 4.150890052919578, 2.305042638382211, 1.668964884885913, 6.830812543175226, 4.8153689139854885, 3.0173571953688954, 2.1, 4.482313112108188, 2.8591019863429707, 2.376275739583381, 6.559153908851354, 4.901063229117269, 3.479044999585191, 3.0945074456787056, 5.386813348716651, 4.135346586109226, 3.8175009639117916, 4.36875584750062, 7.738862965578342, 6.034714390737791, 4.725933182393129, 4.200000000000001, 5.9231024530474325, 4.813156552890197, 4.542983405742538, 6.497428308335479, 5.504535217009024, 5.269926961307415, 7.100567154241981, 6.204948609395037, 5.997800385762736, 9.052071586106686, 7.6464225476871075, 6.662165146890645, 6.300000000000001, 7.72577378254884, 6.9116505895807805, 6.7263018141230155, 9.556710211111959, 8.368103399433831, 7.622892353755849, 7.455247149435865, 8.973308778719147, 10.13589321968946, 9.023900254623342, 8.337512167230974, 8.184517784264798, 10.621205204683694, 9.451866364786257, 8.674931956185272, 8.4, 8.414867794564572, 11.020889256316842, 10.733592129385205, 9.69043056032313, 9.054710253662332, 8.914033879226622, 11.091683720698054, 11.006510101430226, 11.496614690032356], [8.405733324848471, 3.4766999398938445, 2.286117092571321, 2.784620106715551, 4.435174833689332, 4.873818742908329, 2.7649836852593124, 0.7307692307692317, 2.2865843769875407, 4.3945194784432156, 2.669871102286979, 0.5168177548381798, 1.6717889727754973, 3.8355631967366173, 0.0, 2.166666666666667, 4.333333333333333, 0.73076923076923, 2.2865843769875402, 4.394519478443215, 1.4615384615384608, 2.6135300111153605, 4.5731687539750805, 3.314963187366689, 2.0317159797779816, 2.5798541819767604, 4.309560797451365, 2.1923076923076916, 3.0823136540910174, 4.856335119771828, 3.3227952258728637, 2.9230769230769225, 3.6385193613157116, 5.227060022230721, 3.6538461538461533, 4.247944933779247, 5.668189260579969, 6.716805428835789, 4.8651567461249945, 4.099834027525314, 4.397319277813724, 5.590445733364995, 4.384615384615384, 4.8907357846698645, 6.164627308182035, 5.115384615384615, 5.555322151573034, 6.7040985629010095, 5.846153846153845, 6.234738104952271, 7.277038722631423, 6.720901680216336, 6.189459450066997, 6.390397958014934, 7.263184751090124, 6.576923076923077, 6.924619960994809, 7.8761472140597455, 7.622126429570016, 7.307692307692307, 7.622126429570016, 8.495889867558494, 7.686594520772556, 8.325341335330936, 8.038461538461538, 8.325341335330936, 9.132066670973401, 8.688572300781296, 8.284333257106022, 8.435517488131397, 9.114528071120157, 9.335842505771542, 9.165725251999143, 9.032931568902097, 8.769230769230768, 9.032931568902097, 9.781471569339729, 10.90494110747557, 11.750691748902995, 12.307586248358572], [7.6641820217033905, 5.323292446602747, 3.476699939893845, 2.2861170925713212, 2.784620106715551, 3.1097870996888504, 4.888265007111436, 2.2865843769875407, 0.7307692307692317, 2.2865843769875402, 4.835102036444225, 2.66987110228698, 0.5168177548381803, 1.6717889727754973, 2.166666666666667, 0.0, 2.166666666666666, 2.2865843769875402, 0.73076923076923, 2.2865843769875394, 2.6135300111153605, 1.4615384615384608, 2.6135300111153597, 5.219097712593272, 3.3149631873666894, 2.031715979777982, 2.5798541819767604, 3.0823136540910174, 2.1923076923076916, 3.082313654091017, 5.012414732084411, 3.6385193613157116, 2.9230769230769225, 3.638519361315711, 4.247944933779247, 3.6538461538461533, 4.247944933779246, 5.118754623744463, 6.318207828519536, 4.865156746124995, 4.099834027525314, 4.397319277813724, 4.8907357846698645, 4.384615384615384, 4.8907357846698645, 5.555322151573034, 5.115384615384615, 5.555322151573034, 6.234738104952271, 5.846153846153845, 6.234738104952271, 7.837124434072408, 6.720901680216336, 6.189459450066997, 6.390397958014934, 6.924619960994809, 6.576923076923077, 6.924619960994809, 8.495889867558494, 7.622126429570016, 7.307692307692307, 7.622126429570016, 8.151480490220477, 9.132066670973401, 8.325341335330936, 8.038461538461538, 8.325341335330936, 9.578167289513376, 8.688572300781296, 8.284333257106022, 8.435517488131397, 8.54836954975844, 10.013017496995337, 9.781471569339729, 9.032931568902097, 8.769230769230768, 9.032931568902097, 10.771609748709126, 11.103197663412015, 11.63059709139742], [7.497460122202964, 7.346858604937674, 5.323292446602747, 3.4766999398938445, 2.286117092571321, 2.2307692307692317, 7.038041181226425, 4.3945194784432156, 2.2865843769875402, 0.7307692307692317, 7.001221364284661, 4.835102036444225, 2.669871102286979, 0.5168177548381795, 4.333333333333333, 2.166666666666666, 0.0, 4.394519478443215, 2.2865843769875394, 0.73076923076923, 4.5731687539750805, 2.6135300111153597, 1.4615384615384608, 7.271717116505922, 5.219097712593272, 3.314963187366689, 2.0317159797779816, 4.856335119771828, 3.082313654091017, 2.1923076923076916, 6.971120689576321, 5.227060022230721, 3.638519361315711, 2.9230769230769225, 5.668189260579969, 4.247944933779246, 3.6538461538461533, 4.083712957133691, 8.096828950475269, 6.318207828519536, 4.8651567461249945, 4.099834027525314, 6.164627308182035, 4.8907357846698645, 4.384615384615384, 6.7040985629010095, 5.555322151573034, 5.115384615384615, 7.277038722631423, 6.234738104952271, 5.846153846153845, 9.330563127915896, 7.837124434072408, 6.720901680216336, 6.189459450066997, 7.8761472140597455, 6.924619960994809, 6.576923076923077, 9.780202802800426, 8.495889867558494, 7.622126429570016, 7.307692307692307, 9.12131689653464, 10.33764305368131, 9.132066670973401, 8.325341335330936, 8.038461538461538, 10.834213285457919, 9.578167289513376, 8.688572300781296, 8.284333257106022, 8.269230769230768, 11.220490554517822, 10.915558083947134, 9.781471569339729, 9.032931568902097, 8.769230769230768, 11.069159926947904, 10.856893156734483, 11.333745498860827], [9.062218732174252, 3.985200267274245, 3.0034496931314827, 3.3983066131456376, 4.844084485598495, 5.248665338631277, 3.0409218644462612, 1.4615384615384617, 2.613530011115361, 4.5731687539750805, 2.802384633097529, 0.9961167204249006, 1.8761733124868383, 3.92895570923808, 0.73076923076923, 2.2865843769875402, 4.394519478443215, 0.0, 2.166666666666667, 4.333333333333333, 0.7307692307692308, 2.2865843769875407, 4.3945194784432156, 2.9402207558888556, 1.3355848839547868, 2.0764307741955417, 4.028427910077697, 1.4615384615384617, 2.613530011115361, 4.5731687539750805, 2.809455306460784, 2.1923076923076925, 3.0823136540910183, 4.856335119771828, 2.9230769230769234, 3.6385193613157125, 5.227060022230721, 6.31725122420965, 4.272755148016102, 3.3756962902173213, 3.731367473402313, 5.083283376739037, 3.653846153846154, 4.247944933779248, 5.66818926057997, 4.384615384615385, 4.890735784669865, 6.164627308182037, 5.115384615384615, 5.555322151573034, 6.7040985629010095, 6.057059931719064, 5.461397614651898, 5.688114070858919, 6.653668788703709, 5.846153846153847, 6.234738104952273, 7.277038722631424, 6.924619960994809, 6.576923076923077, 6.924619960994809, 7.8761472140597455, 6.958420428340856, 7.6221264295700175, 7.307692307692308, 7.6221264295700175, 8.495889867558496, 7.996218698733484, 7.5550249746022615, 7.720503878934437, 8.457118115014614, 8.695181432531566, 8.469236979588926, 8.325341335330936, 8.038461538461538, 8.325341335330936, 9.132066670973401, 10.184321686047893, 11.079117427747121, 11.638791813712041], [8.378970204213834, 5.668493730285209, 3.985200267274245, 3.0034496931314827, 3.3983066131456376, 3.669489678908505, 5.049475793155893, 2.613530011115361, 1.4615384615384617, 2.6135300111153605, 4.909517250384316, 2.8023846330975295, 0.9961167204249008, 1.8761733124868383, 2.2865843769875402, 0.73076923076923, 2.2865843769875394, 2.166666666666667, 0.0, 2.166666666666666, 2.2865843769875407, 0.7307692307692308, 2.28658437698754, 4.989478739644016, 2.940220755888856, 1.335584883954787, 2.0764307741955417, 2.613530011115361, 1.4615384615384617, 2.6135300111153605, 4.6878963781566245, 3.0823136540910183, 2.1923076923076925, 3.0823136540910174, 3.6385193613157125, 2.9230769230769234, 3.638519361315712, 4.581903180889541, 5.874217952621277, 4.272755148016102, 3.3756962902173218, 3.731367473402313, 4.247944933779248, 3.653846153846154, 4.247944933779247, 4.890735784669865, 4.384615384615385, 4.890735784669865, 5.555322151573034, 5.115384615384615, 5.555322151573034, 7.275848748870235, 6.057059931719064, 5.461397614651898, 5.688114070858919, 6.234738104952273, 5.846153846153847, 6.234738104952273, 7.8761472140597455, 6.924619960994809, 6.576923076923077, 6.924619960994809, 7.468769223454808, 8.495889867558496, 7.6221264295700175, 7.307692307692308, 7.6221264295700175, 8.954859768749873, 7.996218698733484, 7.5550249746022615, 7.720503878934437, 7.843650094905327, 9.37965751061501, 9.132066670973401, 8.325341335330936, 8.038461538461538, 8.325341335330936, 10.04142640394682, 10.38985489566005, 10.920420519584741], [8.226746860413625, 7.600704576496287, 5.668493730285209, 3.985200267274245, 3.0034496931314827, 2.9615384615384617, 7.150950613348984, 4.5731687539750805, 2.6135300111153605, 1.4615384615384617, 7.052818480629575, 4.909517250384316, 2.802384633097529, 0.9961167204249004, 4.394519478443215, 2.2865843769875394, 0.73076923076923, 4.333333333333333, 2.166666666666666, 0.0, 4.3945194784432156, 2.28658437698754, 0.7307692307692308, 7.108712048061063, 4.989478739644016, 2.9402207558888556, 1.3355848839547866, 4.5731687539750805, 2.6135300111153605, 1.4615384615384617, 6.741557288531798, 4.856335119771828, 3.0823136540910174, 2.1923076923076925, 5.227060022230721, 3.638519361315712, 2.9230769230769234, 3.386576350416741, 7.755341736105959, 5.874217952621277, 4.272755148016102, 3.3756962902173213, 5.66818926057997, 4.247944933779247, 3.653846153846154, 6.164627308182037, 4.890735784669865, 4.384615384615385, 6.7040985629010095, 5.555322151573034, 5.115384615384615, 8.86435919315804, 7.275848748870235, 6.057059931719064, 5.461397614651898, 7.277038722631424, 6.234738104952273, 5.846153846153847, 9.246940962273053, 7.8761472140597455, 6.924619960994809, 6.576923076923077, 8.516707195729404, 9.780202802800428, 8.495889867558496, 7.6221264295700175, 7.307692307692308, 10.287293247830739, 8.954859768749873, 7.996218698733484, 7.5550249746022615, 7.538461538461538, 10.659121160082826, 10.33764305368131, 9.132066670973401, 8.325341335330936, 8.038461538461538, 10.359969552838667, 10.126214268759135, 10.603706081134721], [9.729301686572875, 4.554585294599901, 3.7260080642256477, 4.051038616509639, 5.322366065869483, 5.693058393557222, 3.452147755943044, 2.1923076923076925, 3.0823136540910183, 4.856335119771828, 3.1058903551306125, 1.668964884885913, 2.305042638382211, 4.150890052919578, 1.4615384615384608, 2.6135300111153605, 4.5731687539750805, 0.7307692307692308, 2.2865843769875407, 4.3945194784432156, 0.0, 2.166666666666667, 4.333333333333333, 2.7145648989112514, 0.7125668244382005, 1.7422770322390515, 3.8668069416166078, 0.7307692307692308, 2.2865843769875407, 4.3945194784432156, 2.411049037700379, 1.4615384615384617, 2.613530011115361, 4.5731687539750805, 2.1923076923076925, 3.0823136540910183, 4.856335119771828, 5.980626909279394, 3.729768127204257, 2.655194752103438, 3.0948080634145008, 4.636216519538543, 2.9230769230769234, 3.6385193613157125, 5.227060022230721, 3.653846153846154, 4.247944933779248, 5.66818926057997, 4.384615384615384, 4.8907357846698645, 6.164627308182035, 5.410497017374323, 4.734170134659856, 4.99401087720913, 6.070981082852241, 5.115384615384616, 5.555322151573035, 6.70409856290101, 6.234738104952272, 5.846153846153846, 6.234738104952272, 7.277038722631423, 6.2308540125419505, 6.92461996099481, 6.5769230769230775, 6.92461996099481, 7.876147214059746, 7.31134636488548, 6.826029193917428, 7.008741137607437, 7.812753611925661, 8.069848346405946, 7.779040941852436, 7.622126429570017, 7.3076923076923075, 7.622126429570017, 8.495889867558494, 9.465258749214327, 10.415516152124251, 10.977901340527428], [9.09629840328928, 6.0822896351444555, 4.554585294599901, 3.7260080642256477, 4.051038616509639, 4.281072358547447, 5.307289715934358, 3.0823136540910183, 2.1923076923076925, 3.0823136540910174, 5.088865777174061, 3.1058903551306125, 1.6689648848859133, 2.305042638382211, 2.6135300111153605, 1.4615384615384608, 2.6135300111153597, 2.2865843769875407, 0.7307692307692308, 2.28658437698754, 2.166666666666667, 0.0, 2.166666666666666, 4.859924134222782, 2.714564898911252, 0.7125668244382009, 1.7422770322390515, 2.2865843769875407, 0.7307692307692308, 2.28658437698754, 4.460548261764383, 2.613530011115361, 1.4615384615384617, 2.6135300111153605, 3.0823136540910183, 2.1923076923076925, 3.0823136540910174, 4.105371110784526, 5.491918634021152, 3.729768127204257, 2.655194752103438, 3.0948080634145008, 3.6385193613157125, 2.9230769230769234, 3.638519361315712, 4.247944933779248, 3.653846153846154, 4.247944933779247, 4.8907357846698645, 4.384615384615384, 4.8907357846698645, 6.747108860468789, 5.410497017374323, 4.734170134659856, 4.99401087720913, 5.555322151573035, 5.115384615384616, 5.555322151573035, 7.277038722631424, 6.234738104952272, 5.846153846153846, 6.234738104952272, 6.796060666392297, 7.876147214059746, 6.92461996099481, 6.5769230769230775, 6.92461996099481, 8.348999081765678, 7.31134636488548, 6.826029193917428, 7.008741137607437, 7.144166781413873, 8.761476928864017, 8.495889867558494, 7.622126429570017, 7.3076923076923075, 7.622126429570017, 9.311334985411778, 9.679112484635269, 10.213149723958372], [8.956275278479628, 7.9141099369843575, 6.0822896351444555, 4.554585294599901, 3.7260080642256477, 3.6923076923076925, 7.3352718434800686, 4.856335119771828, 3.0823136540910174, 2.1923076923076925, 7.178819108111184, 5.088865777174061, 3.1058903551306125, 1.668964884885913, 4.5731687539750805, 2.6135300111153597, 1.4615384615384608, 4.3945194784432156, 2.28658437698754, 0.7307692307692308, 4.333333333333333, 2.166666666666666, 0.0, 7.018386672112754, 4.859924134222782, 2.7145648989112514, 0.7125668244382002, 4.3945194784432156, 2.28658437698754, 0.7307692307692308, 6.585492617697744, 4.5731687539750805, 2.6135300111153605, 1.4615384615384617, 4.856335119771828, 3.0823136540910174, 2.1923076923076925, 2.707237443487448, 7.469943719439768, 5.491918634021152, 3.729768127204257, 2.6551947521034376, 5.227060022230721, 3.638519361315712, 2.9230769230769234, 5.66818926057997, 4.247944933779247, 3.653846153846154, 6.164627308182035, 4.8907357846698645, 4.384615384615384, 8.435778971968466, 6.747108860468789, 5.410497017374323, 4.734170134659856, 6.70409856290101, 5.555322151573035, 5.115384615384616, 8.742283156755986, 7.277038722631423, 6.234738104952272, 5.846153846153846, 7.933361729169279, 9.246940962273055, 7.876147214059746, 6.92461996099481, 6.5769230769230775, 9.764459767760478, 8.348999081765678, 7.31134636488548, 6.826029193917428, 6.8076923076923075, 10.119405460001358, 9.780202802800426, 8.495889867558494, 7.622126429570017, 7.3076923076923075, 9.653998348892399, 9.395549433331311, 9.87377463863324], [11.469633821530659, 4.2, 4.7259331823931285, 6.03471439073779, 7.738862965578341, 8.16333265278342, 2.7, 3.794879591121583, 5.536344562173774, 7.502666192761077, 2.1, 3.017357195368895, 4.815368913985488, 6.830812543175226, 3.314963187366689, 5.219097712593272, 7.271717116505922, 2.9402207558888556, 4.989478739644016, 7.108712048061063, 2.7145648989112514, 4.859924134222782, 7.018386672112754, 0.0, 2.1666666666666665, 4.333333333333333, 6.5, 2.6759810209940915, 4.838478523742829, 7.003553620385116, 0.7433034373659251, 2.8321252790648606, 4.926553927068922, 7.064688420957226, 3.1542099018920653, 5.1184997904849, 7.199856178708214, 8.347937038455646, 2.1000000000000005, 3.0173571953688954, 4.815368913985488, 6.8308125431752265, 3.5979430166899253, 5.403257716539884, 7.40500390548423, 4.124244795690449, 5.767095901299003, 7.674521745598786, 4.7054907985766805, 6.196099067598081, 8.001908056481199, 4.2, 4.7259331823931285, 6.03471439073779, 7.738862965578341, 5.3237148227039714, 6.677719634237273, 8.380383547449775, 5.3618253979063075, 5.967435186807164, 7.201408383694418, 8.803361380610996, 6.050819209480869, 6.089791632738966, 6.6292287063646125, 7.758651509204975, 9.264748357628367, 6.3, 6.662165146890644, 7.646422547687106, 9.052071586106685, 9.417536832951598, 6.8, 6.818357573492314, 7.304184493227913, 8.34272803770512, 9.759098319004682, 9.841227541288998, 11.415060889219662, 11.983043641050363], [10.3961664943275, 4.7259331823931285, 4.2, 4.7259331823931285, 6.034714390737791, 6.403211000046079, 3.461855635991259, 2.7459060435491964, 3.7948795911215836, 5.536344562173774, 3.017357195368895, 2.1, 3.017357195368895, 4.8153689139854885, 2.0317159797779816, 3.3149631873666894, 5.219097712593272, 1.3355848839547868, 2.940220755888856, 4.989478739644016, 0.7125668244382005, 2.714564898911252, 4.859924134222782, 2.1666666666666665, 0.0, 2.1666666666666665, 4.333333333333334, 0.5475064507469003, 2.675981020994092, 4.838478523742829, 1.7550720149833672, 1.0769505491001439, 2.832125279064861, 4.926553927068922, 1.7572504073360864, 3.154209901892066, 5.1184997904849, 6.2624812152797285, 3.0173571953688954, 2.1000000000000005, 3.0173571953688954, 4.8153689139854885, 2.466593367427369, 3.5979430166899258, 5.403257716539884, 3.185637145638003, 4.1242447956904495, 5.767095901299003, 3.909032174896837, 4.7054907985766805, 6.196099067598081, 4.7259331823931285, 4.2, 4.7259331823931285, 6.034714390737791, 4.634741460142827, 5.3237148227039714, 6.677719634237273, 5.592579849712556, 5.3618253979063075, 5.967435186807164, 7.201408383694418, 5.6938349471987255, 6.293912925037596, 6.089791632738966, 6.6292287063646125, 7.758651509204975, 6.662165146890644, 6.3, 6.662165146890644, 7.646422547687107, 7.9404729777961665, 7.13683714571409, 7.001269726112384, 6.818357573492314, 7.304184493227913, 8.34272803770512, 9.077667100353729, 10.195602057951161, 10.762522417602627], [9.695202135306124, 6.03471439073779, 4.7259331823931285, 4.2, 4.7259331823931285, 4.97504885514817, 5.1056613457786035, 3.1729761703766037, 2.7459060435491964, 3.794879591121583, 4.815368913985488, 3.017357195368895, 2.1, 3.0173571953688954, 2.5798541819767604, 2.031715979777982, 3.314963187366689, 2.0764307741955417, 1.335584883954787, 2.9402207558888556, 1.7422770322390515, 0.7125668244382009, 2.7145648989112514, 4.333333333333333, 2.1666666666666665, 0.0, 2.166666666666667, 1.6815293905808615, 0.5475064507469007, 2.6759810209940915, 3.872588855590591, 1.920312543047323, 1.076950549100144, 2.8321252790648606, 2.3697482507347942, 1.7572504073360866, 3.1542099018920653, 4.258893991910596, 4.815368913985488, 3.0173571953688954, 2.1000000000000005, 3.0173571953688954, 2.9345971815590746, 2.466593367427369, 3.5979430166899253, 3.560345741841151, 3.185637145638003, 4.124244795690449, 4.219989374649712, 3.909032174896837, 4.7054907985766805, 6.03471439073779, 4.7259331823931285, 4.2, 4.7259331823931285, 4.899857771419967, 4.634741460142827, 5.3237148227039714, 6.572185027985562, 5.592579849712555, 5.3618253979063075, 5.967435186807164, 6.133187474303164, 7.178440399879487, 6.293912925037596, 6.089791632738966, 6.6292287063646125, 7.646422547687106, 6.662165146890644, 6.3, 6.662165146890644, 6.841133759188685, 8.063360203896249, 7.80605178335658, 7.001269726112384, 6.818357573492314, 7.304184493227913, 8.794726223092608, 9.32662191967126, 9.872149287990407], [9.45, 7.738862965578341, 6.034714390737791, 4.7259331823931285, 4.2, 4.2296571965113205, 7.0384657419071095, 4.688757238804803, 3.1729761703766037, 2.7459060435491964, 6.830812543175226, 4.8153689139854885, 3.0173571953688954, 2.1, 4.309560797451365, 2.5798541819767604, 2.0317159797779816, 4.028427910077697, 2.0764307741955417, 1.3355848839547866, 3.8668069416166078, 1.7422770322390515, 0.7125668244382002, 6.5, 4.333333333333334, 2.166666666666667, 0.0, 3.8398187142173668, 1.6815293905808615, 0.5475064507468999, 6.025155599650518, 3.9502236556493284, 1.920312543047323, 1.0769505491001437, 4.187167710819246, 2.3697482507347942, 1.7572504073360862, 2.539010434366464, 6.8308125431752265, 4.8153689139854885, 3.0173571953688954, 2.1000000000000005, 4.530841785439118, 2.9345971815590746, 2.466593367427369, 4.959105611711963, 3.560345741841151, 3.185637145638003, 5.452061719095185, 4.219989374649712, 3.909032174896837, 7.738862965578341, 6.034714390737791, 4.7259331823931285, 4.2, 5.993769502309153, 4.899857771419967, 4.634741460142827, 8.031137627860273, 6.572185027985562, 5.592579849712555, 5.3618253979063075, 7.225033541295559, 8.534375321614203, 7.178440399879487, 6.293912925037596, 6.089791632738966, 9.052071586106685, 7.646422547687107, 6.662165146890644, 6.3, 6.319810