totalHoles = 80;
zeroHoleID = 68;
C = [[0.0, 0.8333333333333335, 1.666666666666667, 2.5, 3.0, 3.5, 4.0, 4.5, 2.5124689052802225, 1.375, 1.6078151151312283, 2.160648693744029, 2.8531780526283317, 4.621943530609177, 2.75, 2.873489941594445, 3.2156302302624566, 3.7165171868296265, 4.0697051490249265, 4.451123453691214, 4.8541219597369, 5.273755777432247, 4.125, 4.208333333333333, 4.448977722778322, 4.823445345393685, 5.5, 5.562773089426212, 5.74697988318889, 6.041522986797286, 6.264982043070834, 6.519202405202649, 6.800735254367722, 7.106335201775948, 6.0, 6.708203932499369, 7.211102550927978, 6.830443519837197, 7.32495451710698, 6.9532084276265245, 7.43956365911446, 7.076471315634067, 7.554895517543028, 7.200206608605864, 7.670917494446904, 7.324390364724973, 7.787598745112387, 7.449000154771453, 7.904910075755772, 7.574014951090263, 8.022823846959302, 7.826237921249264, 8.32165848854662, 7.699415025541693, 8.14131388263204, 7.948439214739786, 8.436686906032085, 9.223626462602855, 7.825181855674676, 8.260355384266477, 8.07109422466812, 8.552342485159903, 7.95129803842541, 8.379924850251808, 8.194182576631642, 8.668600123386334, 7.5, 8.077747210701755, 8.5, 8.317685032358503, 8.441583416546472, 8.565860548838556, 8.690500180566692, 8.815486935918818, 8.94080625720777, 9.066444353942757, 9.192388155425117, 11.418258251353375, 12.022415451081988, 13.242256762231555], [0.8333333333333335, 0.0, 0.8333333333333335, 1.6666666666666665, 2.1666666666666665, 2.6666666666666665, 3.1666666666666665, 3.6666666666666665, 1.6853123680130568, 1.6078151151312283, 1.375, 1.6078151151312283, 2.1606486937440286, 3.900291968189132, 2.873489941594445, 2.75, 2.873489941594445, 3.215630230262456, 3.5009919229333337, 3.830614978187068, 4.1940765107205396, 4.583333333333333, 4.208333333333333, 4.125, 4.208333333333333, 4.448977722778322, 5.562773089426212, 5.5, 5.562773089426212, 5.74697988318889, 5.9113826169894, 6.112373606964083, 6.346477588219924, 6.610177338350647, 6.057593948462083, 6.379219736334879, 6.784377479015873, 6.507641901805169, 6.905268746070911, 6.63638093259127, 7.026726493595315, 6.765418739844281, 7.148721847908863, 6.8947385484190775, 7.271227749451212, 7.024324783160334, 7.394218822340451, 7.154162966429376, 7.517671254022944, 7.284239625642698, 7.641562684236557, 7.490735018081411, 7.9021797274197985, 7.414542209737674, 7.7658721025596975, 7.618319831926482, 8.023224438768846, 8.728495817680672, 7.545059013607819, 7.890579753868402, 7.74620378602204, 8.144753306756167, 7.67577910966126, 8.015667051072265, 7.87437230579585, 8.266744978745745, 7.54615428178118, 7.806692285753579, 8.14111649454654, 8.002811718929276, 8.131509188928185, 8.260452654259321, 8.389630772539448, 8.519032869314831, 8.648648891013945, 8.778469361696924, 8.908485343261844, 10.901978549812238, 11.646283850937746, 13.224256904745156], [1.666666666666667, 0.8333333333333335, 0.0, 0.833333333333333, 1.333333333333333, 1.833333333333333, 2.333333333333333, 2.833333333333333, 0.8700255424092123, 2.160648693744029, 1.6078151151312283, 1.375, 1.6078151151312279, 3.2328132892250636, 3.2156302302624566, 2.873489941594445, 2.75, 2.873489941594445, 3.056186803482041, 3.3050886691753236, 3.6065141680637334, 3.948452580160711, 4.448977722778322, 4.208333333333333, 4.125, 4.208333333333333, 5.74697988318889, 5.562773089426212, 5.5, 5.562773089426212, 5.659308948783215, 5.7975090436420285, 5.97448277631164, 6.1869037310901955, 6.227180564089801, 6.146362971528592, 6.437735971942655, 6.279549064659319, 6.565013566027902, 6.412868719675642, 6.692649093031919, 6.546313776375947, 6.820622458796278, 6.679876719250839, 6.948914998117044, 6.813550615696181, 7.0775093542375815, 6.947329061125787, 7.206389369873763, 7.0812061301106475, 7.3355399885613926, 7.236097782030803, 7.5516738394727945, 7.2151763327942975, 7.464947165250511, 7.368093176767266, 7.678246136207865, 8.28775495811738, 7.3492345759376825, 7.594597785190773, 7.500244868974757, 7.805148285666894, 7.483376128035096, 7.724479590257988, 7.632544740143006, 7.932364456891232, 7.68295371441074, 7.617596588017626, 7.8545811119654525, 7.764985216253265, 7.897559223559106, 8.030260148541881, 8.163081801595574, 8.296018384048246, 8.429064458173086, 8.562214919882098, 8.695464973830388, 10.42681830643566, 11.319110861004086, 13.258712837127945], [2.5, 1.6666666666666665, 0.833333333333333, 0.0, 0.5, 1.0, 1.5, 2.0, 0.25, 2.8531780526283317, 2.1606486937440286, 1.6078151151312279, 1.375, 2.660596733394331, 3.7165171868296265, 3.215630230262456, 2.873489941594445, 2.75, 2.7950849718747373, 2.9261749776799064, 3.132491021535417, 3.400367627183861, 4.823445345393685, 4.448977722778322, 4.208333333333333, 4.125, 6.041522986797286, 5.74697988318889, 5.562773089426212, 5.5, 5.522680508593631, 5.5901699437494745, 5.70087712549569, 5.852349955359813, 6.5, 6.020797289396148, 6.18465843842649, 6.156700307606823, 6.317037175582074, 6.292623255687292, 6.4495819583920735, 6.428564869470614, 6.582282756080275, 6.564523989339331, 6.715130319406435, 6.700499549651207, 6.848116106994392, 6.836490569421209, 6.981232219729202, 6.972496144089205, 7.114471342224863, 7.0710678118654755, 7.280109889280518, 7.1085154382288005, 7.247826690500897, 7.206086729315241, 7.4113214712636255, 7.91050024595274, 7.244547679074254, 7.381291965122377, 7.341155357535425, 7.542715822796923, 7.380592150760518, 7.514861309157194, 7.476271002255975, 7.6742835560834965, 7.905694150420948, 7.516648189186454, 7.648529270389178, 7.611431159612537, 7.746633499689552, 7.881875851734076, 8.017156190846585, 8.15247262598013, 8.28782338910076, 8.423206825380728, 8.558621384311845, 9.998641536687186, 11.045247970040188, 13.345218259774985], [3.0, 2.1666666666666665, 1.333333333333333, 0.5, 0.0, 0.5, 1.0, 1.5, 0.5590169943749475, 3.3000946956110213, 2.5661390150271366, 1.9153074890935338, 1.4630874888399532, 2.3920822672454842, 4.0697051490249265, 3.5009919229333337, 3.056186803482041, 2.7950849718747373, 2.75, 2.7950849718747373, 2.9261749776799064, 3.132491021535417, 5.100551440775791, 4.659406554964317, 4.335135843059335, 4.155192534648665, 6.264982043070834, 5.9113826169894, 5.659308948783215, 5.522680508593631, 5.5, 5.522680508593631, 5.5901699437494745, 5.70087712549569, 6.708203932499369, 6.0, 6.082762530298219, 6.136363636363637, 6.217311209653732, 6.2727272727272725, 6.351937298023063, 6.409090909090909, 6.48663597568044, 6.545454545454545, 6.621402812592779, 6.681818181818182, 6.75623373003599, 6.818181818181818, 6.891124966635355, 6.954545454545454, 7.026073048249558, 7.0178344238090995, 7.158910531638177, 7.090909090909091, 7.161074761202902, 7.1538581164580854, 7.2923031992926095, 7.718559447535304, 7.227272727272727, 7.29612712844151, 7.289894511134648, 7.425803793763411, 7.363636363636363, 7.4312273882493844, 7.425942909770688, 7.559406597026882, 8.077747210701755, 7.5, 7.566372975210778, 7.562002664474581, 7.6980731731071765, 7.834153875317281, 7.970244248981943, 8.106343807004201, 8.242452094427096, 8.378568685828176, 8.514693182963201, 9.766886648061382, 10.908222064476378, 13.42171180028332], [3.5, 2.6666666666666665, 1.833333333333333, 1.0, 0.5, 0.0, 0.5, 1.0, 1.0307764064044151, 3.760402239122831, 3.0002893378991153, 2.2916666666666665, 1.7001838135919305, 2.2057516108555855, 4.451123453691214, 3.830614978187068, 3.3050886691753236, 2.9261749776799064, 2.7950849718747373, 2.75, 2.7950849718747373, 2.9261749776799064, 5.4097712520956005, 4.911897404375535, 4.514059825823215, 4.244481711587412, 6.519202405202649, 6.112373606964083, 5.7975090436420285, 5.5901699437494745, 5.522680508593631, 5.5, 5.522680508593631, 5.5901699437494745, 6.946221994724902, 6.020797289396148, 6.020797289396148, 6.156700307606823, 6.156700307606823, 6.292623255687292, 6.292623255687292, 6.428564869470614, 6.428564869470614, 6.564523989339331, 6.564523989339331, 6.700499549651207, 6.700499549651207, 6.836490569421209, 6.836490569421209, 6.972496144089205, 6.972496144089205, 7.0, 7.0710678118654755, 7.1085154382288005, 7.1085154382288005, 7.136363636363637, 7.206086729315241, 7.554886216817209, 7.244547679074254, 7.244547679074254, 7.2727272727272725, 7.341155357535425, 7.380592150760518, 7.380592150760518, 7.409090909090909, 7.476271002255975, 8.276472678623424, 7.516648189186454, 7.516648189186454, 7.545454545454545, 7.681818181818182, 7.818181818181818, 7.954545454545453, 8.09090909090909, 8.227272727272727, 8.363636363636363, 8.5, 9.555695527432478, 10.792641682932945, 13.516280734680581], [4.0, 3.1666666666666665, 2.333333333333333, 1.5, 1.0, 0.5, 0.0, 0.5, 1.5206906325745548, 4.229731078922158, 3.4523039810795595, 2.708333333333333, 2.0348525745124633, 2.1233517759226146, 4.8541219597369, 4.1940765107205396, 3.6065141680637334, 3.132491021535417, 2.9261749776799064, 2.7950849718747373, 2.75, 2.7950849718747373, 5.745922467280602, 5.200327179877991, 4.73920557102606, 4.38926246651986, 6.800735254367722, 6.346477588219924, 5.97448277631164, 5.70087712549569, 5.5901699437494745, 5.522680508593631, 5.5, 5.522680508593631, 7.211102550927978, 6.082762530298219, 6.0, 6.217311209653732, 6.136363636363637, 6.351937298023063, 6.2727272727272725, 6.48663597568044, 6.409090909090909, 6.621402812592779, 6.545454545454545, 6.75623373003599, 6.681818181818182, 6.891124966635355, 6.818181818181818, 7.026073048249558, 6.954545454545454, 7.0178344238090995, 7.0178344238090995, 7.161074761202902, 7.090909090909091, 7.1538581164580854, 7.1538581164580854, 7.421351059812006, 7.29612712844151, 7.227272727272727, 7.289894511134648, 7.289894511134648, 7.4312273882493844, 7.363636363636363, 7.425942909770688, 7.425942909770688, 8.5, 7.566372975210778, 7.5, 7.562002664474581, 7.6980731731071765, 7.834153875317281, 7.970244248981943, 8.106343807004201, 8.242452094427096, 8.378568685828176, 8.514693182963201, 9.366459268576705, 10.699201857355252, 13.628548790958275], [4.5, 3.6666666666666665, 2.833333333333333, 2.0, 1.5, 1.0, 0.5, 0.0, 2.0155644370746373, 4.705382556179678, 3.9160017166038683, 3.149349580116151, 2.42706097986845, 2.1568276147702288, 5.273755777432247, 4.583333333333333, 3.948452580160711, 3.400367627183861, 3.132491021535417, 2.9261749776799064, 2.7950849718747373, 2.75, 6.10455772353739, 5.519064181946469, 5.004338395610131, 4.584280205223062, 7.106335201775948, 6.610177338350647, 6.1869037310901955, 5.852349955359813, 5.70087712549569, 5.5901699437494745, 5.522680508593631, 5.5, 7.5, 6.18465843842649, 6.020797289396148, 6.317037175582074, 6.156700307606823, 6.4495819583920735, 6.292623255687292, 6.582282756080275, 6.428564869470614, 6.715130319406435, 6.564523989339331, 6.848116106994392, 6.700499549651207, 6.981232219729202, 6.836490569421209, 7.114471342224863, 6.972496144089205, 7.0710678118654755, 7.0, 7.247826690500897, 7.1085154382288005, 7.206086729315241, 7.136363636363637, 7.319603633865083, 7.381291965122377, 7.244547679074254, 7.341155357535425, 7.2727272727272725, 7.514861309157194, 7.380592150760518, 7.476271002255975, 7.409090909090909, 8.74642784226795, 7.648529270389178, 7.516648189186454, 7.611431159612537, 7.746633499689552, 7.881875851734076, 8.017156190846585, 8.15247262598013, 8.28782338910076, 8.423206825380728, 8.558621384311845, 9.200532671906547, 10.628486546667238, 13.758082693324793], [2.5124689052802225, 1.6853123680130568, 0.8700255424092123, 0.25, 0.5590169943749475, 1.0307764064044151, 1.5206906325745548, 2.0155644370746373, 0.0, 2.7414640249326636, 2.010821418668942, 1.40002480136762, 1.125, 2.465956368927146, 3.5355339059327378, 3.0046260628866577, 2.6352313834736494, 2.5, 2.5495097567963922, 2.692582403567252, 2.9154759474226504, 3.2015621187164243, 4.611466686424179, 4.218222703672458, 3.9635929968204913, 3.875, 5.814851674806504, 5.508200956553581, 5.315726144605687, 5.25, 5.273755777432247, 5.344389581607987, 5.460082416960389, 5.618051263561058, 6.269968101992227, 5.771698190307598, 5.942432162002357, 5.9075609907561795, 6.074477496830829, 6.0434463513506005, 6.206709579290212, 6.179352783782965, 6.339116722891784, 6.315278927639245, 6.471688182683425, 6.45122353697087, 6.604414063637057, 6.587185468520999, 6.737285239374552, 6.723163671372735, 6.870293279916521, 6.823672031978091, 7.0400639201643616, 6.8591571778231355, 7.003430387323247, 6.9585921084822475, 7.170913758526971, 7.6832585226795596, 6.995165095317179, 7.136689338253683, 7.0935673921594224, 7.301965375644247, 7.1311865993009595, 7.270063432601505, 7.228594790457416, 7.433208099106879, 7.668930825088983, 7.267220926874317, 7.403546447480424, 7.3636714365045774, 7.498794668985363, 7.633962014122015, 7.769171169510748, 7.904419989594481, 8.039706472582768, 8.17502874865418, 8.31038506929733, 9.780501807717416, 10.806624213676772, 13.097539675097604], [1.375, 1.6078151151312283, 2.160648693744029, 2.8531780526283317, 3.3000946956110213, 3.760402239122831, 4.229731078922158, 4.705382556179678, 2.7414640249326636, 0.0, 0.8333333333333335, 1.666666666666667, 2.5, 4.173865006982228, 1.375, 1.6078151151312283, 2.160648693744029, 2.8531780526283317, 3.3000946956110213, 3.760402239122831, 4.229731078922158, 4.705382556179678, 2.75, 2.873489941594445, 3.2156302302624566, 3.7165171868296265, 4.125, 4.208333333333333, 4.448977722778322, 4.823445345393685, 5.100551440775791, 5.4097712520956005, 5.745922467280602, 6.10455772353739, 4.625, 5.512769267799986, 6.114787404317505, 5.627662363511687, 6.218567654829041, 5.743494793069505, 6.323585410035712, 5.860210856359329, 6.429780033639699, 5.9777587946162205, 6.537094171465757, 6.096090486112885, 6.645473588456735, 6.215161164908367, 6.7548670087415585, 6.334929161351281, 6.865225959816533, 6.625, 7.203514767111955, 6.455355662977618, 6.976504621623725, 6.741165400018993, 7.310493208423986, 8.193449868018428, 6.576404494431601, 7.088659681094879, 6.858074582816307, 7.418435615645058, 6.698041915057547, 7.201650192550855, 6.975690152176597, 7.527300518723399, 6.125, 6.82023643285187, 7.315437444199766, 7.09397697328661, 7.212902021968162, 7.332434243970331, 7.45254442378103, 7.573205062412833, 7.694390263622298, 7.816075628033579, 7.938238154653714, 10.401591376726193, 10.835417908236392, 11.86941710554272], [1.6078151151312283, 1.375, 1.6078151151312283, 2.1606486937440286, 2.5661390150271366, 3.0002893378991153, 3.4523039810795595, 3.9160017166038683, 2.010821418668942, 0.8333333333333335, 0.0, 0.8333333333333335, 1.6666666666666665, 3.357240612987307, 1.6078151151312283, 1.375, 1.6078151151312283, 2.1606486937440286, 2.5661390150271366, 3.0002893378991153, 3.4523039810795595, 3.9160017166038683, 2.873489941594445, 2.75, 2.873489941594445, 3.215630230262456, 4.208333333333333, 4.125, 4.208333333333333, 4.448977722778322, 4.659406554964317, 4.911897404375535, 5.200327179877991, 5.519064181946469, 4.699475443540954, 5.107354446721359, 5.605212108188037, 5.2311593478052645, 5.71824811069472, 5.35557437465497, 5.832281733232226, 5.480557975738983, 5.947255590503027, 5.606072123247793, 6.063116194201571, 5.7320819655096065, 6.179813669735829, 5.858555517380506, 6.297301492191945, 5.985463384215401, 6.41553624080767, 6.225089245232643, 6.714541640681398, 6.11277851553462, 6.534477371092119, 6.348576380695466, 6.829184094374501, 7.631774030811746, 6.240475984956965, 6.6540870036510595, 6.472580481892997, 6.9446116830183895, 6.3685327933765254, 6.774329728736677, 6.597072396926129, 7.060785901273172, 6.181429401396124, 6.496927692720956, 6.895172425529167, 6.722025022910266, 6.847413138523446, 6.973213251669554, 7.099403460822666, 7.225963328751847, 7.3528737674488, 7.480116933193732, 7.6076761307978344, 9.832070889408367, 10.41651263640228, 11.849332004428886], [2.160648693744029, 1.6078151151312283, 1.375, 1.6078151151312279, 1.9153074890935338, 2.2916666666666665, 2.708333333333333, 3.149349580116151, 1.40002480136762, 1.666666666666667, 0.8333333333333335, 0.0, 0.833333333333333, 2.5514444652707824, 2.160648693744029, 1.6078151151312283, 1.375, 1.6078151151312279, 1.9153074890935338, 2.2916666666666665, 2.708333333333333, 3.149349580116151, 3.2156302302624566, 2.873489941594445, 2.75, 2.873489941594445, 4.448977722778322, 4.208333333333333, 4.125, 4.208333333333333, 4.335135843059335, 4.514059825823215, 4.73920557102606, 5.004338395610131, 4.9161369771170715, 4.813356705852764, 5.180257661974396, 4.944528436106292, 5.302360617888074, 5.07597381945517, 5.425143028756105, 5.207672134338865, 5.548559788398804, 5.339604665552436, 5.672569492836206, 5.4717544711594845, 5.797134090162179, 5.604106180611044, 5.922218566570265, 5.73664581938929, 6.047790664679399, 5.916226509449339, 6.298285701504638, 5.869360656265295, 6.173820630693901, 6.046025311022468, 6.420365155362349, 7.123497586432019, 6.002239069893662, 6.300280987291329, 6.176107033931826, 6.5430088461845175, 6.135270431989575, 6.427146329461638, 6.306454170949366, 6.666185631750089, 6.347708466665571, 6.268445004766156, 6.554393140821234, 6.43705059857632, 6.567881446069463, 6.698932978710854, 6.830192493593489, 6.961648226423572, 7.093289268036143, 7.22510548948952, 7.357087474749169, 9.302420204936299, 10.049382003457511, 11.887773734636108], [2.8531780526283317, 2.1606486937440286, 1.6078151151312279, 1.375, 1.4630874888399532, 1.7001838135919305, 2.0348525745124633, 2.42706097986845, 1.125, 2.5, 1.6666666666666665, 0.833333333333333, 0.0, 1.7713164805080202, 2.8531780526283317, 2.1606486937440286, 1.6078151151312279, 1.375, 1.4630874888399532, 1.7001838135919305, 2.0348525745124633, 2.42706097986845, 3.7165171868296265, 3.215630230262456, 2.873489941594445, 2.75, 4.823445345393685, 4.448977722778322, 4.208333333333333, 4.125, 4.155192534648665, 4.244481711587412, 4.38926246651986, 4.584280205223062, 5.257435211203273, 4.651948516482099, 4.862162584694181, 4.787544639759086, 4.992052050778914, 4.923183161128227, 5.122278051611072, 5.058860670248958, 5.252815557488359, 5.194574112149288, 5.383641909210861, 5.330320742213927, 5.514736549906625, 5.46609808783058, 5.646080791645221, 5.601903915575386, 5.777657611812839, 5.71319744101322, 5.969976968129776, 5.737736203027914, 5.909451475013327, 5.847504677245947, 6.098631891696139, 6.680819542490422, 5.873593114472619, 6.04144817691753, 5.981904962758191, 6.227614871158225, 6.009472979876668, 6.173634707031812, 6.11639216361848, 6.356905937574784, 6.615559311199621, 6.145374276640927, 6.30599912781472, 6.250960669970709, 6.385605341587624, 6.520321460031611, 6.655104686511681, 6.789951024665448, 6.92485678761125, 7.05981856871269, 7.19483321557908, 8.819825069294266, 9.739882478109882, 11.98417909869151], [4.621943530609177, 3.900291968189132, 3.2328132892250636, 2.660596733394331, 2.3920822672454842, 2.2057516108555855, 2.1233517759226146, 2.1568276147702288, 2.465956368927146, 4.173865006982228, 3.357240612987307, 2.5514444652707824, 1.7713164805080202, 0.0, 4.154658372583899, 3.333331911145682, 2.5199019734369914, 1.7255721284519097, 1.2731385494170562, 0.8741649509866419, 0.6383157189472857, 0.7421115499551952, 4.56973448782883, 3.8382793965829087, 3.1577195968138745, 2.5688297465695906, 5.318365386622375, 4.704776915285526, 4.168180676083165, 3.7418475868521854, 3.5559395324939422, 3.433364028802502, 3.38101628948999, 3.40213958345603, 5.6492780120145, 4.034109273453159, 3.8807992503096833, 4.165409009716885, 4.017113069017852, 4.2970241899418085, 4.153430158313545, 4.428926691909015, 4.289750206404513, 4.561091588458605, 4.426072939904093, 4.693496713214592, 4.562398118095308, 4.826122294166316, 4.698725528192998, 4.958950643249713, 4.835054981407157, 4.916907927600187, 4.895155642013949, 5.09196589234148, 4.971386309653715, 5.052257458730173, 5.031090400732041, 5.350011984538047, 5.225153767880502, 5.107719362791894, 5.187660105744823, 5.167047760934653, 5.358501397766664, 5.244054006292337, 5.323111815359766, 5.303025984272203, 6.767742391023252, 5.491997145336421, 5.380390119259645, 5.458608935209933, 5.594148165621763, 5.72972651816381, 5.865341279892793, 6.000989982404897, 6.136670374957258, 6.272380401050052, 6.408118177961467, 7.375542626909676, 8.593268853496362, 11.613095408163174], [2.75, 2.873489941594445, 3.2156302302624566, 3.7165171868296265, 4.0697051490249265, 4.451123453691214, 4.8541219597369, 5.273755777432247, 3.5355339059327378, 1.375, 1.6078151151312283, 2.160648693744029, 2.8531780526283317, 4.154658372583899, 0.0, 0.8333333333333335, 1.666666666666667, 2.5, 3.0, 3.5, 4.0, 4.5, 1.375, 1.6078151151312283, 2.160648693744029, 2.8531780526283317, 2.75, 2.873489941594445, 3.2156302302624566, 3.7165171868296265, 4.0697051490249265, 4.451123453691214, 4.8541219597369, 5.273755777432247, 3.25, 4.422951503238533, 5.153882032022076, 4.524097553953269, 5.240940629093784, 4.627051700382927, 5.330066363378277, 4.731695920174048, 5.421157282443642, 4.837920545710891, 5.514115995026906, 4.945623743763372, 5.608849633826533, 5.054711001213138, 5.7052697837863136, 5.165094624432242, 5.8032923827202465, 5.50567888638631, 6.189709201569974, 5.27669325766973, 5.90283760030184, 5.611611707024394, 6.284121732622087, 7.278132065154821, 5.389431424035393, 6.003829700647759, 5.7188339706159566, 6.380051879371442, 5.503239091286855, 6.106196892982388, 5.827274500070643, 6.477432214942397, 4.75, 5.618051263561058, 6.209871174187111, 5.936866538631356, 6.047547484601703, 6.159258635757128, 6.271944944626806, 6.385554785400823, 6.50003973287284, 6.615354353558129, 6.73145600891813, 9.475802596201023, 9.698213196968034, 10.497142977678875], [2.873489941594445, 2.75, 2.873489941594445, 3.215630230262456, 3.5009919229333337, 3.830614978187068, 4.1940765107205396, 4.583333333333333, 3.0046260628866577, 1.6078151151312283, 1.375, 1.6078151151312283, 2.1606486937440286, 3.333331911145682, 0.8333333333333335, 0.0, 0.8333333333333335, 1.6666666666666665, 2.1666666666666665, 2.6666666666666665, 3.1666666666666665, 3.6666666666666665, 1.6078151151312283, 1.375, 1.6078151151312283, 2.1606486937440286, 2.873489941594445, 2.75, 2.873489941594445, 3.215630230262456, 3.5009919229333337, 3.830614978187068, 4.1940765107205396, 4.583333333333333, 3.355137023199566, 3.906013881752655, 4.53765113002066, 4.02018695114175, 4.636295553075077, 4.135704520690637, 4.736811714201263, 4.252457022173908, 4.839082977049423, 4.370345484175823, 4.9430004030334995, 4.489280416650365, 5.048462339431067, 4.60918081118864, 5.155374000357578, 4.729973247681564, 5.263647049063664, 5.01733107449679, 5.613104706349636, 4.851591097772115, 5.37319918794334, 5.133351445354617, 5.717047349362927, 6.639469894161442, 4.973973815655306, 5.483953760942732, 5.250349806877841, 5.822328265214485, 5.09706630723127, 5.595839371680136, 5.368262215119961, 5.928876161939799, 4.822545432076762, 5.220818369225695, 5.708789519484649, 5.487029743734926, 5.606598049586175, 5.726916976284873, 5.847940192883375, 5.969624864969864, 6.091931355492831, 6.214822952767971, 6.338265623268807, 8.846883612218303, 9.22782712625477, 10.474426820579035], [3.2156302302624566, 2.873489941594445, 2.75, 2.873489941594445, 3.056186803482041, 3.3050886691753236, 3.6065141680637334, 3.948452580160711, 2.6352313834736494, 2.160648693744029, 1.6078151151312283, 1.375, 1.6078151151312279, 2.5199019734369914, 1.666666666666667, 0.8333333333333335, 0.0, 0.833333333333333, 1.333333333333333, 1.833333333333333, 2.333333333333333, 2.833333333333333, 2.160648693744029, 1.6078151151312283, 1.375, 1.6078151151312279, 3.2156302302624566, 2.873489941594445, 2.75, 2.873489941594445, 3.056186803482041, 3.3050886691753236, 3.6065141680637334, 3.948452580160711, 3.652434500135188, 3.5128731513929985, 4.000867961385935, 3.639400562656401, 4.11240843328218, 3.7666145563083973, 4.225405528758272, 3.894447850308117, 4.339745467816768, 4.0228414068155045, 4.455324864816932, 4.151743247438817, 4.572049721877538, 4.281107459941049, 4.6898345120302025, 4.410893362700647, 4.808601347978774, 4.628564692332938, 5.107864306907318, 4.541064799506275, 4.928279231129425, 4.754082147115712, 5.221873584087517, 6.048371969547373, 4.671589542346153, 5.048803374941889, 4.88018166614545, 5.33693168039922, 4.802438783956079, 5.170114596439059, 5.006819270783065, 5.452972205774694, 5.033912770179652, 4.9335867052052285, 5.292158769769142, 5.133955142834009, 5.261553163242153, 5.38958050809707, 5.518007294263106, 5.646806268012607, 5.775952530971556, 5.905423298481795, 6.035197686166635, 8.254256680222175, 8.811307316121184, 10.517894876560941], [3.7165171868296265, 3.215630230262456, 2.873489941594445, 2.75, 2.7950849718747373, 2.9261749776799064, 3.132491021535417, 3.400367627183861, 2.5, 2.8531780526283317, 2.1606486937440286, 1.6078151151312279, 1.375, 1.7255721284519097, 2.5, 1.6666666666666665, 0.833333333333333, 0.0, 0.5, 1.0, 1.5, 2.0, 2.8531780526283317, 2.1606486937440286, 1.6078151151312279, 1.375, 3.7165171868296265, 3.215630230262456, 2.873489941594445, 2.75, 2.7950849718747373, 2.9261749776799064, 3.132491021535417, 3.400367627183861, 4.100304866714182, 3.2882366094914763, 3.5794552658190883, 3.423077369515032, 3.7037087733359857, 3.558034209787271, 3.8287866796175165, 3.6930944045599126, 3.9546107622611526, 3.8282470148374133, 4.0811120061340596, 3.9634825866750103, 4.208229344377043, 4.098792908379871, 4.335908590570738, 4.2341708136704685, 4.464101531029378, 4.366062299143245, 4.697073557013984, 4.36961002099011, 4.5927651513589485, 4.498909417893766, 4.820807603546654, 5.520139072290253, 4.505105001482225, 4.721860975757351, 4.631960922057857, 4.945205959661445, 4.640650869853039, 4.851354501154061, 4.765199691426746, 5.070219728884889, 5.367727638395972, 4.7762432936357, 4.981214711292819, 4.898610445577465, 5.032179505791938, 5.165894592628537, 5.29974465313469, 5.433719712807734, 5.567810748303646, 5.702009577608625, 5.836308764964376, 7.706299107012193, 8.456616856350234, 10.626735008364385], [4.0697051490249265, 3.5009919229333337, 3.056186803482041, 2.7950849718747373, 2.75, 2.7950849718747373, 2.9261749776799064, 3.132491021535417, 2.5495097567963922, 3.3000946956110213, 2.5661390150271366, 1.9153074890935338, 1.4630874888399532, 1.2731385494170562, 3.0, 2.1666666666666665, 1.333333333333333, 0.5, 0.0, 0.5, 1.0, 1.5, 3.3000946956110213, 2.5661390150271366, 1.9153074890935338, 1.4630874888399532, 4.0697051490249265, 3.5009919229333337, 3.056186803482041, 2.7950849718747373, 2.75, 2.7950849718747373, 2.9261749776799064, 3.132491021535417, 4.422951503238533, 3.25, 3.400367627183861, 3.3863636363636367, 3.5309288689643625, 3.5227272727272725, 3.6619130844432295, 3.659090909090909, 3.793276457232156, 3.795454545454545, 3.924980917993305, 3.9318181818181817, 4.056993248068824, 4.068181818181818, 4.189284342914088, 4.204545454545454, 4.321828603651334, 4.2793106921559225, 4.5069390943299865, 4.340909090909091, 4.454603431904706, 4.414769071017558, 4.635750850769833, 5.241381609971139, 4.477272727272727, 4.587588808337138, 4.550281527935505, 4.764982894352411, 4.613636363636363, 4.720766939372009, 4.685843371173812, 4.894601934700467, 5.618051263561058, 4.75, 4.8541219597369, 4.821450435037226, 4.9570990083427215, 5.092785774225023, 5.228507759239699, 5.364262290134158, 5.500046956974605, 5.6358595815669945, 5.771698190307598, 7.403126916624509, 8.276845688023869, 10.722639329326995], [4.451123453691214, 3.830614978187068, 3.3050886691753236, 2.9261749776799064, 2.7950849718747373, 2.75, 2.7950849718747373, 2.9261749776799064, 2.692582403567252, 3.760402239122831, 3.0002893378991153, 2.2916666666666665, 1.7001838135919305, 0.8741649509866419, 3.5, 2.6666666666666665, 1.833333333333333, 1.0, 0.5, 0.0, 0.5, 1.0, 3.760402239122831, 3.0002893378991153, 2.2916666666666665, 1.7001838135919305, 4.451123453691214, 3.830614978187068, 3.3050886691753236, 2.9261749776799064, 2.7950849718747373, 2.75, 2.7950849718747373, 2.9261749776799064, 4.7762432936357, 3.2882366094914763, 3.2882366094914763, 3.423077369515032, 3.423077369515032, 3.558034209787271, 3.558034209787271, 3.6930944045599126, 3.6930944045599126, 3.8282470148374133, 3.8282470148374133, 3.9634825866750103, 3.9634825866750103, 4.098792908379871, 4.098792908379871, 4.2341708136704685, 4.2341708136704685, 4.25, 4.366062299143245, 4.36961002099011, 4.36961002099011, 4.386363636363637, 4.498909417893766, 4.997221926757085, 4.505105001482225, 4.505105001482225, 4.5227272727272725, 4.631960922057857, 4.640650869853039, 4.640650869853039, 4.659090909090909, 4.765199691426746, 5.900211860602973, 4.7762432936357, 4.7762432936357, 4.795454545454545, 4.931818181818182, 5.068181818181818, 5.204545454545453, 5.34090909090909, 5.477272727272727, 5.613636363636363, 5.75, 7.122185785316449, 8.123914107843074, 10.840779097263395], [4.8541219597369, 4.1940765107205396, 3.6065141680637334, 3.132491021535417, 2.9261749776799064, 2.7950849718747373, 2.75, 2.7950849718747373, 2.9154759474226504, 4.229731078922158, 3.4523039810795595, 2.708333333333333, 2.0348525745124633, 0.6383157189472857, 4.0, 3.1666666666666665, 2.333333333333333, 1.5, 1.0, 0.5, 0.0, 0.5, 4.229731078922158, 3.4523039810795595, 2.708333333333333, 2.0348525745124633, 4.8541219597369, 4.1940765107205396, 3.6065141680637334, 3.132491021535417, 2.9261749776799064, 2.7950849718747373, 2.75, 2.7950849718747373, 5.153882032022076, 3.400367627183861, 3.25, 3.5309288689643625, 3.3863636363636367, 3.6619130844432295, 3.5227272727272725, 3.793276457232156, 3.659090909090909, 3.924980917993305, 3.795454545454545, 4.056993248068824, 3.9318181818181817, 4.189284342914088, 4.068181818181818, 4.321828603651334, 4.204545454545454, 4.2793106921559225, 4.2793106921559225, 4.454603431904706, 4.340909090909091, 4.414769071017558, 4.414769071017558, 4.792950322002089, 4.587588808337138, 4.477272727272727, 4.550281527935505, 4.550281527935505, 4.720766939372009, 4.613636363636363, 4.685843371173812, 4.685843371173812, 6.209871174187111, 4.8541219597369, 4.75, 4.821450435037226, 4.9570990083427215, 5.092785774225023, 5.228507759239699, 5.364262290134158, 5.500046956974605, 5.6358595815669945, 5.771698190307598, 6.8662051074430535, 7.999361619520905, 10.980436634510296], [5.273755777432247, 4.583333333333333, 3.948452580160711, 3.400367627183861, 3.132491021535417, 2.9261749776799064, 2.7950849718747373, 2.75, 3.2015621187164243, 4.705382556179678, 3.9160017166038683, 3.149349580116151, 2.42706097986845, 0.7421115499551952, 4.5, 3.6666666666666665, 2.833333333333333, 2.0, 1.5, 1.0, 0.5, 0.0, 4.705382556179678, 3.9160017166038683, 3.149349580116151, 2.42706097986845, 5.273755777432247, 4.583333333333333, 3.948452580160711, 3.400367627183861, 3.132491021535417, 2.9261749776799064, 2.7950849718747373, 2.75, 5.55090082779363, 3.5794552658190883, 3.2882366094914763, 3.7037087733359857, 3.423077369515032, 3.8287866796175165, 3.558034209787271, 3.9546107622611526, 3.6930944045599126, 4.0811120061340596, 3.8282470148374133, 4.208229344377043, 3.9634825866750103, 4.335908590570738, 4.098792908379871, 4.464101531029378, 4.2341708136704685, 4.366062299143245, 4.25, 4.5927651513589485, 4.36961002099011, 4.498909417893766, 4.386363636363637, 4.633844903867422, 4.721860975757351, 4.505105001482225, 4.631960922057857, 4.5227272727272725, 4.851354501154061, 4.640650869853039, 4.765199691426746, 4.659090909090909, 6.5431261641512, 4.981214711292819, 4.7762432936357, 4.898610445577465, 5.032179505791938, 5.165894592628537, 5.29974465313469, 5.433719712807734, 5.567810748303646, 5.702009577608625, 5.836308764964376, 6.638073123609776, 7.904529853705185, 11.140802750849181], [4.125, 4.208333333333333, 4.448977722778322, 4.823445345393685, 5.100551440775791, 5.4097712520956005, 5.745922467280602, 6.10455772353739, 4.611466686424179, 2.75, 2.873489941594445, 3.2156302302624566, 3.7165171868296265, 4.56973448782883, 1.375, 1.6078151151312283, 2.160648693744029, 2.8531780526283317, 3.3000946956110213, 3.760402239122831, 4.229731078922158, 4.705382556179678, 0.0, 0.8333333333333335, 1.666666666666667, 2.5, 1.375, 1.6078151151312283, 2.160648693744029, 2.8531780526283317, 3.3000946956110213, 3.760402239122831, 4.229731078922158, 4.705382556179678, 1.875, 3.5377429245212264, 4.417649261768073, 3.611867062571095, 4.47722946448872, 3.689543662570824, 4.540124716130222, 3.770553179706094, 4.606199222894266, 3.854685487379167, 4.675318193087136, 3.941740632623617, 4.747348651076307, 4.031529276315022, 4.822160128592281, 4.123872873809138, 4.899625238662529, 4.529417732998359, 5.340002340823457, 4.21860364759919, 4.979620139683066, 4.617175646476234, 5.4146385798512195, 6.526181270539332, 4.315564398126873, 5.0620248986329734, 4.707248345208809, 5.491647019198436, 4.414608192792172, 5.146723763314656, 4.799505505692597, 5.57092928506309, 3.375, 4.5155979670471105, 5.23360535386458, 4.8938235866774615, 4.9900857285734475, 5.088181594847884, 5.188007169273163, 5.28946452085231, 5.392461546355766, 5.496911698685044, 5.6027337077537425, 8.670052855430315, 8.630506774318642, 9.12568950613134], [4.208333333333333, 4.125, 4.208333333333333, 4.448977722778322, 4.659406554964317, 4.911897404375535, 5.200327179877991, 5.519064181946469, 4.218222703672458, 2.873489941594445, 2.75, 2.873489941594445, 3.215630230262456, 3.8382793965829087, 1.6078151151312283, 1.375, 1.6078151151312283, 2.1606486937440286, 2.5661390150271366, 3.0002893378991153, 3.4523039810795595, 3.9160017166038683, 0.8333333333333335, 0.0, 0.8333333333333335, 1.6666666666666665, 1.6078151151312283, 1.375, 1.6078151151312283, 2.1606486937440286, 2.5661390150271366, 3.0002893378991153, 3.4523039810795595, 3.9160017166038683, 2.0518453753741883, 2.8653218744923654, 3.6801362444585903, 2.9563538560413223, 3.7514479145342974, 3.0507666057010936, 3.826291966877894, 3.1482559815612485, 3.9044652718098947, 3.2485450052378853, 3.9857719433491607, 3.351382350511573, 4.070024200499772, 3.4565405755219434, 4.157042949448911, 3.5638142381138898, 4.2466581281187, 3.921318159893572, 4.659406554964317, 3.673017993419258, 4.3387088532551905, 4.022365232238904, 4.744760836423441, 5.805376481640077, 3.7839847408287213, 4.433043407429927, 4.125445199561155, 4.8324560451095175, 3.8965638632405617, 4.52951909960048, 4.2304094613033225, 4.922367067135282, 3.4763586472693584, 4.010619583611047, 4.628002028713663, 4.337121212121212, 4.4454546100059895, 4.555293959039292, 4.666532920653283, 4.779073762609913, 4.892826651337315, 5.007708990571597, 5.123644807274516, 7.977865085467545, 8.098339424830153, 9.099550290434589], [4.448977722778322, 4.208333333333333, 4.125, 4.208333333333333, 4.335135843059335, 4.514059825823215, 4.73920557102606, 5.004338395610131, 3.9635929968204913, 3.2156302302624566, 2.873489941594445, 2.75, 2.873489941594445, 3.1577195968138745, 2.160648693744029, 1.6078151151312283, 1.375, 1.6078151151312279, 1.9153074890935338, 2.2916666666666665, 2.708333333333333, 3.149349580116151, 1.666666666666667, 0.8333333333333335, 0.0, 0.833333333333333, 2.160648693744029, 1.6078151151312283, 1.375, 1.6078151151312279, 1.9153074890935338, 2.2916666666666665, 2.708333333333333, 3.149349580116151, 2.5086655372483952, 2.3007396153797535, 2.993337509276968, 2.413164199855395, 3.080588924561405, 2.527945849062892, 3.17130523325349, 2.644777695529345, 3.2651976548803563, 2.7633997149144647, 3.362000096825699, 2.8835909891407643, 3.4614684252958994, 3.0051632374237016, 3.5633794002645254, 3.1279554435951638, 3.6675294032609043, 3.409800010427461, 4.036508736244452, 3.2518294102420207, 3.773733056269565, 3.5255385491473974, 4.134741676113636, 5.118851345771818, 3.376666085380362, 3.8818218041049493, 3.6427047773024626, 4.235087338089835, 3.502362527444231, 3.9916425115874556, 3.761165272928679, 4.337399091270174, 3.764093885356445, 3.628829394967167, 4.103056110321237, 3.8808015162633307, 4.001508051925362, 4.123190882467106, 4.245766067453652, 4.369158503472548, 4.493300862399126, 4.618132667458959, 4.743599488901978, 7.315171564411713, 7.620331002446397, 9.149552497410443], [4.823445345393685, 4.448977722778322, 4.208333333333333, 4.125, 4.155192534648665, 4.244481711587412, 4.38926246651986, 4.584280205223062, 3.875, 3.7165171868296265, 3.215630230262456, 2.873489941594445, 2.75, 2.5688297465695906, 2.8531780526283317, 2.1606486937440286, 1.6078151151312279, 1.375, 1.4630874888399532, 1.7001838135919305, 2.0348525745124633, 2.42706097986845, 2.5, 1.6666666666666665, 0.833333333333333, 0.0, 2.8531780526283317, 2.1606486937440286, 1.6078151151312279, 1.375, 1.4630874888399532, 1.7001838135919305, 2.0348525745124633, 2.42706097986845, 3.125, 1.940521837032503, 2.401171589037318, 2.0725789919050013, 2.5091001729077997, 2.2051604109489467, 2.6196817436506534, 2.33817691396347, 2.73259424009342, 2.4715582547477144, 2.8475603956038524, 2.60524839792217, 2.964341278408414, 2.739202129413805, 3.082730657353173, 2.8733825849230104, 3.2025501525095343, 3.0439489154714803, 3.502231431530475, 3.0077594211534255, 3.323645097710824, 3.173060187013985, 3.615011888004412, 4.482384521159366, 3.1423074442804224, 3.445881030212761, 3.3027544540082103, 3.729368174834857, 3.2770055684828745, 3.5691407223402902, 3.4329656420030705, 3.8451596974863804, 4.20007440410286, 3.4118360159890453, 3.6933216756735394, 3.5636370883579964, 3.694719959416734, 3.8261719697562944, 3.9579563398842263, 4.090040943237043, 4.222397604315066, 4.355001518155935, 4.48783076775406, 6.690741931992463, 7.207265544075779, 9.274464685709898], [5.5, 5.562773089426212, 5.74697988318889, 6.041522986797286, 6.264982043070834, 6.519202405202649, 6.800735254367722, 7.106335201775948, 5.814851674806504, 4.125, 4.208333333333333, 4.448977722778322, 4.823445345393685, 5.318365386622375, 2.75, 2.873489941594445, 3.2156302302624566, 3.7165171868296265, 4.0697051490249265, 4.451123453691214, 4.8541219597369, 5.273755777432247, 1.375, 1.6078151151312283, 2.160648693744029, 2.8531780526283317, 0.0, 0.8333333333333335, 1.666666666666667, 2.5, 3.0, 3.5, 4.0, 4.5, 0.5, 3.0413812651491097, 4.031128874149275, 3.0667505078969093, 4.050303529080994, 3.097919856616134, 4.073954766319397, 3.1347162999212124, 4.102005153701264, 3.1769443190921005, 4.134365151581506, 3.224390518357854, 4.170934453437986, 3.276828238676102, 4.211603412690365, 3.334021967434954, 4.256254512988955, 3.8078865529319543, 4.743416490252569, 3.395731399203593, 4.304763842017026, 3.8636363636363638, 4.788286327112574, 5.999343930301207, 3.4617150481199577, 4.357002533207912, 3.923335568552743, 4.836585777536781, 3.5317333557146933, 4.412838145215363, 3.9868067546814396, 4.888213180618615, 2.0, 3.605551275463989, 4.47213595499958, 4.0538727530006, 4.12435820201306, 4.198090868734115, 4.274902734382356, 4.354630858908177, 4.437118043158827, 4.5222133102210575, 4.6097722286464435, 8.020601485533405, 7.66141012799047, 7.755492068901781], [5.562773089426212, 5.5, 5.562773089426212, 5.74697988318889, 5.9113826169894, 6.112373606964083, 6.346477588219924, 6.610177338350647, 5.508200956553581, 4.208333333333333, 4.125, 4.208333333333333, 4.448977722778322, 4.704776915285526, 2.873489941594445, 2.75, 2.873489941594445, 3.215630230262456, 3.5009919229333337, 3.830614978187068, 4.1940765107205396, 4.583333333333333, 1.6078151151312283, 1.375, 1.6078151151312283, 2.1606486937440286, 0.8333333333333335, 0.0, 0.8333333333333335, 1.6666666666666665, 2.1666666666666665, 2.6666666666666665, 3.1666666666666665, 3.6666666666666665, 0.9718253158075502, 2.223610677354389, 3.2058973436118907, 2.2581858032789053, 3.2299746834091017, 2.300337341013481, 3.259583595460363, 2.349657576208963, 3.294574943565484, 2.4057056451394905, 3.334779300701824, 2.46802322908851, 3.3800106497840816, 2.53614821140831, 3.4300701280823547, 2.6096258206461873, 3.484749669218238, 3.0595932917809696, 3.9616214413349042, 2.6880171465192766, 3.5438354241294796, 3.128705333124923, 4.015237277528897, 5.206100432346968, 2.7709051804102947, 3.607110873283207, 3.2021357083331408, 4.072714871914743, 2.857898693150653, 3.6743595732651895, 3.2795943667296212, 4.133893146129687, 2.1666666666666665, 2.948634335492355, 3.745367509040705, 3.3608027922851664, 3.44549585540652, 3.5334229938205635, 3.624348838003988, 3.7180533923636006, 3.