totalHoles = 80;
zeroHoleID = 60;
C = [[0.0, 1.1666666666666667, 2.3333333333333335, 3.5, 4.0, 4.333333333333333, 0.45833333333333326, 1.2534674130409438, 2.377922178896713, 3.529882355609666, 0.9166666666666665, 1.4837078178970713, 2.5069348260818876, 3.6180488910154014, 4.28498671072748, 4.6097722286464435, 1.375, 1.803257084031867, 2.7083333333333335, 3.760402239122831, 1.833333333333333, 2.1730674684008826, 2.9674156357941426, 3.9510898637098992, 2.2916666666666665, 2.5715456873682454, 3.2705015755317346, 4.183507632491079, 2.75, 2.98724138815582, 3.606514168063734, 4.451123453691214, 3.208333333333333, 3.4138708072932236, 3.9670955650478374, 4.747989340529081, 3.666666666666666, 3.8477987935383977, 4.346134936801765, 5.068968775248516, 4.125, 4.286809549199861, 4.73920557102606, 5.4097712520956005, 4.583333333333333, 4.729487874554237, 5.143091374736491, 5.766883425598652, 5.041666666666666, 5.174892645155925, 5.5554340264485385, 6.1374589837959626, 9.412323546267276, 5.5, 5.622375931144333, 5.97448277631164, 6.519202405202649, 10.507520002596081, 6.0, 6.437735971942655, 7.211102550927978, 6.166666666666667, 6.593346814950827, 7.350359023733316, 6.333333333333333, 6.749485577105529, 7.49073501808141, 6.5, 6.90611645170022, 7.096556285347924, 7.826237921249264, 7.109717227761422, 7.261006970263988, 7.975657409336932, 7.425556469981821, 8.125747828832603, 7.5901983578238, 8.276472678623424, 9.6378008618669, 9.318306451003055], [1.1666666666666667, 0.0, 1.1666666666666667, 2.333333333333333, 2.833333333333333, 3.166666666666666, 1.2534674130409438, 0.45833333333333326, 1.2534674130409438, 2.3779221788967124, 1.4837078178970713, 0.9166666666666665, 1.4837078178970713, 2.506934826081887, 3.1622776601683795, 3.48010216963685, 1.803257084031867, 1.375, 1.803257084031867, 2.708333333333333, 2.1730674684008826, 1.833333333333333, 2.1730674684008826, 2.967415635794142, 2.5715456873682454, 2.2916666666666665, 2.5715456873682454, 3.2705015755317337, 2.98724138815582, 2.75, 2.98724138815582, 3.6065141680637334, 3.4138708072932236, 3.208333333333333, 3.4138708072932236, 3.967095565047837, 3.8477987935383977, 3.666666666666666, 3.8477987935383977, 4.346134936801765, 4.286809549199861, 4.125, 4.286809549199861, 4.73920557102606, 4.729487874554237, 4.583333333333333, 4.729487874554237, 5.143091374736491, 5.174892645155925, 5.041666666666666, 5.174892645155925, 5.555434026448538, 8.453608843682868, 5.622375931144333, 5.5, 5.622375931144333, 5.97448277631164, 9.551210876619235, 6.112373606964083, 6.112373606964083, 6.635343079131461, 6.276056794587577, 6.276056794587577, 6.786424357167444, 6.439893028787219, 6.439893028787219, 6.938219432166216, 6.60387091871965, 6.60387091871965, 7.0, 7.378647873726218, 7.159923830594709, 7.166666666666667, 7.536946036396675, 7.333333333333333, 7.695597587076796, 7.5, 7.8545811119654525, 9.094874986678475, 9.033474044186525], [2.3333333333333335, 1.1666666666666667, 0.0, 1.1666666666666665, 1.6666666666666665, 1.9999999999999996, 2.377922178896713, 1.2534674130409438, 0.45833333333333326, 1.2534674130409436, 2.5069348260818876, 1.4837078178970713, 0.9166666666666665, 1.483707817897071, 2.088327347690278, 2.3863035105460586, 2.7083333333333335, 1.803257084031867, 1.375, 1.8032570840318667, 2.9674156357941426, 2.1730674684008826, 1.833333333333333, 2.1730674684008826, 3.2705015755317346, 2.5715456873682454, 2.2916666666666665, 2.5715456873682454, 3.606514168063734, 2.98724138815582, 2.75, 2.98724138815582, 3.9670955650478374, 3.4138708072932236, 3.208333333333333, 3.4138708072932236, 4.346134936801765, 3.8477987935383977, 3.666666666666666, 3.8477987935383977, 4.73920557102606, 4.286809549199861, 4.125, 4.286809549199861, 5.143091374736491, 4.729487874554237, 4.583333333333333, 4.729487874554237, 5.5554340264485385, 5.174892645155925, 5.041666666666666, 5.174892645155925, 7.553634399849601, 5.97448277631164, 5.622375931144333, 5.5, 5.622375931144333, 8.646704807992734, 6.437735971942655, 6.0, 6.227180564089801, 6.593346814950827, 6.166666666666667, 6.3879226322456, 6.749485577105529, 6.333333333333333, 6.548960901462833, 6.90611645170022, 6.5, 7.096556285347924, 7.096556285347924, 7.396158576134686, 7.261006970263988, 7.261006970263988, 7.425556469981821, 7.425556469981821, 7.5901983578238, 7.5901983578238, 8.675743127585061, 8.893744639992786], [3.5, 2.333333333333333, 1.1666666666666665, 0.0, 0.5, 0.833333333333333, 3.529882355609666, 2.3779221788967124, 1.2534674130409436, 0.45833333333333326, 3.6180488910154014, 2.506934826081887, 1.483707817897071, 0.9166666666666665, 1.2018504251546633, 1.4142135623730951, 3.760402239122831, 2.708333333333333, 1.8032570840318667, 1.375, 3.9510898637098992, 2.967415635794142, 2.1730674684008826, 1.833333333333333, 4.183507632491079, 3.2705015755317337, 2.5715456873682454, 2.2916666666666665, 4.451123453691214, 3.6065141680637334, 2.98724138815582, 2.75, 4.747989340529081, 3.967095565047837, 3.4138708072932236, 3.208333333333333, 5.068968775248516, 4.346134936801765, 3.8477987935383977, 3.666666666666666, 5.4097712520956005, 4.73920557102606, 4.286809549199861, 4.125, 5.766883425598652, 5.143091374736491, 4.729487874554237, 4.583333333333333, 6.1374589837959626, 5.555434026448538, 5.174892645155925, 5.041666666666666, 6.735985824911711, 6.519202405202649, 5.97448277631164, 5.622375931144333, 5.5, 7.812016454520687, 6.946221994724902, 6.112373606964083, 6.020797289396148, 7.090682462060882, 6.276056794587577, 6.1869037310901955, 7.236097782030803, 6.4398930287872185, 6.353039517515306, 7.3824115301167, 6.60387091871965, 7.378647873726218, 7.0, 7.801540638166641, 7.536946036396675, 7.166666666666667, 7.695597587076796, 7.333333333333333, 7.8545811119654525, 7.5, 8.398958794433467, 8.905950615068072], [4.0, 2.833333333333333, 1.6666666666666665, 0.5, 0.0, 0.33333333333333304, 4.026173051974349, 2.870165016549087, 1.7285390427242948, 0.6782841915041544, 4.103690750748377, 2.977928064200939, 1.902118701752221, 1.0441636738451388, 1.0137937550497034, 1.118033988749895, 4.229731078922158, 3.149349580116151, 2.1606486937440286, 1.4630874888399532, 4.400126260814695, 3.374742788552764, 2.477678124553084, 1.9002923751652296, 4.609960532489525, 3.6441067340143714, 2.8336396893198836, 2.345577990839595, 4.8541219597369, 3.948452580160711, 3.215630230262456, 2.7950849718747373, 5.127709310967011, 4.280324818930866, 3.61540876742251, 3.2470606366031687, 5.426273532033235, 4.6338129248192805, 4.0276819911981905, 3.700600551862419, 5.745922467280602, 5.004338395610131, 4.448977722778322, 4.155192534648665, 6.083333333333333, 5.38838772010907, 4.876958296133177, 4.610525397874351, 6.435713074537877, 5.783267290689196, 5.310007585263467, 5.066399389880131, 6.418680390944573, 6.800735254367722, 6.1869037310901955, 5.74697988318889, 5.522680508593631, 7.481528034152411, 7.211102550927978, 6.227180564089801, 6.0, 7.350359023733316, 6.3879226322456, 6.166666666666667, 7.49073501808141, 6.548960901462833, 6.333333333333333, 7.632168761236874, 6.710274046399132, 7.5516738394727945, 7.0178344238090995, 8.02108125569291, 7.706418681131262, 7.184087354084102, 7.861650943380503, 7.350359023733315, 8.017342313870461, 7.516648189186454, 8.327689314155759, 8.95781235849026], [4.333333333333333, 3.166666666666666, 1.9999999999999996, 0.833333333333333, 0.33333333333333304, 0.0, 4.357504701342526, 3.199663610791331, 2.0518453753741883, 0.9510593508761104, 4.4292274219727705, 3.296673407475413, 2.2000631304073472, 1.2388390622765417, 1.0137937550497031, 1.0137937550497034, 4.546251508416332, 3.452303981079559, 2.4270609798684495, 1.6078151151312279, 4.705198071164368, 3.6590830666833574, 2.7131367660166172, 2.013840995599095, 4.90199080873158, 3.908901877623546, 3.0416666666666665, 2.4384791480665884, 5.132278030054273, 4.194076510720539, 3.4003676271838605, 2.873489941594445, 5.391769705352367, 4.507902012639089, 3.780661685178637, 3.3147921838664667, 5.676462121975466, 4.844813951249543, 4.176654695380555, 3.7601713908928254, 5.98275879321386, 5.20032717987799, 4.584280205223062, 4.208333333333333, 6.307513156722086, 5.570881637786089, 5.000694396225833, 4.6584749531245615, 6.648020799873865, 5.953669503386592, 5.4238734109285565, 5.110073113197326, 6.22049336392734, 7.0019838458666674, 6.346477588219923, 5.852349955359813, 5.562773089426212, 7.271965341661348, 7.401201103724839, 6.324555320336759, 6.009252125773315, 7.536946036396675, 6.482883446258908, 6.175669104549635, 7.6739096221475585, 6.641619615057091, 6.342099196813483, 7.81202776350531, 6.800735254367722, 7.682953714410739, 7.0494286608522, 8.181156870670204, 7.8351061823621055, 7.214953607304454, 7.987837977547838, 7.380529941828176, 8.14111649454654, 7.54615428178118, 8.296592919941508, 9.007652891974224], [0.45833333333333326, 1.2534674130409438, 2.377922178896713, 3.529882355609666, 4.026173051974349, 4.357504701342526, 0.0, 1.1666666666666667, 2.3333333333333335, 3.5, 0.45833333333333326, 1.2534674130409438, 2.377922178896713, 3.529882355609666, 4.201727488651411, 4.532483069772879, 0.9166666666666667, 1.4837078178970715, 2.5069348260818876, 3.618048891015402, 1.3749999999999998, 1.8032570840318667, 2.7083333333333335, 3.760402239122831, 1.8333333333333333, 2.173067468400883, 2.967415635794143, 3.9510898637098992, 2.291666666666667, 2.571545687368246, 3.2705015755317346, 4.18350763249108, 2.75, 2.98724138815582, 3.606514168063734, 4.451123453691214, 3.208333333333333, 3.4138708072932236, 3.9670955650478374, 4.747989340529081, 3.666666666666667, 3.8477987935383986, 4.346134936801766, 5.068968775248517, 4.125, 4.286809549199861, 4.73920557102606, 5.4097712520956005, 4.583333333333333, 4.729487874554237, 5.143091374736491, 5.766883425598652, 9.173096333672538, 5.041666666666667, 5.174892645155926, 5.555434026448539, 6.137458983795963, 10.264543537079346, 5.541666666666667, 6.012862370692422, 6.834476530389467, 5.708333333333334, 6.166807430825847, 6.970299092897266, 5.875, 6.321397744521732, 7.10743448791475, 6.041666666666667, 6.476587107076964, 6.644886296159544, 7.419124124704869, 6.651753956975024, 6.80902689245844, 7.566487699792495, 6.973287324577348, 7.714637062104736, 7.137659319101435, 7.863527798923614, 9.247300438997762, 8.882606558681498], [1.2534674130409438, 0.45833333333333326, 1.2534674130409438, 2.3779221788967124, 2.870165016549087, 3.199663610791331, 1.1666666666666667, 0.0, 1.1666666666666667, 2.333333333333333, 1.2534674130409438, 0.45833333333333326, 1.2534674130409438, 2.3779221788967124, 3.0485082873067246, 3.377056986325355, 1.4837078178970715, 0.9166666666666667, 1.4837078178970715, 2.506934826081887, 1.8032570840318667, 1.3749999999999998, 1.8032570840318667, 2.708333333333333, 2.173067468400883, 1.8333333333333333, 2.173067468400883, 2.967415635794142, 2.571545687368246, 2.291666666666667, 2.571545687368246, 3.270501575531734, 2.98724138815582, 2.75, 2.98724138815582, 3.6065141680637334, 3.4138708072932236, 3.208333333333333, 3.4138708072932236, 3.967095565047837, 3.8477987935383986, 3.666666666666667, 3.8477987935383986, 4.346134936801766, 4.286809549199861, 4.125, 4.286809549199861, 4.73920557102606, 4.729487874554237, 4.583333333333333, 4.729487874554237, 5.143091374736491, 8.186413395939175, 5.174892645155926, 5.041666666666667, 5.174892645155926, 5.5554340264485385, 9.28323793884926, 5.663142286359716, 5.663142286359716, 6.223973587847415, 5.826335087819406, 5.826335087819406, 6.3728209783597585, 5.989719201357532, 5.989719201357532, 6.522530396845827, 6.153279387629188, 6.153279387629188, 6.541666666666667, 6.945347163549294, 6.705390436456578, 6.708333333333334, 7.102547469433454, 6.875, 7.26017006993944, 7.041666666666667, 7.418188046207032, 8.679983351331709, 8.583327878423269], [2.377922178896713, 1.2534674130409438, 0.45833333333333326, 1.2534674130409436, 1.7285390427242948, 2.0518453753741883, 2.3333333333333335, 1.1666666666666667, 0.0, 1.1666666666666665, 2.377922178896713, 1.2534674130409438, 0.45833333333333326, 1.2534674130409436, 1.911678291159077, 2.2333488805428994, 2.5069348260818876, 1.4837078178970715, 0.9166666666666667, 1.483707817897071, 2.7083333333333335, 1.8032570840318667, 1.3749999999999998, 1.8032570840318665, 2.967415635794143, 2.173067468400883, 1.8333333333333333, 2.1730674684008826, 3.2705015755317346, 2.571545687368246, 2.291666666666667, 2.571545687368246, 3.606514168063734, 2.98724138815582, 2.75, 2.98724138815582, 3.9670955650478374, 3.4138708072932236, 3.208333333333333, 3.4138708072932236, 4.346134936801766, 3.8477987935383986, 3.666666666666667, 3.8477987935383986, 4.73920557102606, 4.286809549199861, 4.125, 4.286809549199861, 5.143091374736491, 4.729487874554237, 4.583333333333333, 4.729487874554237, 7.253361596791546, 5.555434026448539, 5.174892645155926, 5.041666666666667, 5.174892645155926, 8.349753376969007, 6.012862370692422, 5.541666666666667, 5.786868516064818, 6.166807430825847, 5.708333333333334, 5.946666900224211, 6.321397744521732, 5.875, 6.10683246681762, 6.476587107076964, 6.041666666666667, 6.644886296159544, 6.644886296159543, 6.957076492948457, 6.80902689245844, 6.809026892458439, 6.973287324577348, 6.973287324577348, 7.137659319101435, 7.137659319101434, 8.239774194231616, 8.436145914037217], [3.529882355609666, 2.3779221788967124, 1.2534674130409436, 0.45833333333333326, 0.6782841915041544, 0.9510593508761104, 3.5, 2.333333333333333, 1.1666666666666665, 0.0, 3.529882355609666, 2.3779221788967124, 1.2534674130409436, 0.45833333333333326, 0.8589803386703463, 1.1372786719963484, 3.618048891015402, 2.506934826081887, 1.483707817897071, 0.9166666666666667, 3.760402239122831, 2.708333333333333, 1.8032570840318665, 1.3749999999999998, 3.9510898637098992, 2.967415635794142, 2.1730674684008826, 1.8333333333333333, 4.18350763249108, 3.270501575531734, 2.571545687368246, 2.291666666666667, 4.451123453691214, 3.6065141680637334, 2.98724138815582, 2.75, 4.747989340529081, 3.967095565047837, 3.4138708072932236, 3.208333333333333, 5.068968775248517, 4.346134936801766, 3.8477987935383986, 3.666666666666667, 5.4097712520956005, 4.73920557102606, 4.286809549199861, 4.125, 5.766883425598652, 5.143091374736491, 4.729487874554237, 4.583333333333333, 6.397450026426988, 6.137458983795963, 5.5554340264485385, 5.174892645155926, 5.041666666666667, 7.482010325129378, 6.554393140821234, 5.663142286359716, 5.564177337616447, 6.695899449995083, 5.826335087819405, 5.730189302670938, 6.838539683294965, 5.989719201357532, 5.896238207535378, 6.982244346276569, 6.153279387629188, 6.945347163549294, 6.541666666666667, 7.386595154357039, 7.102547469433454, 6.708333333333334, 7.26017006993944, 6.875, 7.418188046207032, 7.041666666666667, 7.947821637824867, 8.44901299085034], [0.9166666666666665, 1.4837078178970713, 2.5069348260818876, 3.6180488910154014, 4.103690750748377, 4.4292274219727705, 0.45833333333333326, 1.2534674130409438, 2.377922178896713, 3.529882355609666, 0.0, 1.1666666666666667, 2.3333333333333335, 3.5, 4.1674999166833295, 4.500771538796926, 0.4583333333333335, 1.2534674130409438, 2.377922178896713, 3.529882355609666, 0.9166666666666665, 1.4837078178970713, 2.5069348260818876, 3.6180488910154014, 1.375, 1.803257084031867, 2.7083333333333335, 3.760402239122831, 1.8333333333333335, 2.173067468400883, 2.967415635794143, 3.9510898637098992, 2.2916666666666665, 2.5715456873682454, 3.2705015755317346, 4.183507632491079, 2.7499999999999996, 2.98724138815582, 3.6065141680637334, 4.451123453691213, 3.2083333333333335, 3.413870807293224, 3.967095565047838, 4.747989340529081, 3.6666666666666665, 3.847798793538398, 4.346134936801766, 5.068968775248516, 4.125, 4.286809549199861, 4.73920557102606, 5.4097712520956005, 8.950960677097436, 4.583333333333334, 4.729487874554238, 5.143091374736492, 5.766883425598652, 10.03662644184424, 5.083333333333334, 5.593274731516612, 6.468406123441677, 5.25, 5.745167051047727, 6.600189391222043, 5.416666666666666, 5.897857426406832, 6.733518974338587, 5.583333333333334, 6.0512854465440284, 6.194195311382711, 7.018329177549629, 6.193845432235705, 6.357956520070825, 7.163274390947201, 6.521864934374386, 7.309145716915972, 6.685909727844738, 7.455888798646194, 8.863298723052436, 8.449301883987038], [1.4837078178970713, 0.9166666666666665, 1.4837078178970713, 2.506934826081887, 2.977928064200939, 3.296673407475413, 1.2534674130409438, 0.45833333333333326, 1.2534674130409438, 2.3779221788967124, 1.1666666666666667, 0.0, 1.1666666666666667, 2.333333333333333, 3.0011571842281843, 3.334374837290426, 1.2534674130409438, 0.4583333333333335, 1.2534674130409438, 2.3779221788967124, 1.4837078178970713, 0.9166666666666665, 1.4837078178970713, 2.506934826081887, 1.803257084031867, 1.375, 1.803257084031867, 2.708333333333333, 2.173067468400883, 1.8333333333333335, 2.173067468400883, 2.967415635794142, 2.5715456873682454, 2.2916666666666665, 2.5715456873682454, 3.2705015755317337, 2.98724138815582, 2.7499999999999996, 2.98724138815582, 3.606514168063733, 3.413870807293224, 3.2083333333333335, 3.413870807293224, 3.9670955650478374, 3.847798793538398, 3.6666666666666665, 3.847798793538398, 4.346134936801765, 4.286809549199861, 4.125, 4.286809549199861, 4.73920557102606, 7.936709959757911, 4.729487874554238, 4.583333333333334, 4.729487874554238, 5.143091374736492, 9.030588183380958, 5.215495076106284, 5.215495076106284, 5.819626753972763, 5.378067600087517, 5.378067600087517, 5.965758776365147, 5.540883403293096, 5.540883403293096, 6.112941645031102, 5.703921652882535, 5.703921652882535, 6.083333333333334, 6.51547303646396, 6.251411955679896, 6.25, 6.671352519875144, 6.416666666666666, 6.827741614586447, 6.583333333333334, 6.984606089266754, 8.269680152482946, 8.134096170991185], [2.5069348260818876, 1.4837078178970713, 0.9166666666666665, 1.483707817897071, 1.902118701752221, 2.2000631304073472, 2.377922178896713, 1.2534674130409438, 0.45833333333333326, 1.2534674130409436, 2.3333333333333335, 1.1666666666666667, 0.0, 1.1666666666666665, 1.8352262954621035, 2.1682686385429477, 2.377922178896713, 1.2534674130409438, 0.4583333333333335, 1.2534674130409436, 2.5069348260818876, 1.4837078178970713, 0.9166666666666665, 1.483707817897071, 2.7083333333333335, 1.803257084031867, 1.375, 1.8032570840318667, 2.967415635794143, 2.173067468400883, 1.8333333333333335, 2.173067468400883, 3.2705015755317346, 2.5715456873682454, 2.2916666666666665, 2.5715456873682454, 3.6065141680637334, 2.98724138815582, 2.7499999999999996, 2.9872413881558195, 3.967095565047838, 3.413870807293224, 3.2083333333333335, 3.413870807293224, 4.346134936801766, 3.847798793538398, 3.6666666666666665, 3.847798793538398, 4.73920557102606, 4.286809549199861, 4.125, 4.286809549199861, 6.970312414082919, 5.143091374736492, 4.729487874554238, 4.583333333333334, 4.729487874554238, 8.067924005884963, 5.593274731516612, 5.083333333333334, 5.349584615234678, 5.745167051047727, 5.25, 5.508200956553581, 5.897857426406832, 5.416666666666666, 5.667279378639767, 6.0512854465440284, 5.583333333333334, 6.194195311382711, 6.19419531138271, 6.520644436175784, 6.357956520070825, 6.357956520070825, 6.521864934374386, 6.521864934374386, 6.685909727844738, 6.685909727844738, 7.806367760802717, 7.978631520088028], [3.6180488910154014, 2.506934826081887, 1.483707817897071, 0.9166666666666665, 1.0441636738451388, 1.2388390622765417, 3.529882355609666, 2.3779221788967124, 1.2534674130409436, 0.45833333333333326, 3.5, 2.333333333333333, 1.1666666666666665, 0.0, 0.6718548123582128, 1.0034662148993578, 3.529882355609666, 2.3779221788967124, 1.2534674130409436, 0.4583333333333335, 3.6180488910154014, 2.506934826081887, 1.483707817897071, 0.9166666666666665, 3.760402239122831, 2.708333333333333, 1.8032570840318667, 1.375, 3.9510898637098992, 2.967415635794142, 2.173067468400883, 1.8333333333333335, 4.183507632491079, 3.2705015755317337, 2.5715456873682454, 2.2916666666666665, 4.451123453691213, 3.606514168063733, 2.9872413881558195, 2.7499999999999996, 4.747989340529081, 3.9670955650478374, 3.413870807293224, 3.2083333333333335, 5.068968775248516, 4.346134936801765, 3.847798793538398, 3.6666666666666665, 5.4097712520956005, 4.73920557102606, 4.286809549199861, 4.125, 6.074649581394693, 5.766883425598652, 5.143091374736492, 4.729487874554238, 4.583333333333334, 7.166135277391306, 6.171732153761842, 5.215495076106284, 5.107864306907318, 6.309714732061981, 5.378067600087517, 5.273755777432247, 6.449052471315284, 5.540883403293096, 5.4396946401225295, 6.5896594078230715, 5.703921652882535, 6.51547303646396, 6.083333333333334, 6.977082377947469, 6.671352519875144, 6.25, 6.827741614586447, 6.416666666666666, 6.984606089266754, 6.583333333333334, 7.497557444371592, 7.99223520487061], [4.28498671072748, 3.1622776601683795, 2.088327347690278, 1.2018504251546633, 1.0137937550497034, 1.0137937550497031, 4.201727488651411, 3.0485082873067246, 1.911678291159077, 0.8589803386703463, 4.1674999166833295, 3.0011571842281843, 1.8352262954621035, 0.6718548123582128, 0.0, 0.33333333333333304, 4.18350763249108, 3.023346655611956, 1.8712926310738018, 0.7648983229452427, 4.249182927993988, 3.1135902820449006, 2.0138409955990952, 1.0671873729054748, 4.362283105082577, 3.266252099544335, 2.242657773466315, 1.4535636285427007, 4.5192489543187495, 3.473110997362451, 2.5344843876242584, 1.8726837545203527, 4.715702198212078, 3.725149139445441, 2.870165016549087, 2.306768422611068, 4.94694069321861, 4.013864859597431, 3.236081306491266, 2.7487370837451066, 5.208333333333334, 4.331930862790864, 3.6230837847213953, 3.1953199283396403, 5.495579031265849, 4.6733582976033174, 4.025094891911107, 3.6448212881048394, 5.804841130948853, 5.033395419043138, 4.4380379173183675, 4.096280494410617, 5.546189824274287, 6.132789830991366, 5.408326913195984, 4.85912657903775, 4.549114687985393, 6.6279224426106484, 6.508541396588879, 5.325515102890153, 5.002777006601211, 6.637435917246626, 5.482294734466175, 5.169354139756941, 6.7679801680823175, 5.639641438562877, 5.3359368645273735, 6.900080514828151, 5.797509043642029, 6.708203932499369, 6.036923425424944, 7.2386507699274825, 6.857680203813661, 6.202598021976132, 7.0079320138762125, 6.368324391514267, 7.158910531638177, 6.534098594637553, 7.315442355242528, 7.99386519578142], [4.6097722286464435, 3.48010216963685, 2.3863035105460586, 1.4142135623730951, 1.118033988749895, 1.0137937550497034, 4.532483069772879, 3.377056986325355, 2.2333488805428994, 1.1372786719963484, 4.500771538796926, 3.334374837290426, 2.1682686385429477, 1.0034662148993578, 0.33333333333333304, 0.0, 4.5155979670471105, 3.3543607604297887, 2.1988791336597933, 1.0680004681646913, 4.576510072581994, 3.4359213546813834, 2.321398046197353, 1.3017082793177757, 4.681709386300882, 3.574844596466941, 2.5224684779442184, 1.6335246486593882, 4.828301978956992, 3.7647856660255057, 2.7851291611780673, 2.0155644370746373, 5.012657589653528, 3.99848061421113, 3.0937324634744283, 2.424198034631476, 5.2307849421584045, 4.268749491621898, 3.4359213546813834, 2.8480012484391763, 5.478651750202782, 4.569106708221105, 3.802639799460954, 3.281101187101672, 5.752414951807438, 4.894015620008674, 4.187448175467037, 3.720252380924952, 6.048559286676824, 5.238910245037182, 4.585794793586918, 4.163540493911935, 5.326012805801583, 6.363961030678928, 5.600099205470481, 4.994441354590566, 4.6097722286464435, 6.399115971826768, 6.726812023536855, 5.449260908090605, 5.024937810560445, 6.851601597031489, 5.602578771323871, 5.190803834132479, 6.97814047181944, 5.7566386797235145, 5.3567195599960655, 7.106335201775948, 5.9113826169894, 6.863753427324666, 6.082762530298219, 7.423123285529414, 7.009913614937696, 6.24722160466377, 7.156970184527962, 6.411794687223781, 7.304869000270375, 6.576473218982953, 7.2876507003359485, 8.056574970284046], [1.375, 1.803257084031867, 2.7083333333333335, 3.760402239122831, 4.229731078922158, 4.546251508416332, 0.9166666666666667, 1.4837078178970715, 2.5069348260818876, 3.618048891015402, 0.4583333333333335, 1.2534674130409438, 2.377922178896713, 3.529882355609666, 4.18350763249108, 4.5155979670471105, 0.0, 1.1666666666666667, 2.3333333333333335, 3.5, 0.45833333333333304, 1.2534674130409436, 2.3779221788967124, 3.529882355609666, 0.9166666666666665, 1.4837078178970713, 2.5069348260818876, 3.6180488910154014, 1.375, 1.803257084031867, 2.7083333333333335, 3.760402239122831, 1.833333333333333, 2.1730674684008826, 2.9674156357941426, 3.9510898637098992, 2.291666666666666, 2.571545687368245, 3.2705015755317337, 4.183507632491079, 2.75, 2.98724138815582, 3.606514168063734, 4.451123453691214, 3.208333333333333, 3.4138708072932236, 3.9670955650478374, 4.747989340529081, 3.666666666666666, 3.8477987935383977, 4.346134936801765, 5.068968775248516, 8.74721879387623, 4.125, 4.286809549199861, 4.73920557102606, 5.4097712520956005, 9.82481681918525, 4.625, 5.180257661974397, 6.114787404317505, 4.791666666666667, 5.3295885290413265, 6.241800176587235, 4.958333333333333, 5.479919149849648, 6.3706412114044255, 5.125, 5.631169456200412, 5.744713753626991, 6.625, 5.736004764782733, 5.908004222145486, 6.767082294296248, 6.071478174400549, 6.9102630999920045, 6.235121178542652, 7.054475529761231, 8.48667791234748, 8.018780721908483], [1.803257084031867, 1.375, 1.803257084031867, 2.708333333333333, 3.149349580116151, 3.452303981079559, 1.4837078178970715, 0.9166666666666667, 1.4837078178970715, 2.506934826081887, 1.2534674130409438, 0.4583333333333335, 1.2534674130409438, 2.3779221788967124, 3.023346655611956, 3.3543607604297887, 1.1666666666666667, 0.0, 1.1666666666666667, 2.333333333333333, 1.2534674130409436, 0.45833333333333304, 1.2534674130409436, 2.377922178896712, 1.4837078178970713, 0.9166666666666665, 1.4837078178970713, 2.506934826081887, 1.803257084031867, 1.375, 1.803257084031867, 2.708333333333333, 2.1730674684008826, 1.833333333333333, 2.1730674684008826, 2.967415635794142, 2.571545687368245, 2.291666666666666, 2.571545687368245, 3.2705015755317333, 2.98724138815582, 2.75, 2.98724138815582, 3.6065141680637334, 3.4138708072932236, 3.208333333333333, 3.4138708072932236, 3.967095565047837, 3.8477987935383977, 3.666666666666666, 3.8477987935383977, 4.346134936801765, 7.706199100095803, 4.286809549199861, 4.125, 4.286809549199861, 4.73920557102606, 8.794582317270002, 4.769877997508019, 4.769877997508019, 5.423873410928557, 4.9316508955476115, 4.9316508955476115, 5.566672904188122, 5.093739349000453, 5.093739349000453, 5.710765905044806, 5.256114164581199, 5.256114164581199, 5.625, 6.089751180831976, 5.798118734796715, 5.791666666666667, 6.244024921652877, 5.958333333333333, 6.39892026482246, 6.125, 6.554393140821234, 7.86468356377, 7.6859392697469096], [2.7083333333333335, 1.803257084031867, 1.375, 1.8032570840318667, 2.1606486937440286, 2.4270609798684495, 2.5069348260818876, 1.4837078178970715, 0.9166666666666667, 1.483707817897071, 2.377922178896713, 1.2534674130409438, 0.4583333333333335, 1.2534674130409436, 1.8712926310738018, 2.1988791336597933, 2.3333333333333335, 1.1666666666666667, 0.0, 1.1666666666666665, 2.3779221788967124, 1.2534674130409436, 0.45833333333333304, 1.2534674130409433, 2.5069348260818876, 1.4837078178970713, 0.9166666666666665, 1.483707817897071, 2.7083333333333335, 1.803257084031867, 1.375, 1.8032570840318667, 2.9674156357941426, 2.1730674684008826, 1.833333333333333, 2.1730674684008826, 3.2705015755317337, 2.571545687368245, 2.291666666666666, 2.571545687368245, 3.606514168063734, 2.98724138815582, 2.75, 2.98724138815582, 3.9670955650478374, 3.4138708072932236, 3.208333333333333, 3.4138708072932236, 4.346134936801765, 3.8477987935383977, 3.666666666666666, 3.8477987935383977, 6.706667930866668, 4.73920557102606, 4.286809549199861, 4.125, 4.286809549199861, 7.802855436451024, 5.180257661974397, 4.625, 4.9161369771170715, 5.3295885290413265, 4.791666666666667, 5.073248192452467, 5.479919149849648, 4.958333333333333, 5.230950890824939, 5.631169456200412, 5.125, 5.744713753626991, 5.744713753626991, 6.087432405063183, 5.908004222145486, 5.908004222145486, 6.071478174400549, 6.071478174400548, 6.235121178542652, 6.235121178542652, 7.375975552478711, 7.521216847867532], [3.760402239122831, 2.708333333333333, 1.8032570840318667, 1.375, 1.4630874888399532, 1.6078151151312279, 3.618048891015402, 2.506934826081887, 1.483707817897071, 0.9166666666666667, 3.529882355609666, 2.3779221788967124, 1.2534674130409436, 0.4583333333333335, 0.7648983229452427, 1.0680004681646913, 3.5, 2.333333333333333, 1.1666666666666665, 0.0, 3.529882355609666, 2.377922178896712, 1.2534674130409433, 0.45833333333333304, 3.6180488910154014, 2.506934826081887, 1.483707817897071, 0.9166666666666665, 3.760402239122831, 2.708333333333333, 1.8032570840318667, 1.375, 3.9510898637098992, 2.967415635794142, 2.1730674684008826, 1.833333333333333, 4.183507632491079, 3.2705015755317333, 2.571545687368245, 2.291666666666666, 4.451123453691214, 3.6065141680637334, 2.98724138815582, 2.75, 4.747989340529081, 3.967095565047837, 3.4138708072932236, 3.208333333333333, 5.068968775248516, 4.346134936801765, 3.8477987935383977, 3.666666666666666, 5.770225916004993, 5.4097712520956005, 4.73920557102606, 4.286809549199861, 4.125, 6.866341821617286, 5.800053879060091, 4.769877997508019, 4.651948516482099, 5.933807331254061, 4.9316508955476115, 4.817682995428865, 6.06919018028307, 5.093739349000453, 4.983479652255484, 6.206095793653205, 5.256114164581199, 6.089751180831976, 5.625, 6.5740176400621415, 6.244024921652877, 5.791666666666667, 6.39892026482246, 5.958333333333333, 6.554393140821234, 6.125, 7.0483335169042265, 7.535646323261023], [1.833333333333333, 2.1730674684008826, 2.9674156357941426, 3.9510898637098992, 4.400126260814695, 4.705198071164368, 1.3749999999999998, 1.8032570840318667, 2.7083333333333335, 3.760402239122831, 0.9166666666666665, 1.4837078178970713, 2.5069348260818876, 3.6180488910154014, 4.249182927993988, 4.576510072581994, 0.45833333333333304, 1.2534674130409436, 2.3779221788967124, 3.529882355609666, 0.0, 1.1666666666666667, 2.3333333333333335, 3.5, 0.4583333333333335, 1.2534674130409438, 2.377922178896713, 3.529882355609666, 0.916666666666667, 1.4837078178970715, 2.5069348260818876, 3.618048891015402, 1.375, 1.803257084031867, 2.7083333333333335, 3.760402239122831, 1.833333333333333, 2.1730674684008826, 2.9674156357941426, 3.9510898637098992, 2.291666666666667, 2.571545687368246, 3.2705015755317346, 4.18350763249108, 2.75, 2.98724138815582, 3.606514168063734, 4.451123453691214, 3.208333333333333, 3.4138708072932236, 3.9670955650478374, 4.747989340529081, 8.56318370127766, 3.666666666666667, 3.8477987935383986, 4.346134936801766, 5.068968775248517, 9.630177548563301, 4.166666666666667, 4.775516260631468, 5.7759078170544855, 4.333333333333334, 4.921607686744467, 5.897268670984712, 4.5, 5.068968775248517, 6.020797289396148, 4.666666666666667, 5.21749194749951, 5.296749527356901, 6.240548408949685, 5.278249612672957, 5.4594464513864, 6.379219736334879, 5.622375931144333, 6.519202405202649, 5.785518319236594, 6.660413734229362, 8.1184652866585, 7.591516653096682], [2.1730674684008826, 1.833333333333333, 2.1730674684008826, 2.967415635794142, 3.374742788552764, 3.6590830666833574, 1.8032570840318667, 1.3749999999999998, 1.8032570840318667, 2.708333333333333, 1.4837078178970713, 0.9166666666666665, 1.4837078178970713, 2.506934826081887, 3.1135902820449006, 3.4359213546813834, 1.2534674130409436, 0.45833333333333304, 1.2534674130409436, 2.377922178896712, 1.1666666666666667, 0.0, 1.1666666666666667, 2.333333333333333, 1.2534674130409438, 0.4583333333333335, 1.2534674130409438, 2.3779221788967124, 1.4837078178970715, 0.916666666666667, 1.4837078178970715, 2.506934826081887, 1.803257084031867, 1.375, 1.803257084031867, 2.708333333333333, 2.1730674684008826, 1.833333333333333, 2.1730674684008826, 2.967415635794142, 2.571545687368246, 2.291666666666667, 2.571545687368246, 3.270501575531734, 2.98724138815582, 2.75, 2.98724138815582, 3.6065141680637334, 3.4138708072932236, 3.208333333333333, 3.4138708072932236, 3.967095565047837, 7.496651455430163, 3.8477987935383986, 3.666666666666667, 3.8477987935383986, 4.346134936801766, 8.576594441941717, 4.32691832858239, 4.32691832858239, 5.0387388192769915, 4.487637339278754, 4.487637339278754, 5.177408189003023, 4.648775226993784, 4.648775226993784, 5.317685377847939, 4.810289896553938, 4.810289896553938, 5.166666666666667, 5.669117117231649, 5.345685098738295, 5.333333333333334, 5.821416398857661, 5.5, 5.97448277631164, 5.666666666666667, 6.128258770283412, 7.465857230150233, 7.239056795358824], [2.9674156357941426, 2.1730674684008826, 1.833333333333333, 2.1730674684008826, 2.477678124553084, 2.7131367660166172, 2.7083333333333335, 1.8032570840318667, 1.3749999999999998, 1.8032570840318665, 2.5069348260818876, 1.4837078178970713, 0.9166666666666665, 1.483707817897071, 2.0138409955990952, 2.321398046197353, 2.3779221788967124, 1.2534674130409436, 0.45833333333333304, 1.2534674130409433, 2.3333333333333335, 1.1666666666666667, 0.0, 1.1666666666666665, 2.377922178896713, 1.2534674130409438, 0.4583333333333335, 1.2534674130409436, 2.5069348260818876, 1.4837078178970715, 0.916666666666667, 1.4837078178970715, 2.7083333333333335, 1.803257084031867, 1.375, 1.8032570840318667, 2.9674156357941426, 2.1730674684008826, 1.833333333333333, 2.1730674684008826, 3.2705015755317346, 2.571545687368246, 2.291666666666667, 2.571545687368246, 3.606514168063734, 2.98724138815582, 2.75, 2.98724138815582, 3.9670955650478374, 3.4138708072932236, 3.208333333333333, 3.4138708072932236, 6.464802642679915, 4.346134936801766, 3.8477987935383986, 3.666666666666667, 3.8477987935383986, 7.556311735791517, 4.775516260631468, 4.166666666666667, 4.487637339278754, 4.921607686744467, 4.333333333333334, 4.642796092394707, 5.068968775248517, 4.5, 4.7987266829626565, 5.21749194749951, 4.666666666666667, 5.296749527356901, 5.296749527356901, 5.658180060610065, 5.4594464513864, 5.4594464513864, 5.622375931144333, 5.622375931144333, 5.785518319236594, 5.785518319236594, 6.949157644888778, 7.063921269439483], [3.9510898637098992, 2.967415635794142, 2.1730674684008826, 1.833333333333333, 1.9002923751652296, 2.013840995599095, 3.760402239122831, 2.708333333333333, 1.8032570840318665, 1.3749999999999998, 3.6180488910154014, 2.506934826081887, 1.483707817897071, 0.9166666666666665, 1.0671873729054748, 1.3017082793177757, 3.529882355609666, 2.377922178896712, 1.2534674130409433, 0.45833333333333304, 3.5, 2.333333333333333, 1.1666666666666665, 0.0, 3.529882355609666, 2.3779221788967124, 1.2534674130409436, 0.4583333333333335, 3.618048891015402, 2.506934826081887, 1.4837078178970715, 0.916666666666667, 3.760402239122831, 2.708333333333333, 1.8032570840318667, 1.375, 3.9510898637098992, 2.967415635794142, 2.1730674684008826, 1.833333333333333, 4.18350763249108, 3.270501575531734, 2.571545687368246, 2.291666666666667, 4.451123453691214, 3.6065141680637334, 2.98724138815582, 2.75, 4.747989340529081, 3.967095565047837, 3.4138708072932236, 3.208333333333333, 5.487238430724648, 5.068968775248517, 4.346134936801766, 3.8477987935383986, 3.666666666666667, 6.584826808474003, 5.441609239104836, 4.32691832858239, 4.196559437338058, 5.570258322356135, 4.487637339278754, 4.362084109434134, 5.70087712549569, 4.648775226993784, 4.527692569068709, 5.833333333333334, 4.810289896553938, 5.669117117231649, 5.166666666666667, 6.178662981901523, 5.821416398857661, 5.333333333333334, 5.97448277631164, 5.5, 6.128258770283412, 5.666666666666667, 6.6003622618965405, 7.0792828971210415], [2.2916666666666665, 2.5715456873682454, 3.2705015755317346, 4.183507632491079, 4.609960532489525, 4.90199080873158, 1.8333333333333333, 2.173067468400883, 2.967415635794143, 3.9510898637098992, 1.375, 1.803257084031867, 2.7083333333333335, 3.760402239122831, 4.362283105082577, 4.681709386300882, 0.9166666666666665, 1.4837078178970713, 2.5069348260818876, 3.6180488910154014, 0.4583333333333335, 1.2534674130409438, 2.377922178896713, 3.529882355609666, 0.0, 1.1666666666666667, 2.3333333333333335, 3.5, 0.4583333333333335, 1.2534674130409438, 2.377922178896713, 3.529882355609666, 0.9166666666666665, 1.4837078178970713, 2.5069348260818876, 3.6180488910154014, 1.3749999999999996, 1.8032570840318665, 2.7083333333333335, 3.7604022391228304, 1.8333333333333335, 2.173067468400883, 2.967415635794143, 3.9510898637098992, 2.2916666666666665, 2.5715456873682454, 3.2705015755317346, 4.183507632491079, 2.7499999999999996, 2.98724138815582, 3.6065141680637334, 4.451123453691213, 8.400150740588057, 3.2083333333333335, 3.413870807293224, 3.967095565047838, 4.747989340529081, 9.453769226718457, 3.7083333333333335, 4.381344605889333, 5.454515204040696, 3.8750000000000004, 4.523280827501698, 5.5691673524863665, 4.041666666666666, 4.666852674864387, 5.686393359981742, 4.208333333333334, 4.811913744955213, 4.850723027435074, 5.866719933470302, 4.820604337076742, 5.012657589653528, 6.001301942078902, 5.174892645155925, 6.1374589837959626, 5.337400792728819, 6.275088534125325, 7.7598578674045635, 7.168092131894389], [2.5715456873682454, 2.2916666666666665, 2.5715456873682454, 3.2705015755317337, 3.6441067340143714, 3.908901877623546, 2.173067468400883, 1.8333333333333333, 2.173067468400883, 2.967415635794142, 1.803257084031867, 1.375, 1.803257084031867, 2.708333333333333, 3.266252099544335, 3.574844596466941, 1.4837078178970713, 0.9166666666666665, 1.4837078178970713, 2.506934826081887, 1.2534674130409438, 0.4583333333333335, 1.2534674130409438, 2.3779221788967124, 1.1666666666666667, 0.0, 1.1666666666666667, 2.333333333333333, 1.2534674130409438, 0.4583333333333335, 1.2534674130409438, 2.3779221788967124, 1.4837078178970713, 0.9166666666666665, 1.4837078178970713, 2.506934826081887, 1.8032570840318665, 1.3749999999999996, 1.8032570840318665, 2.708333333333333, 2.173067468400883, 1.8333333333333335, 2.173067468400883, 2.967415635794142, 2.5715456873682454, 2.2916666666666665, 2.5715456873682454, 3.2705015755317337, 2.98724138815582, 2.7499999999999996, 2.98724138815582, 3.606514168063733, 7.30987006772199, 3.413870807293224, 3.2083333333333335, 3.413870807293224, 3.9670955650478374, 8.378031105023528, 3.887524562266099, 3.887524562266099, 4.666852674864388, 4.046818022979426, 4.046818022979426, 4.800354442932082, 4.206682844659857, 4.206682844659857, 4.935873501440471, 4.367056280328382, 4.367056280328382, 4.708333333333334, 5.254792785850097, 4.894349433360223, 4.875, 5.404634071280353, 5.041666666666666, 5.555434026448538, 5.208333333333334, 5.7071166586600945, 7.074244814298408, 6.793700243866576], [3.2705015755317346, 2.5715456873682454, 2.2916666666666665, 2.5715456873682454, 2.8336396893198836, 3.0416666666666665, 2.967415635794143, 2.173067468400883, 1.8333333333333333, 2.1730674684008826, 2.7083333333333335, 1.803257084031867, 1.375, 1.8032570840318667, 2.242657773466315, 2.5224684779442184, 2.5069348260818876, 1.4837078178970713, 0.9166666666666665, 1.483707817897071, 2.377922178896713, 1.2534674130409438, 0.4583333333333335, 1.2534674130409436, 2.3333333333333335, 1.1666666666666667, 0.0, 1.1666666666666665, 2.377922178896713, 1.2534674130409438, 0.4583333333333335, 1.2534674130409436, 2.5069348260818876, 1.4837078178970713, 0.9166666666666665, 1.483707817897071, 2.7083333333333335, 1.8032570840318665, 1.3749999999999996, 1.8032570840318665, 2.967415635794143, 2.173067468400883, 1.8333333333333335, 2.173067468400883, 3.2705015755317346, 2.5715456873682454, 2.2916666666666665, 2.5715456873682454, 3.6065141680637334, 2.98724138815582, 2.7499999999999996, 2.9872413881558195, 6.247246639246439, 3.967095565047838, 3.413870807293224, 3.2083333333333335, 3.413870807293224, 7.330162346337005, 4.381344605889333, 3.7083333333333335, 4.065650487792684, 4.523280827501698, 3.8750000000000004, 4.218222703672458, 4.666852674864387, 4.041666666666666, 4.371824244205412, 4.811913744955213, 4.208333333333334, 4.850723027435074, 4.850723027435074, 5.233861748197616, 5.012657589653528, 5.012657589653528, 5.174892645155925, 5.174892645155925, 5.337400792728819, 5.337400792728819, 