totalHoles = 80;
zeroHoleID = 11;
C = [[0.0, 5.273755777432247, 3.400367627183861, 2.9872413881558204, 2.7701283564324437, 2.7950849718747373, 4.0508773664499556, 3.7108918805494238, 3.5384627381290366, 3.558034209787271, 4.738241208725672, 4.451071878006153, 4.308368700932782, 4.324457162704483, 5.448528878711093, 5.200728607922151, 5.079131623935323, 5.092785774225023, 6.173833412739969, 5.9562849259732005, 5.850412816150291, 5.862270806459256, 6.5, 6.909427324345573, 6.715749925475511, 6.62203118850435, 6.632509777634197, 8.533024082938006, 7.343269783353402, 7.257658789934335, 7.267220926874317, 7.652343939512589, 7.4779327945433, 7.393881178359993, 7.4032673711406, 8.121269351810245, 8.032696549997997, 8.233080293007662, 8.156813784261052, 8.16532301871763, 8.400640717398282, 8.242079566099871, 8.165897107723135, 8.174396886792929, 9.152998199118027, 9.007690444512898, 8.938035978008198, 8.94580214587031, 9.12488964925665, 9.056136654838593, 9.063801630662491, 9.908491433075916, 9.774421394151673, 9.710268461296522, 9.717417479934616, 10.14901473050463, 10.018164058903762, 9.955581907207188, 9.962554893198831, 10.666454134418471, 10.542028026559406, 10.482573868700568, 10.489196527935439, 11.032792031031855, 10.912543750707766, 10.855119120079296, 10.861514627343647, 11.100790401731624, 12.116620816052635, 11.42639488202644, 11.310332051319763, 11.25493718823482, 11.261105629555209, 12.58222953216162, 11.918997441060217, 11.807777568666811, 11.754727181483673, 11.760633486339076, 12.418145252914739, 15.24977782126786], [5.273755777432247, 0.0, 2.5, 3.333333333333333, 4.166666666666667, 5.0, 2.6166978117498645, 3.42172742180432, 4.237713835209693, 5.059358401815049, 2.9391205746049476, 3.674172133035852, 4.444045551429151, 5.233395623499729, 3.409393925927123, 4.060182022183226, 4.768131505449475, 5.511258199553779, 3.975389164379314, 4.5458585679028305, 5.187950473874589, 5.878241149209895, 5.8576872569299905, 4.601921984390133, 5.102822460317851, 5.682323209878538, 6.318835806571747, 4.5, 5.600099205470481, 6.132789830991366, 6.726812023536855, 5.267434647776377, 5.710252085478027, 6.233536626964356, 6.818787851854246, 5.16878550623543, 8.530443155823729, 6.3459523407532075, 6.820638614610154, 7.35934779718964, 5.958881141859596, 6.353689917986321, 6.827838279713502, 7.3660209382549215, 6.6681988597415005, 7.023246197035168, 7.454930391638071, 7.950778328758628, 7.127489818380038, 7.553218592832536, 8.043009387039158, 7.3902437361252735, 7.712121212121211, 8.10720750878192, 8.56537812821704, 7.621679604916491, 7.934173624966315, 8.318720521276761, 8.765842800324451, 8.121621993275289, 8.41557216787807, 8.77905774629396, 9.203843968780266, 8.477027781009095, 8.759058802811586, 9.108847957404445, 9.518928511129811, 8.719121683412245, 8.5, 8.860022573334675, 9.130230616534892, 9.466314547441952, 9.86154146165801, 9.0, 9.340770846134703, 9.597453365925313, 9.917717031207893, 10.295630140987, 9.250323365518579, 14.248989089309624], [3.400367627183861, 2.5, 0.0, 0.833333333333333, 1.666666666666667, 2.5, 0.7727272727272727, 1.1364646419757074, 1.8370860665179265, 2.6166978117498645, 1.5454545454545454, 1.755811549258792, 2.2729292839514152, 2.9391205746049476, 2.3181818181818183, 2.4634145787084245, 2.855126042739014, 3.409393925927123, 3.090909090909091, 3.2012752853681463, 3.5116230985175845, 3.975389164379314, 4.25, 3.8636363636363633, 3.9524840790138125, 4.207786083939035, 4.601921984390133, 5.1478150704935, 4.576510072581994, 4.7987266829626565, 5.1478150704935, 4.636363636363637, 4.71065942443725, 4.926829157416849, 5.267434647776377, 4.940764705603414, 6.6375227590712305, 5.463922075253677, 5.651351854006064, 5.950630218724736, 5.409090909090909, 5.472906806008519, 5.6600390670549, 5.958881141859596, 6.181818181818182, 6.237733601036701, 6.402550570736293, 6.6681988597415005, 6.354875643507467, 6.516730604971927, 6.777905281132217, 6.954545454545454, 7.004294891263736, 7.151467000351509, 7.3902437361252735, 7.2, 7.248064875844065, 7.390384142774838, 7.621679604916491, 7.727272727272727, 7.772077472986056, 7.904968158027625, 8.121621993275289, 8.1, 8.142754106839064, 8.269690307247169, 8.477027781009095, 8.239855937080208, 8.860022573334675, 8.5, 8.540751983545972, 8.661857640124188, 8.860022573334675, 9.340770846134703, 9.0, 9.038497908637499, 9.153020145163987, 9.340770846134703, 9.296726136659082, 13.146365001980104], [2.9872413881558204, 3.333333333333333, 0.833333333333333, 0.0, 0.8333333333333339, 1.666666666666667, 1.1364646419757074, 0.7727272727272727, 1.136464641975708, 1.8370860665179265, 1.755811549258792, 1.5454545454545454, 1.7558115492587925, 2.2729292839514152, 2.4634145787084245, 2.3181818181818183, 2.463414578708425, 2.855126042739014, 3.2012752853681463, 3.090909090909091, 3.2012752853681463, 3.5116230985175845, 3.9272905559827263, 3.9524840790138125, 3.8636363636363633, 3.9524840790138125, 4.207786083939035, 5.600099205470481, 4.5, 4.576510072581994, 4.7987266829626565, 4.71065942443725, 4.636363636363637, 4.71065942443725, 4.926829157416849, 5.140091219307605, 6.104416608962937, 5.4, 5.463922075253677, 5.651351854006064, 5.472906806008519, 5.409090909090909, 5.472906806008519, 5.6600390670549, 6.237733601036701, 6.181818181818182, 6.237733601036701, 6.402550570736293, 6.3, 6.354875643507467, 6.516730604971927, 7.004294891263736, 6.954545454545454, 7.004294891263736, 7.151467000351509, 7.248064875844065, 7.2, 7.248064875844065, 7.390384142774838, 7.772077472986056, 7.727272727272727, 7.772077472986056, 7.904968158027625, 8.142754106839064, 8.1, 8.142754106839064, 8.269690307247169, 8.24401103546341, 9.130230616534892, 8.540751983545972, 8.5, 8.540751983545972, 8.661857640124188, 9.597453365925313, 9.038497908637499, 9.0, 9.038497908637499, 9.153020145163987, 9.460114840860983, 12.866070292662766], [2.7701283564324437, 4.166666666666667, 1.666666666666667, 0.8333333333333339, 0.0, 0.833333333333333, 1.8370860665179265, 1.136464641975708, 0.7727272727272727, 1.1364646419757074, 2.2729292839514152, 1.7558115492587925, 1.5454545454545454, 1.755811549258792, 2.855126042739014, 2.463414578708425, 2.3181818181818183, 2.4634145787084245, 3.5116230985175845, 3.2012752853681463, 3.090909090909091, 3.2012752853681463, 3.7647856660255057, 4.207786083939035, 3.9524840790138125, 3.8636363636363633, 3.9524840790138125, 6.132789830991366, 4.576510072581994, 4.5, 4.576510072581994, 4.926829157416849, 4.71065942443725, 4.636363636363637, 4.71065942443725, 5.460660078997665, 5.644464968734011, 5.463922075253677, 5.4, 5.463922075253677, 5.6600390670549, 5.472906806008519, 5.409090909090909, 5.472906806008519, 6.402550570736293, 6.237733601036701, 6.181818181818182, 6.237733601036701, 6.354875643507467, 6.3, 6.354875643507467, 7.151467000351509, 7.004294891263736, 6.954545454545454, 7.004294891263736, 7.390384142774838, 7.248064875844065, 7.2, 7.248064875844065, 7.904968158027625, 7.772077472986056, 7.727272727272727, 7.772077472986056, 8.269690307247169, 8.142754106839064, 8.1, 8.142754106839064, 8.331932484768341, 9.466314547441952, 8.661857640124188, 8.540751983545972, 8.5, 8.540751983545972, 9.917717031207893, 9.153020145163987, 9.038497908637499, 9.0, 9.038497908637499, 9.69264244844538, 12.634615375035372], [2.7950849718747373, 5.0, 2.5, 1.666666666666667, 0.833333333333333, 0.0, 2.6166978117498645, 1.8370860665179265, 1.1364646419757074, 0.7727272727272727, 2.9391205746049476, 2.2729292839514152, 1.755811549258792, 1.5454545454545454, 3.409393925927123, 2.855126042739014, 2.4634145787084245, 2.3181818181818183, 3.975389164379314, 3.5116230985175845, 3.2012752853681463, 3.090909090909091, 3.783186487605389, 4.601921984390133, 4.207786083939035, 3.9524840790138125, 3.8636363636363633, 6.726812023536855, 4.7987266829626565, 4.576510072581994, 4.5, 5.267434647776377, 4.926829157416849, 4.71065942443725, 4.636363636363637, 5.882683753424395, 5.276832034434792, 5.651351854006064, 5.463922075253677, 5.4, 5.958881141859596, 5.6600390670549, 5.472906806008519, 5.409090909090909, 6.6681988597415005, 6.402550570736293, 6.237733601036701, 6.181818181818182, 6.516730604971927, 6.354875643507467, 6.3, 7.3902437361252735, 7.151467000351509, 7.004294891263736, 6.954545454545454, 7.621679604916491, 7.390384142774838, 7.248064875844065, 7.2, 8.121621993275289, 7.904968158027625, 7.772077472986056, 7.727272727272727, 8.477027781009095, 8.269690307247169, 8.142754106839064, 8.1, 8.501021632575833, 9.86154146165801, 8.860022573334675, 8.661857640124188, 8.540751983545972, 8.5, 10.295630140987, 9.340770846134703, 9.153020145163987, 9.038497908637499, 9.0, 9.989482036293031, 12.454723419783756], [4.0508773664499556, 2.6166978117498645, 0.7727272727272727, 1.1364646419757074, 1.8370860665179265, 2.6166978117498645, 0.0, 0.833333333333333, 1.666666666666667, 2.5, 0.7727272727272727, 1.1364646419757074, 1.8370860665179265, 2.6166978117498645, 1.5454545454545456, 1.7558115492587922, 2.2729292839514157, 2.9391205746049476, 2.3181818181818183, 2.4634145787084245, 2.855126042739014, 3.409393925927123, 3.586663197536393, 3.090909090909091, 3.2012752853681463, 3.5116230985175845, 3.975389164379314, 4.488046566544411, 3.819293969821585, 4.082932740230833, 4.488046566544411, 3.863636363636364, 3.9524840790138134, 4.207786083939036, 4.601921984390134, 4.179774712557845, 6.091168156709643, 4.701712170795489, 4.9182751722875135, 5.259434655223124, 4.636363636363637, 4.71065942443725, 4.926829157416849, 5.267434647776377, 5.409090909090909, 5.472906806008519, 5.6600390670549, 5.958881141859596, 5.589739550828583, 5.773085966745227, 6.066361660967214, 6.181818181818182, 6.237733601036701, 6.402550570736293, 6.6681988597415005, 6.427272727272728, 6.481070833989415, 6.639850336304395, 6.896363876039591, 6.954545454545454, 7.004294891263736, 7.151467000351509, 7.3902437361252735, 7.327272727272727, 7.374508123548251, 7.514433005730538, 7.74202335438448, 7.468014815939889, 8.12162199327529, 7.7272727272727275, 7.772077472986058, 7.904968158027626, 8.12162199327529, 8.598721796227949, 8.227272727272727, 8.269368837666516, 8.394390645347844, 8.598721796227949, 8.533911982030144, 12.429978269587538], [3.7108918805494238, 3.42172742180432, 1.1364646419757074, 0.7727272727272727, 1.136464641975708, 1.8370860665179265, 0.833333333333333, 0.0, 0.8333333333333339, 1.666666666666667, 1.1364646419757074, 0.7727272727272727, 1.136464641975708, 1.8370860665179265, 1.7558115492587922, 1.5454545454545456, 1.7558115492587927, 2.2729292839514157, 2.4634145787084245, 2.3181818181818183, 2.463414578708425, 2.855126042739014, 3.1976966716174156, 3.2012752853681463, 3.090909090909091, 3.2012752853681463, 3.5116230985175845, 5.000367295967585, 3.7272727272727275, 3.819293969821585, 4.082932740230833, 3.9524840790138134, 3.863636363636364, 3.9524840790138134, 4.207786083939036, 4.413603801249583, 5.505408547229493, 4.627272727272728, 4.701712170795489, 4.9182751722875135, 4.71065942443725, 4.636363636363637, 4.71065942443725, 4.926829157416849, 5.472906806008519, 5.409090909090909, 5.472906806008519, 5.6600390670549, 5.527272727272727, 5.589739550828584, 5.773085966745227, 6.237733601036701, 6.181818181818182, 6.237733601036701, 6.402550570736293, 6.481070833989415, 6.427272727272728, 6.481070833989415, 6.639850336304395, 7.004294891263736, 6.954545454545454, 7.004294891263736, 7.151467000351509, 7.374508123548251, 7.327272727272727, 7.374508123548251, 7.514433005730538, 7.4725991047362, 8.415572167878071, 7.772077472986058, 7.7272727272727275, 7.772077472986058, 7.904968158027626, 8.876887272013581, 8.269368837666516, 8.227272727272727, 8.269368837666516, 8.394390645347844, 8.711619232913923, 12.133145173155654], [3.5384627381290366, 4.237713835209693, 1.8370860665179265, 1.136464641975708, 0.7727272727272727, 1.1364646419757074, 1.666666666666667, 0.8333333333333339, 0.0, 0.833333333333333, 1.8370860665179265, 1.136464641975708, 0.7727272727272727, 1.1364646419757074, 2.2729292839514157, 1.7558115492587927, 1.5454545454545456, 1.7558115492587922, 2.855126042739014, 2.463414578708425, 2.3181818181818183, 2.4634145787084245, 2.9958744973167843, 3.5116230985175845, 3.2012752853681463, 3.090909090909091, 3.2012752853681463, 5.590498465663164, 3.819293969821585, 3.7272727272727275, 3.819293969821585, 4.207786083939036, 3.9524840790138134, 3.863636363636364, 3.9524840790138134, 4.783112926741373, 4.990551664835306, 4.701712170795489, 4.627272727272728, 4.701712170795489, 4.926829157416849, 4.71065942443725, 4.636363636363637, 4.71065942443725, 5.6600390670549, 5.472906806008519, 5.409090909090909, 5.472906806008519, 5.589739550828584, 5.527272727272727, 5.589739550828583, 6.402550570736293, 6.237733601036701, 6.181818181818182, 6.237733601036701, 6.639850336304395, 6.481070833989415, 6.427272727272728, 6.481070833989415, 7.151467000351509, 7.004294891263736, 6.954545454545454, 7.004294891263736, 7.514433005730538, 7.374508123548251, 7.327272727272727, 7.374508123548251, 7.569486003553987, 8.779057746293962, 7.904968158027626, 7.772077472986058, 7.7272727272727275, 7.772077472986058, 9.222208392789481, 8.394390645347844, 8.269368837666516, 8.227272727272727, 8.269368837666516, 8.963584912879602, 11.8874283464596], [3.558034209787271, 5.059358401815049, 2.6166978117498645, 1.8370860665179265, 1.1364646419757074, 0.7727272727272727, 2.5, 1.666666666666667, 0.833333333333333, 0.0, 2.6166978117498645, 1.8370860665179265, 1.1364646419757074, 0.7727272727272727, 2.9391205746049476, 2.2729292839514157, 1.7558115492587922, 1.5454545454545456, 3.409393925927123, 2.855126042739014, 2.4634145787084245, 2.3181818181818183, 3.018965533516735, 3.975389164379314, 3.5116230985175845, 3.2012752853681463, 3.090909090909091, 6.236390140415454, 4.082932740230833, 3.819293969821585, 3.7272727272727275, 4.601921984390134, 4.207786083939036, 3.9524840790138134, 3.863636363636364, 5.2597841129085285, 4.570621123628847, 4.9182751722875135, 4.701712170795489, 4.627272727272728, 5.267434647776377, 4.926829157416849, 4.71065942443725, 4.636363636363637, 5.958881141859596, 5.6600390670549, 5.472906806008519, 5.409090909090909, 5.773085966745227, 5.589739550828583, 5.527272727272727, 6.6681988597415005, 6.402550570736293, 6.237733601036701, 6.181818181818182, 6.896363876039591, 6.639850336304395, 6.481070833989415, 6.427272727272728, 7.3902437361252735, 7.151467000351509, 7.004294891263736, 6.954545454545454, 7.74202335438448, 7.514433005730538, 7.374508123548251, 7.327272727272727, 7.755216839314297, 9.203843968780268, 8.12162199327529, 7.904968158027626, 7.772077472986058, 7.7272727272727275, 9.627461582833016, 8.598721796227949, 8.394390645347844, 8.269368837666516, 8.227272727272727, 9.28376476492262, 11.696049866533615], [4.738241208725672, 2.9391205746049476, 1.5454545454545454, 1.755811549258792, 2.2729292839514152, 2.9391205746049476, 0.7727272727272727, 1.1364646419757074, 1.8370860665179265, 2.6166978117498645, 0.0, 0.833333333333333, 1.666666666666667, 2.5, 0.7727272727272729, 1.1364646419757076, 1.8370860665179265, 2.6166978117498645, 1.5454545454545454, 1.755811549258792, 2.2729292839514152, 2.9391205746049476, 2.9765786838511468, 2.318181818181818, 2.463414578708424, 2.855126042739013, 3.4093939259271226, 3.870315083165091, 3.0698181195992134, 3.3922141177633502, 3.870315083165091, 3.0909090909090913, 3.2012752853681468, 3.511623098517585, 3.9753891643793144, 3.424046187680986, 5.59840740974356, 3.9435979898566575, 4.19944025304978, 4.594292182823925, 3.8636363636363638, 3.952484079013813, 4.207786083939036, 4.601921984390134, 4.636363636363637, 4.71065942443725, 4.926829157416849, 5.267434647776377, 4.82702257336583, 5.0382020857758985, 5.371750411117296, 5.409090909090908, 5.472906806008518, 5.660039067054899, 5.958881141859594, 5.654545454545454, 5.71562146594446, 5.895054034976986, 6.182546748510735, 6.181818181818182, 6.237733601036701, 6.402550570736293, 6.6681988597415005, 6.554545454545455, 6.607307360804924, 6.763123826567148, 7.015131225836227, 6.696378095238688, 7.390243736125274, 6.954545454545455, 7.004294891263737, 7.15146700035151, 7.390243736125274, 7.862585321246715, 7.454545454545455, 7.500979427936644, 7.63858793964317, 7.862585321246715, 7.7730563776463315, 11.720751753858732], [4.451071878006153, 3.674172133035852, 1.755811549258792, 1.5454545454545454, 1.7558115492587925, 2.2729292839514152, 1.1364646419757074, 0.7727272727272727, 1.136464641975708, 1.8370860665179265, 0.833333333333333, 0.0, 0.8333333333333339, 1.666666666666667, 1.1364646419757076, 0.7727272727272729, 1.1364646419757083, 1.8370860665179265, 1.755811549258792, 1.5454545454545454, 1.7558115492587925, 2.2729292839514152, 2.494219672015305, 2.463414578708424, 2.318181818181818, 2.4634145787084245, 2.855126042739013, 4.454261998814879, 2.9545454545454546, 3.0698181195992134, 3.3922141177633502, 3.2012752853681468, 3.0909090909090913, 3.2012752853681468, 3.511623098517585, 3.705870230059257, 4.954731000172018, 3.854545454545455, 3.9435979898566575, 4.19944025304978, 3.952484079013813, 3.8636363636363638, 3.952484079013813, 4.207786083939036, 4.71065942443725, 4.636363636363637, 4.71065942443725, 4.926829157416849, 4.754545454545454, 4.827022573365831, 5.0382020857758985, 5.472906806008518, 5.409090909090908, 5.472906806008518, 5.660039067054899, 5.71562146594446, 5.654545454545454, 5.71562146594446, 5.895054034976986, 6.237733601036701, 6.181818181818182, 6.237733601036701, 6.402550570736293, 6.607307360804924, 6.554545454545455, 6.607307360804924, 6.763123826567148, 6.701490258397686, 7.712121212121212, 7.004294891263737, 6.954545454545455, 7.004294891263737, 7.15146700035151, 8.165865480461665, 7.500979427936644, 7.454545454545455, 7.500979427936644, 7.63858793964317, 7.967751338508654, 11.405475601045074], [4.308368700932782, 4.444045551429151, 2.2729292839514152, 1.7558115492587925, 1.5454545454545454, 1.755811549258792, 1.8370860665179265, 1.136464641975708, 0.7727272727272727, 1.1364646419757074, 1.666666666666667, 0.8333333333333339, 0.0, 0.833333333333333, 1.8370860665179265, 1.1364646419757083, 0.7727272727272729, 1.1364646419757076, 2.2729292839514152, 1.7558115492587925, 1.5454545454545454, 1.755811549258792, 2.2296035011338082, 2.855126042739013, 2.4634145787084245, 2.318181818181818, 2.463414578708424, 5.107881160920477, 3.0698181195992134, 2.9545454545454546, 3.0698181195992134, 3.511623098517585, 3.2012752853681468, 3.0909090909090913, 3.2012752853681468, 4.139051209829989, 4.3755504718319145, 3.9435979898566575, 3.854545454545455, 3.9435979898566575, 4.207786083939036, 3.952484079013813, 3.8636363636363638, 3.952484079013813, 4.926829157416849, 4.71065942443725, 4.636363636363637, 4.71065942443725, 4.827022573365831, 4.754545454545454, 4.82702257336583, 5.660039067054899, 5.472906806008518, 5.409090909090908, 5.472906806008518, 5.895054034976986, 5.71562146594446, 5.654545454545454, 5.71562146594446, 6.402550570736293, 6.237733601036701, 6.181818181818182, 6.237733601036701, 6.763123826567148, 6.607307360804924, 6.554545454545455, 6.607307360804924, 6.809357727516931, 8.10720750878192, 7.15146700035151, 7.004294891263737, 6.954545454545455, 7.004294891263737, 8.539985892552481, 7.63858793964317, 7.500979427936644, 7.454545454545455, 7.500979427936644, 8.242487866138081, 11.143725345923391], [4.324457162704483, 5.233395623499729, 2.9391205746049476, 2.2729292839514152, 1.755811549258792, 1.5454545454545454, 2.6166978117498645, 1.8370860665179265, 1.1364646419757074, 0.7727272727272727, 2.5, 1.666666666666667, 0.833333333333333, 0.0, 2.6166978117498645, 1.8370860665179265, 1.1364646419757076, 0.7727272727272729, 2.9391205746049476, 2.2729292839514152, 1.755811549258792, 1.5454545454545454, 2.2605354810657197, 3.4093939259271226, 2.855126042739013, 2.463414578708424, 2.318181818181818, 5.807696517809381, 3.3922141177633502, 3.0698181195992134, 2.9545454545454546, 3.9753891643793144, 3.511623098517585, 3.2012752853681468, 3.0909090909090913, 4.681762975849977, 3.8897832160571966, 4.19944025304978, 3.9435979898566575, 3.854545454545455, 4.601921984390134, 4.207786083939036, 3.952484079013813, 3.8636363636363638, 5.267434647776377, 4.926829157416849, 4.71065942443725, 4.636363636363637, 5.0382020857758985, 4.82702257336583, 4.754545454545454, 5.958881141859594, 5.660039067054899, 5.472906806008518, 5.409090909090908, 6.182546748510735, 5.895054034976986, 5.71562146594446, 5.654545454545454, 6.6681988597415005, 6.402550570736293, 6.237733601036701, 6.181818181818182, 7.015131225836227, 6.763123826567148, 6.607307360804924, 6.554545454545455, 7.015242157479588, 8.56537812821704, 7.390243736125274, 7.15146700035151, 7.004294891263737, 6.954545454545455, 8.976093133088822, 7.862585321246715, 7.63858793964317, 7.500979427936644, 7.454545454545455, 8.589589043921102, 10.939343873085129], [5.448528878711093, 3.409393925927123, 2.3181818181818183, 2.4634145787084245, 2.855126042739014, 3.409393925927123, 1.5454545454545456, 1.7558115492587922, 2.2729292839514157, 2.9391205746049476, 0.7727272727272729, 1.1364646419757076, 1.8370860665179265, 2.6166978117498645, 0.0, 0.833333333333333, 1.666666666666667, 2.5, 0.7727272727272725, 1.1364646419757072, 1.8370860665179265, 2.6166978117498645, 2.4596957750472157, 1.545454545454545, 1.7558115492587918, 2.2729292839514152, 2.939120574604947, 3.318181818181818, 2.3355459796280695, 2.745561573938959, 3.318181818181818, 2.3181818181818183, 2.4634145787084245, 2.855126042739014, 3.409393925927123, 2.678037120549383, 5.174574032097976, 3.1924986687905714, 3.503623992891204, 3.9683250000201755, 3.090909090909091, 3.2012752853681463, 3.5116230985175845, 3.975389164379314, 3.8636363636363633, 3.9524840790138125, 4.207786083939035, 4.601921984390133, 4.068085603512086, 4.31655578104067, 4.701582290363303, 4.636363636363636, 4.7106594244372495, 4.926829157416849, 5.267434647776376, 4.881818181818182, 4.9524330590907555, 5.158481030120044, 5.4847195698896565, 5.409090909090908, 5.472906806008518, 5.660039067054899, 5.958881141859594, 5.781818181818181, 5.841563654711617, 6.0172418320507175, 6.29916037957467, 5.925025634857658, 6.6681988597415005, 6.181818181818182, 6.237733601036701, 6.402550570736293, 6.6681988597415005, 7.134191910432185, 6.681818181818182, 6.733582899119938, 6.886542818617612, 7.134191910432185, 7.0147966513030156, 11.02006798730297], [5.200728607922151, 4.060182022183226, 2.4634145787084245, 2.3181818181818183, 2.463414578708425, 2.855126042739014, 1.7558115492587922, 1.5454545454545456, 1.7558115492587927, 2.2729292839514157, 1.1364646419757076, 0.7727272727272729, 1.1364646419757083, 1.8370860665179265, 0.833333333333333, 0.0, 0.8333333333333339, 1.666666666666667, 1.1364646419757072, 0.7727272727272725, 1.1364646419757078, 1.8370860665179265, 1.8469473238011513, 1.7558115492587918, 1.545454545454545, 1.755811549258792, 2.2729292839514152, 3.9838978011017683, 2.1818181818181817, 2.33554597962807, 2.745561573938959, 2.4634145787084245, 2.3181818181818183, 2.463414578708425, 2.855126042739014, 3.030060178562001, 4.470280771076545, 3.081818181818182, 3.1924986687905714, 3.503623992891204, 3.2012752853681463, 3.090909090909091, 3.2012752853681463, 3.5116230985175845, 3.9524840790138125, 3.8636363636363633, 3.9524840790138125, 4.207786083939035, 3.9818181818181815, 4.0680856035120865, 4.31655578104067, 4.7106594244372495, 4.636363636363636, 4.71065942443725, 4.926829157416849, 4.9524330590907555, 4.881818181818182, 4.952433059090756, 5.158481030120044, 5.472906806008518, 5.409090909090908, 5.472906806008518, 5.660039067054899, 5.841563654711617, 5.781818181818181, 5.841563654711617, 6.0172418320507175, 5.930802716557595, 7.023246197035168, 6.237733601036701, 6.181818181818182, 6.237733601036701, 6.402550570736293, 7.467114926528661, 6.733582899119938, 6.681818181818182, 6.733582899119938, 6.886542818617612, 7.229939695555569, 10.684135456611905], [5.079131623935323, 4.768131505449475, 2.855126042739014, 2.463414578708425, 2.3181818181818183, 2.4634145787084245, 2.2729292839514157, 1.7558115492587927, 1.5454545454545456, 1.7558115492587922, 1.8370860665179265, 1.1364646419757083, 0.7727272727272729, 1.1364646419757076, 1.666666666666667, 0.8333333333333339, 0.0, 0.833333333333333, 1.8370860665179265, 1.1364646419757078, 0.7727272727272725, 1.1364646419757072, 1.470106940632631, 2.2729292839514152, 1.755811549258792, 1.545454545454545, 1.7558115492587918, 4.703343671221943, 2.33554597962807, 2.1818181818181817, 2.3355459796280695, 2.855126042739014, 2.463414578708425, 2.3181818181818183, 2.4634145787084245, 3.5467640802938716, 3.8183102047554485, 3.1924986687905714, 3.081818181818182, 3.1924986687905714, 3.5116230985175845, 3.2012752853681463, 3.090909090909091, 3.2012752853681463, 4.207786083939035, 3.9524840790138125, 3.8636363636363633, 3.9524840790138125, 4.0680856035120865, 3.9818181818181815, 4.068085603512086, 4.926829157416849, 4.71065942443725, 4.636363636363636, 4.7106594244372495, 5.158481030120044, 4.952433059090756, 4.881818181818182, 4.9524330590907555, 5.660039067054899, 5.472906806008518, 5.409090909090908, 5.472906806008518, 6.0172418320507175, 5.841563654711617, 5.781818181818181, 5.841563654711617, 6.052421155258646, 7.454930391638071, 6.402550570736293, 6.237733601036701, 6.181818181818182, 6.237733601036701, 7.874503497109335, 6.886542818617612, 6.733582899119938, 6.681818181818182, 6.733582899119938, 7.53163812410668, 10.40425352221737], [5.092785774225023, 5.511258199553779, 3.409393925927123, 2.855126042739014, 2.4634145787084245, 2.3181818181818183, 2.9391205746049476, 2.2729292839514157, 1.7558115492587922, 1.5454545454545456, 2.6166978117498645, 1.8370860665179265, 1.1364646419757076, 0.7727272727272729, 2.5, 1.666666666666667, 0.833333333333333, 0.0, 2.6166978117498645, 1.8370860665179265, 1.1364646419757072, 0.7727272727272725, 1.5166091473366246, 2.939120574604947, 2.2729292839514152, 1.7558115492587918, 1.545454545454545, 5.455302977700908, 2.745561573938959, 2.3355459796280695, 2.1818181818181817, 3.409393925927123, 2.855126042739014, 2.4634145787084245, 2.3181818181818183, 4.167336689746506, 3.2503021945830475, 3.503623992891204, 3.1924986687905714, 3.081818181818182, 3.975389164379314, 3.5116230985175845, 3.2012752853681463, 3.090909090909091, 4.601921984390133, 4.207786083939035, 3.9524840790138125, 3.8636363636363633, 4.31655578104067, 4.068085603512086, 3.9818181818181815, 5.267434647776376, 4.926829157416849, 4.7106594244372495, 4.636363636363636, 5.4847195698896565, 5.158481030120044, 4.9524330590907555, 4.881818181818182, 5.958881141859594, 5.660039067054899, 5.472906806008518, 5.409090909090908, 6.29916037957467, 6.0172418320507175, 5.841563654711617, 5.781818181818181, 6.283157781514542, 7.950778328758628, 6.6681988597415005, 6.402550570736293, 6.237733601036701, 6.181818181818182, 8.345459496928616, 7.134191910432185, 6.886542818617612, 6.733582899119938, 6.681818181818182, 7.909994093077004, 10.185043993169707], [6.173833412739969, 3.975389164379314, 3.090909090909091, 3.2012752853681463, 3.5116230985175845, 3.975389164379314, 2.3181818181818183, 2.4634145787084245, 2.855126042739014, 3.409393925927123, 1.5454545454545454, 1.755811549258792, 2.2729292839514152, 2.9391205746049476, 0.7727272727272725, 1.1364646419757072, 1.8370860665179265, 2.6166978117498645, 0.0, 0.833333333333333, 1.666666666666667, 2.5, 2.1058017063451824, 0.7727272727272725, 1.1364646419757072, 1.8370860665179265, 2.6166978117498645, 2.8697625668481086, 1.637064945115828, 2.182501997217969, 2.8697625668481086, 1.5454545454545459, 1.7558115492587925, 2.2729292839514157, 2.9391205746049476, 1.9529178730149475, 4.837817914916483, 2.454861558396059, 2.8477497439599677, 3.403219185777825, 2.3181818181818183, 2.4634145787084245, 2.855126042739014, 3.409393925927123, 3.090909090909091, 3.2012752853681463, 3.5116230985175845, 3.975389164379314, 3.315525434566045, 3.616081061119578, 4.067955808856571, 3.8636363636363633, 3.9524840790138125, 4.207786083939035, 4.601921984390133, 4.109090909090909, 4.192740457459536, 4.434231148344811, 4.809846993322506, 4.636363636363636, 4.7106594244372495, 4.926829157416849, 5.267434647776376, 5.009090909090909, 5.077936212673573, 5.279087943320794, 5.5983025762758825, 5.154085062266759, 5.958881141859596, 5.409090909090909, 5.472906806008519, 5.6600390670549, 5.958881141859596, 6.4161791879514105, 5.909090909090909, 5.967562301002418, 6.139636239198427, 6.4161791879514105, 6.260076161216312, 10.329665536212193], [5.9562849259732005, 4.5458585679028305, 3.2012752853681463, 3.090909090909091, 3.2012752853681463, 3.5116230985175845, 2.4634145787084245, 2.3181818181818183, 2.463414578708425, 2.855126042739014, 1.755811549258792, 1.5454545454545454, 1.7558115492587925, 2.2729292839514152, 1.1364646419757072, 0.7727272727272725, 1.1364646419757078, 1.8370860665179265, 0.833333333333333, 0.0, 0.8333333333333339, 1.666666666666667, 1.339967140476733, 1.1364646419757072, 0.7727272727272725, 1.1364646419757078, 1.8370860665179265, 3.6189291649870343, 1.4090909090909092, 1.6370649451158283, 2.182501997217969, 1.7558115492587925, 1.5454545454545459, 1.755811549258793, 2.2729292839514157, 2.4131452681941843, 4.0757423785711575, 2.3090909090909095, 2.4548615583960594, 2.8477497439599677, 2.4634145787084245, 2.3181818181818183, 2.463414578708425, 2.855126042739014, 3.2012752853681463, 3.090909090909091, 3.2012752853681463, 3.5116230985175845, 3.209090909090909, 3.315525434566045, 3.616081061119578, 3.9524840790138125, 3.8636363636363633, 3.9524840790138125, 4.207786083939035, 4.192740457459536, 4.109090909090909, 4.192740457459537, 4.434231148344811, 4.7106594244372495, 4.636363636363636, 4.71065942443725, 4.926829157416849, 5.077936212673573, 5.009090909090909, 5.077936212673573, 5.279087943320794, 5.160725231795227, 6.353689917986321, 5.472906806008519, 5.409090909090909, 5.472906806008519, 5.6600390670549, 6.7844282355267, 5.967562301002418, 5.909090909090909, 5.967562301002418, 6.139636239198427, 6.500246878885978, 9.970498588358655], [5.850412816150291, 5.187950473874589, 3.5116230985175845, 3.2012752853681463, 3.090909090909091, 3.2012752853681463, 2.855126042739014, 2.463414578708425, 2.3181818181818183, 2.4634145787084245, 2.2729292839514152, 1.7558115492587925, 1.5454545454545454, 1.755811549258792, 1.8370860665179265, 1.1364646419757078, 0.7727272727272725, 1.1364646419757072, 1.666666666666667, 0.8333333333333339, 0.0, 0.833333333333333, 0.738587799491294, 1.8370860665179265, 1.1364646419757078, 0.7727272727272725, 1.1364646419757072, 4.3984824998167, 1.6370649451158283, 1.4090909090909092, 1.637064945115828, 2.2729292839514157, 1.755811549258793, 1.5454545454545459, 1.7558115492587925, 3.036699004011367, 3.3477990656495145, 2.4548615583960594, 2.3090909090909095, 2.454861558396059, 2.855126042739014, 2.463414578708425, 2.3181818181818183, 2.4634145787084245, 3.5116230985175845, 3.2012752853681463, 3.090909090909091, 3.2012752853681463, 3.315525434566045, 3.209090909090909, 3.315525434566045, 4.207786083939035, 3.9524840790138125, 3.8636363636363633, 3.9524840790138125, 4.434231148344811, 4.192740457459537, 4.109090909090909, 4.192740457459536, 4.926829157416849, 4.71065942443725, 4.636363636363636, 4.7106594244372495, 5.279087943320794, 5.077936212673573, 5.009090909090909, 5.077936212673573, 5.300043952269014, 6.827838279713502, 5.6600390670549, 5.472906806008519, 5.409090909090909, 5.472906806008519, 7.230384947083519, 6.139636239198427, 5.967562301002418, 5.909090909090909, 5.967562301002418, 6.83423399640325, 9.669983609076223], [5.862270806459256, 5.878241149209895, 3.975389164379314, 3.5116230985175845, 3.2012752853681463, 3.090909090909091, 3.409393925927123, 2.855126042739014, 2.4634145787084245, 2.3181818181818183, 2.9391205746049476, 2.2729292839514152, 1.755811549258792, 1.5454545454545454, 2.6166978117498645, 1.8370860665179265, 1.1364646419757072, 0.7727272727272725, 2.5, 1.666666666666667, 0.833333333333333, 0.0, 0.827285214690968, 2.6166978117498645, 1.8370860665179265, 1.1364646419757072, 0.7727272727272725, 5.194760551756225, 2.182501997217969, 1.637064945115828, 1.4090909090909092, 2.9391205746049476, 2.2729292839514157, 1.7558115492587925, 1.5454545454545459, 3.7428198574615053, 2.6819265687813942, 2.8477497439599677, 2.454861558396059, 2.3090909090909095, 3.409393925927123, 2.855126042739014, 2.4634145787084245, 2.3181818181818183, 3.975389164379314, 3.5116230985175845, 3.2012752853681463, 3.090909090909091, 3.616081061119578, 3.315525434566045, 3.209090909090909, 4.601921984390133, 4.207786083939035, 3.9524840790138125, 3.8636363636363633, 4.809846993322506, 4.434231148344811, 4.192740457459536, 4.109090909090909, 5.267434647776376, 4.926829157416849, 4.7106594244372495, 4.636363636363636, 5.5983025762758825, 5.279087943320794, 5.077936212673573, 5.009090909090909, 5.56208016507922, 7.3660209382549215, 5.958881141859596, 5.6600390670549, 5.472906806008519, 5.409090909090909, 7.740630166330182, 6.4161791879514105, 6.139636239198427, 5.967562301002418, 5.909090909090909, 7.249081875493603, 9.433727406917829], [6.5, 5.8576872569299905, 4.25, 3.9272905559827263, 3.7647856660255057, 3.783186487605389, 3.586663197536393, 3.1976966716174156, 2.9958744973167843, 3.018965533516735, 2.9765786838511468, 2.494219672015305, 2.2296035011338082, 2.2605354810657197, 2.4596957750472157, 1.8469473238011513, 1.470106940632631, 1.5166091473366246, 2.1058017063451824, 1.339967140476733, 0.738587799491294, 0.827285214690968, 0.0, 2.0032257044927553, 1.172187840856408, 0.3521708878536196, 0.512750644212658, 4.562071897723665, 1.3869430814244368, 0.8207381501496753, 0.9013878188659973, 2.187610681969662, 1.4651797183208894, 0.9469696969696972, 1.0176642353290053, 3.0081995469418454, 2.7391399951708286, 2.0207946731697195, 1.6833333333333336, 1.7240939649566671, 2.5985731940101475, 2.028224286349814, 1.6922451819222917, 1.7327961924669906, 3.148609164285318, 2.6971931300024843, 2.4545571455015254, 2.482687992765399, 2.804213100160384, 2.5716942102651146, 2.5985572920372566, 3.7774477587715136, 3.410311229398139, 3.221835297056484, 3.2433179878402196, 3.987793876318083, 3.6419240946388647, 3.466065653029543, 3.486043602710672, 4.451819666957258, 4.144853369929815, 3.991216538628109, 4.008578095423292, 4.787744771810627, 4.503733019519597, 4.36275269882572, 4.378641341786285, 4.766628619253538, 6.5431261641512, 5.153882032022076, 4.891176863609729, 4.761681542387217, 4.7762432936357, 6.914658342969665, 5.618051263561058, 5.378067600087517, 5.26057136736221, 5.273755777432247, 6.424585327870912, 8.939127016792494], [6.909427324345573, 4.601921984390133, 3.8636363636363633, 3.9524840790138125, 4.207786083939035, 4.601921984390133, 3.090909090909091, 3.2012752853681463, 3.5116230985175845, 3.975389164379314, 2.318181818181818, 2.463414578708424, 2.855126042739013, 3.4093939259271226, 1.545454545454545, 1.7558115492587918, 2.2729292839514152, 2.939120574604947, 0.7727272727272725, 1.1364646419757072, 1.8370860665179265, 2.6166978117498645, 2.0032257044927553, 0.0, 0.833333333333333, 1.666666666666667, 2.5, 2.5797206588477657, 1.048524259199755, 1.784022549034549, 2.5797206588477657, 0.7727272727272734, 1.1364646419757078, 1.8370860665179267, 2.6166978117498645, 1.2845654885894608, 4.6072728178548426, 1.7478151125290518, 2.26675781699728, 2.934350562414194, 1.5454545454545459, 1.7558115492587925, 2.2729292839514157, 2.9391205746049476, 2.3181818181818183, 2.4634145787084245, 2.855126042739014, 3.409393925927123, 2.5749392639515762, 2.951888471194808, 3.4908262300772064, 3.090909090909091, 3.2012752853681463, 3.5116230985175845, 3.975389164379314, 3.336363636363637, 3.4388612589771683, 3.729490594146521, 4.169091305554436, 3.8636363636363633, 3.9524840790138125, 4.207786083939035, 4.601921984390133, 4.236363636363636, 4.317548066200141, 4.5524229413886745, 4.9190219413521765, 4.383773689468394, 5.267434647776377, 4.636363636363637, 4.71065942443725, 4.926829157416849, 5.267434647776377, 5.712462814317366, 5.136363636363637, 5.20352532898641, 5.400000850253309, 5.712462814317366, 5.510349345128545, 9.651750960902028], [6.715749925475511, 5.102822460317851, 3.9524840790138125, 3.8636363636363633, 3.9524840790138125, 4.207786083939035, 3.2012752853681463, 3.090909090909091, 3.2012752853681463, 3.5116230985175845, 2.463414578708424, 2.318181818181818, 2.4634145787084245, 2.855126042739013, 1.7558115492587918, 1.545454545454545, 1.755811549258792, 2.2729292839514152, 1.1364646419757072, 0.7727272727272725, 1.1364646419757078, 1.8370860665179265, 1.172187840856408, 0.833333333333333, 0.0, 0.8333333333333339, 1.666666666666667, 3.3935335255154118, 0.6363636363636367, 1.0485242591997554, 1.784022549034549, 1.1364646419757078, 0.7727272727272734, 1.1364646419757085, 1.8370860665179267, 1.9129794460845195, 3.7992310507177764, 1.536363636363637, 1.7478151125290522, 2.26675781699728, 1.7558115492587925, 1.5454545454545459, 1.755811549258793, 2.2729292839514157, 2.4634145787084245, 2.3181818181818183, 2.463414578708425, 2.855126042739014, 2.4363636363636365, 2.5749392639515767, 2.951888471194808, 3.2012752853681463, 3.090909090909091, 3.2012752853681463, 3.5116230985175845, 3.4388612589771683, 3.336363636363637, 3.4388612589771683, 3.729490594146521, 3.9524840790138125, 3.8636363636363633, 3.9524840790138125, 4.207786083939035, 4.317548066200141, 4.236363636363636, 4.317548066200142, 4.5524229413886745, 4.3915787422613635, 5.710252085478027, 4.71065942443725, 4.636363636363637, 4.71065942443725, 4.926829157416849, 6.123180751543252, 5.20352532898641, 5.136363636363637, 5.2035253289864105, 5.400000850253309, 5.781747646481705, 9.266344944028644], [6.62203118850435, 5.682323209878538, 4.207786083939035, 3.9524840790138125, 3.8636363636363633, 3.9524840790138125, 3.5116230985175845, 3.2012752853681463, 3.090909090909091, 3.2012752853681463, 2.855126042739013, 2.4634145787084245, 2.318181818181818, 2.463414578708424, 2.2729292839514152, 1.755811549258792, 1.545454545454545, 1.7558115492587918, 1.8370860665179265, 1.1364646419757078, 0.7727272727272725, 1.1364646419757072, 0.3521708878536196, 1.666666666666667, 0.8333333333333339, 0.0, 0.833333333333333, 4.214981588191942, 1.0485242591997554, 0.6363636363636367, 1.048524259199755, 1.8370860665179267, 1.1364646419757085, 0.7727272727272734, 1.1364646419757078, 2.6566447102872983, 3.005035644417714, 1.7478151125290522, 1.536363636363637, 1.7478151125290518, 2.2729292839514157, 1.755811549258793, 1.5454545454545459, 1.7558115492587925, 2.855126042739014, 2.463414578708425, 2.3181818181818183, 2.4634145787084245, 2.5749392639515767, 2.4363636363636365, 2.5749392639515762, 3.5116230985175845, 3.2012752853681463, 3.090909090909091, 3.2012752853681463, 3.729490594146521, 3.4388612589771683, 3.336363636363637, 3.4388612589771683, 4.207786083939035, 3.9524840790138125, 3.8636363636363633, 3.9524840790138125, 4.5524229413886745, 4.317548066200142, 4.236363636363636, 4.317548066200141, 4.554486230891181, 6.233536626964356, 4.926829157416849, 4.71065942443725, 4.636363636363637, 4.71065942443725, 6.613875000033626, 5.400000850253309, 5.2035253289864105, 5.136363636363637, 5.20352532898641, 6.1548477380617435, 8.942197130519215], [6.632509777634197, 6.318835806571747, 4.601921984390133, 4.207786083939035, 3.9524840790138125, 3.8636363636363633, 3.975389164379314, 3.5116230985175845, 3.2012752853681463, 3.090909090909091, 3.4093939259271226, 2.855126042739013, 2.463414578708424, 2.318181818181818, 2.939120574604947, 2.2729292839514152, 1.7558115492587918, 1.545454545454545, 2.6166978117498645, 1.8370860665179265, 1.1364646419757072, 0.7727272727272725, 0.512750644212658, 2.5, 1.666666666666667, 0.833333333333333, 0.0, 5.040333191137859, 1.784022549034549, 1.048524259199755, 0.6363636363636367, 2.6166978117498645, 1.8370860665179267, 1.1364646419757078, 0.7727272727272734, 3.4416450661191105, 2.2394666241301224, 2.26675781699728, 1.7478151125290518, 1.536363636363637, 2.9391205746049476, 2.2729292839514157, 1.75581154