totalHoles = 30;
zeroHoleID = 24;
C = [[0.0, 2.1666666666666665, 3.3333333333333335, 4.333333333333333, 6.5, 7.0, 1.8027756377319946, 5.262551134615649, 4.833333333333334, 7.826237921249264, 6.851601597031489, 9.976779110782006, 7.753135566408671, 9.899494936611665, 9.523363084774434, 10.5, 10.721214690716927, 11.016401913107162, 11.359039474259157, 12.349089035228468, 12.619429464123963, 11.0, 11.211353372561426, 11.8227652339788, 12.776932339180638, 11.36700631267755, 12.607317099384963, 14.85645912988511, 14.140652998852184, 15.2177525442729], [2.1666666666666665, 0.0, 1.166666666666667, 2.1666666666666665, 4.333333333333334, 4.833333333333334, 1.201850425154663, 3.16227766016838, 3.689323936863109, 5.9675045966560525, 5.408326913195984, 8.202787817324598, 7.096556285347924, 8.506533436783231, 8.54400374531753, 10.721214690716927, 10.5, 10.564615994493654, 10.721214690716927, 11.359039474259157, 11.559027256266468, 11.211353372561426, 11.0, 11.211353372561426, 11.8227652339788, 11.149323225589738, 11.884864324004713, 13.691137798540966, 13.214674518259612, 14.450212964001732], [3.3333333333333335, 1.166666666666667, 0.0, 0.9999999999999996, 3.1666666666666665, 3.6666666666666665, 2.088327347690278, 2.088327347690278, 3.5, 5.068968775248516, 4.85912657903775, 7.335463202296397, 7.0, 7.9021797274197985, 8.207381501496753, 11.016401913107162, 10.564615994493654, 10.5, 10.547511554864494, 10.9671225842414, 11.121800413801914, 11.49395976637778, 11.061695670696745, 11.045361017187261, 11.446736555795184, 11.205225071511167, 11.645218379708949, 13.169019573291855, 12.840445527223501, 14.157544067127548], [4.333333333333333, 2.1666666666666665, 0.9999999999999996, 0.0, 2.166666666666667, 2.666666666666667, 3.0046260628866577, 1.301708279317776, 3.640054944640259, 4.400126260814695, 4.576510072581994, 6.665149916967385, 7.0710678118654755, 7.490735018081411, 8.043285674675769, 11.359039474259157, 10.721214690716927, 10.547511554864494, 10.5, 10.721214690716927, 10.833333333333334, 11.8227652339788, 11.211353372561426, 11.0, 11.211353372561426, 11.348782893058933, 11.530153704285318, 12.789410441776296, 12.597065805258833, 13.97949232984417], [6.5, 4.333333333333334, 3.1666666666666665, 2.166666666666667, 0.0, 0.5, 5.0990195135927845, 1.6666666666666663, 4.719934086168766, 3.5355339059327378, 4.693375946776241, 5.56341691266624, 7.68295371441074, 7.0178344238090995, 8.110350040397625, 12.349089035228468, 11.359039474259157, 10.9671225842414, 10.721214690716927, 10.5, 10.51189802081432, 12.776932339180638, 11.8227652339788, 11.211353372561426, 11.0, 11.944506134947076, 11.577036657874837, 12.209818736029, 12.334236906651006, 13.835918682336535], [7.0, 4.833333333333334, 3.6666666666666665, 2.666666666666667, 0.5, 0.0, 5.5901699437494745, 2.0883273476902775, 5.068968775248516, 3.5, 4.85912657903775, 5.401469792798099, 7.9021797274197985, 7.0, 8.207381501496753, 12.619429464123963, 11.559027256266468, 11.121800413801914, 10.833333333333334, 10.51189802081432, 10.5, 13.038404810405298, 12.015036875145707, 11.31861789756643, 11.01135777277262, 12.132880762611052, 11.645218379708949, 12.127213682317457, 12.326985824534402, 13.850790170407343], [1.8027756377319946, 1.201850425154663, 2.088327347690278, 3.0046260628866577, 5.0990195135927845, 5.5901699437494745, 0.0, 3.666666666666667, 3.100179206289712, 6.041522986797286, 5.068968775248517, 8.175934887048722, 6.27384340823957, 8.139410298049853, 7.9021797274197985, 9.617692030835672, 9.523363084774434, 9.675283515799995, 9.9135149053087, 10.735455276791944, 10.977249200050075, 10.111874208078342, 10.022197585581939, 10.393641218445909, 11.180339887498949, 10.174335214890188, 11.121800413801914, 13.178989184007865, 12.5605750244527, 13.716605763026756], [5.262551134615649, 3.16227766016838, 2.088327347690278, 1.301708279317776, 1.6666666666666663, 2.0883273476902775, 3.666666666666667, 0.0, 3.100179206289712, 3.100179206289712, 3.5, 5.363610944418113, 6.27384340823957, 6.27384340823957, 7.0, 10.814085465005556, 9.962429422585638, 9.675283515799995, 9.536479667279979, 9.59311095410544, 9.675283515799995, 11.255862669935363, 10.44030650891055, 10.03466214899358, 10.088497300281038, 10.5698807617222, 10.5, 11.570978638066686, 11.463033572363756, 12.888334397657774], [4.833333333333334, 3.689323936863109, 3.5, 3.640054944640259, 4.719934086168766, 5.068968775248516, 3.100179206289712, 3.100179206289712, 0.0, 3.6666666666666665, 2.088327347690278, 5.457881365612354, 3.5, 5.068968775248516, 4.85912657903775, 7.753135566408671, 7.096556285347924, 7.0, 7.0710678118654755, 7.68295371441074, 7.9021797274197985, 8.207381501496753, 7.5901983578238, 7.566372975210778, 8.14111649454654, 7.730622389013669, 8.207381501496753, 10.083734391466136, 9.530979966021448, 10.762956897931117], [7.826237921249264, 5.9675045966560525, 5.068968775248516, 4.400126260814695, 3.5355339059327378, 3.5, 6.041522986797286, 3.100179206289712, 3.6666666666666665, 0.0, 2.0883273476902775, 2.2705339749416655, 5.068968775248516, 3.5, 4.85912657903775, 9.899494936611665, 8.506533436783231, 7.9021797274197985, 7.490735018081411, 7.0178344238090995, 7.0, 10.259142264341596, 8.922505876216116, 7.959969290839703, 7.516648189186454, 9.022873667409643, 8.207381501496753, 8.679166691133467, 8.827067309892923, 10.356137094434258], [6.851601597031489, 5.408326913195984, 4.85912657903775, 4.576510072581994, 4.693375946776241, 4.85912657903775, 5.068968775248517, 3.5, 2.088327347690278, 2.0883273476902775, 0.0, 3.4275021476194336, 3.100179206289712, 3.100179206289712, 3.5, 7.917982346813135, 6.708203932499369, 6.27384340823957, 6.057593948462083, 6.146362971528592, 6.27384340823957, 8.3032791380541, 7.158910531638177, 6.553201083779166, 6.635343079131461, 7.275151746549487, 7.0, 8.315417572105956, 8.022697579757494, 9.408206562353591], [9.976779110782006, 8.202787817324598, 7.335463202296397, 6.665149916967385, 5.56341691266624, 5.401469792798099, 8.175934887048722, 5.363610944418113, 5.457881365612354, 2.2705339749416655, 3.4275021476194336, 0.0, 5.501628632500802, 2.373767709827242, 4.384885355489913, 10.04860523913137, 8.2899984199402, 7.432857204252394, 6.772190874614547, 5.691217231023866, 5.533011996107774, 10.321964924872887, 8.61931357249629, 7.171545293771787, 6.161042625165864, 8.685972639231604, 7.1558834667456654, 6.821297278932725, 7.321547070872686, 8.925666170536564], [7.753135566408671, 7.096556285347924, 7.0, 7.0710678118654755, 7.68295371441074, 7.9021797274197985, 6.27384340823957, 6.27384340823957, 3.5, 5.068968775248516, 3.100179206289712, 5.501628632500802, 0.0, 3.6666666666666665, 2.088327347690278, 4.833333333333334, 3.689323936863109, 3.5, 3.640054944640259, 4.719934086168766, 5.068968775248516, 5.2068331172711035, 4.166666666666667, 4.123105625617661, 5.101742621671322, 4.297438322979912, 4.85912657903775, 7.378368521125102, 6.4266723028181865, 7.466353083051162], [9.899494936611665, 8.506533436783231, 7.9021797274197985, 7.490735018081411, 7.0178344238090995, 7.0, 8.139410298049853, 6.27384340823957, 5.068968775248516, 3.5, 3.100179206289712, 2.373767709827242, 3.6666666666666665, 0.0, 2.0883273476902775, 7.826237921249264, 5.9675045966560525, 5.068968775248516, 4.400126260814695, 3.5355339059327378, 3.5, 8.06225774829855, 6.27384340823957, 4.8074017006186525, 4.031128874149275, 6.3338537113144096, 4.85912657903775, 5.299675198384669, 5.327255866624813, 6.866932553388143], [9.523363084774434, 8.54400374531753, 8.207381501496753, 8.043285674675769, 8.110350040397625, 8.207381501496753, 7.9021797274197985, 7.0, 4.85912657903775, 4.85912657903775, 3.5, 4.384885355489913, 2.088327347690278, 2.0883273476902775, 0.0, 5.7397251192408545, 3.9051248379533274, 3.100179206289712, 2.63523138347365, 2.833333333333333, 3.100179206289712, 5.97448277631164, 4.242640687119286, 3.1135902820449006, 3.2829526005987013, 4.316629072971065, 3.5, 5.376317713303542, 4.671853404309147, 5.951431583575312], [10.5, 10.721214690716927, 11.016401913107162, 11.359039474259157, 12.349089035228468, 12.619429464123963, 9.617692030835672, 10.814085465005556, 7.753135566408671, 9.899494936611665, 7.917982346813135, 10.04860523913137, 4.833333333333334, 7.826237921249264, 5.7397251192408545, 0.0, 2.1666666666666665, 3.3333333333333335, 4.333333333333333, 6.5, 7.0, 0.5, 2.223610677354389, 4.362084109434133, 6.519202405202649, 2.307638049465779, 5.262551134615649, 8.887645703200898, 7.165590035668512, 7.162091455777289], [10.721214690716927, 10.5, 10.564615994493654, 10.721214690716927, 11.359039474259157, 11.559027256266468, 9.523363084774434, 9.962429422585638, 7.096556285347924, 8.506533436783231, 6.708203932499369, 8.2899984199402, 3.689323936863109, 5.9675045966560525, 3.9051248379533274, 2.1666666666666665, 0.0, 1.166666666666667, 2.1666666666666665, 4.333333333333334, 4.833333333333334, 2.223610677354389, 0.5, 2.223610677354389, 4.362084109434134, 0.650975609040535, 3.16227766016838, 6.761887494355101, 5.100513302488728, 5.340806701912872], [11.016401913107162, 10.564615994493654, 10.5, 10.547511554864494, 10.9671225842414, 11.121800413801914, 9.675283515799995, 9.675283515799995, 7.0, 7.9021797274197985, 6.27384340823957, 7.432857204252394, 3.5, 5.068968775248516, 3.100179206289712, 3.3333333333333335, 1.166666666666667, 0.0, 0.9999999999999996, 3.1666666666666665, 3.6666666666666665, 3.370624736026114, 1.269295517643985, 1.1180339887498945, 3.2058973436118907, 1.293611130948314, 2.088327347690278, 5.630181594711021, 4.03294615175043, 4.489055082626206], [11.359039474259157, 10.721214690716927, 10.547511554864494, 10.5, 10.721214690716927, 10.833333333333334, 9.9135149053087, 9.536479667279979, 7.0710678118654755, 7.490735018081411, 6.057593948462083, 6.772190874614547, 3.640054944640259, 4.400126260814695, 2.63523138347365, 4.333333333333333, 2.1666666666666665, 0.9999999999999996, 0.0, 2.166666666666667, 2.666666666666667, 4.362084109434133, 2.223610677354389, 0.5, 2.2236106773543893, 2.216130413283039, 1.301708279317776, 4.673851486290005, 3.1739061465875076, 3.8912423880254163], [12.349089035228468, 11.359039474259157, 10.9671225842414, 10.721214690716927, 10.5, 10.51189802081432, 10.735455276791944, 9.59311095410544, 7.68295371441074, 7.0178344238090995, 6.146362971528592, 5.691217231023866, 4.719934086168766, 3.5355339059327378, 2.833333333333333, 6.5, 4.333333333333334, 3.1666666666666665, 2.166666666666667, 0.0, 0.5, 6.519202405202649, 4.362084109434134, 2.2236106773543893, 0.5, 4.334465095335213, 1.6666666666666663, 2.7121102179600953, 1.8764363550934358, 3.3388931259360373], [12.619429464123963, 11.559027256266468, 11.121800413801914, 10.833333333333334, 10.51189802081432, 10.5, 10.977249200050075, 9.675283515799995, 7.9021797274197985, 7.0, 6.27384340823957, 5.533011996107774, 5.068968775248516, 3.5, 3.100179206289712, 7.0, 4.833333333333334, 3.6666666666666665, 2.666666666666667, 0.5, 0.0, 7.0178344238090995, 4.859126579037751, 2.713136766016618, 0.7071067811865476, 4.829405393485652, 2.0883273476902775, 2.3119645248719736, 1.8281665251274795, 3.3999926274694148], [11.0, 11.211353372561426, 11.49395976637778, 11.8227652339788, 12.776932339180638, 13.038404810405298, 10.111874208078342, 11.255862669935363, 8.207381501496753, 10.259142264341596, 8.3032791380541, 10.321964924872887, 5.2068331172711035, 8.06225774829855, 5.97448277631164, 0.5, 2.223610677354389, 3.370624736026114, 4.362084109434133, 6.519202405202649, 7.0178344238090995, 0.0, 2.1666666666666665, 4.333333333333333, 6.5, 2.219453188438622, 5.190803834132479, 8.817112790925146, 7.054707665199897, 6.943383955973494], [11.211353372561426, 11.0, 11.061695670696745, 11.211353372561426, 11.8227652339788, 12.015036875145707, 10.022197585581939, 10.44030650891055, 7.5901983578238, 8.922505876216116, 7.158910531638177, 8.61931357249629, 4.166666666666667, 6.27384340823957, 4.242640687119286, 2.223610677354389, 0.5, 1.269295517643985, 2.223610677354389, 4.362084109434134, 4.859126579037751, 2.1666666666666665, 0.0, 2.1666666666666665, 4.333333333333334, 0.15667907292882485, 3.0413812651491106, 6.668909529194883, 4.9435266390526085, 5.043733038766975], [11.8227652339788, 11.211353372561426, 11.045361017187261, 11.0, 11.211353372561426, 11.31861789756643, 10.393641218445909, 10.03466214899358, 7.566372975210778, 7.959969290839703, 6.553201083779166, 7.171545293771787, 4.123105625617661, 4.8074017006186525, 3.1135902820449006, 4.362084109434133, 2.223610677354389, 1.1180339887498945, 0.5, 2.2236106773543893, 2.713136766016618, 4.333333333333333, 2.1666666666666665, 0.0, 2.166666666666667, 2.1241499704602296, 0.9718253158075506, 4.538294783083807, 2.9149442378035766, 3.4722894553187564], [12.776932339180638, 11.8227652339788, 11.446736555795184, 11.211353372561426, 11.0, 11.01135777277262, 11.180339887498949, 10.088497300281038, 8.14111649454654, 7.516648189186454, 6.635343079131461, 6.161042625165864, 5.101742621671322, 4.031128874149275, 3.2829526005987013, 6.519202405202649, 4.362084109434134, 3.2058973436118907, 2.2236106773543893, 0.5, 0.7071067811865476, 6.5, 4.333333333333334, 2.166666666666667, 0.0, 4.288165895928869, 1.4240006242195882, 2.471188713278282, 1.3943575857270802, 2.839583428176571], [11.36700631267755, 11.149323225589738, 11.205225071511167, 11.348782893058933, 11.944506134947076, 12.132880762611052, 10.174335214890188, 10.5698807617222, 7.730622389013669, 9.022873667409643, 7.275151746549487, 8.685972639231604, 4.297438322979912, 6.3338537113144096, 4.316629072971065, 2.307638049465779, 0.650975609040535, 1.293611130948314, 2.216130413283039, 4.334465095335213, 4.829405393485652, 2.219453188438622, 0.15667907292882485, 2.1241499704602296, 4.288165895928869, 0.0, 2.9730018788954733, 6.600828644161357, 4.8592296748660075, 4.9213015015260915], [12.607317099384963, 11.884864324004713, 11.645218379708949, 11.530153704285318, 11.577036657874837, 11.645218379708949, 11.121800413801914, 10.5, 8.207381501496753, 8.207381501496753, 7.0, 7.1558834667456654, 4.85912657903775, 4.85912657903775, 3.5, 5.262551134615649, 3.16227766016838, 2.088327347690278, 1.301708279317776, 1.6666666666666663, 2.0883273476902775, 5.190803834132479, 3.0413812651491106, 0.9718253158075506, 1.4240006242195882, 2.9730018788954733, 0.0, 3.6281420741578376, 1.9464716813925544, 2.612417475833893], [14.85645912988511, 13.691137798540966, 13.169019573291855, 12.789410441776296, 12.209818736029, 12.127213682317457, 13.178989184007865, 11.570978638066686, 10.083734391466136, 8.679166691133467, 8.315417572105956, 6.821297278932725, 7.378368521125102, 5.299675198384669, 5.376317713303542, 8.887645703200898, 6.761887494355101, 5.630181594711021, 4.673851486290005, 2.7121102179600953, 2.3119645248719736, 8.817112790925146, 6.668909529194883, 4.538294783083807, 2.471188713278282, 6.600828644161357, 3.6281420741578376, 0.0, 1.860681479238837, 3.039447150324664], [14.140652998852184, 13.214674518259612, 12.840445527223501, 12.597065805258833, 12.334236906651006, 12.326985824534402, 12.5605750244527, 11.463033572363756, 9.530979966021448, 8.827067309892923, 8.022697579757494, 7.321547070872686, 6.4266723028181865, 5.327255866624813, 4.671853404309147, 7.165590035668512, 5.100513302488728, 4.03294615175043, 3.1739061465875076, 1.8764363550934358, 1.8281665251274795, 7.054707665199897, 4.9435266390526085, 2.9149442378035766, 1.3943575857270802, 4.8592296748660075, 1.9464716813925544, 1.860681479238837, 0.0, 1.6196946446936447], [15.2177525442729, 14.450212964001732, 14.157544067127548, 13.97949232984417, 13.835918682336535, 13.850790170407343, 13.716605763026756, 12.888334397657774, 10.762956897931117, 10.356137094434258, 9.408206562353591, 8.925666170536564, 7.466353083051162, 6.866932553388143, 5.951431583575312, 7.162091455777289, 5.340806701912872, 4.489055082626206, 3.8912423880254163, 3.3388931259360373, 3.3999926274694148, 6.943383955973494, 5.043733038766975, 3.4722894553187564, 2.839583428176571, 4.9213015015260915, 2.612417475833893, 3.039447150324664, 1.6196946446936447, 0.0]];