totalHoles = 30;
zeroHoleID = 24;
C = [[0.0, 9.762812094883317, 9.38416218956173, 7.7014609003746815, 6.562202374203344, 6.269968101992227, 10.090218035305282, 8.112490369793976, 6.768493185340442, 7.63656174021546, 8.00390529679106, 11.500301928403637, 10.595137773735857, 11.5, 13.534164588592496, 11.754727181483673, 12.853874159025658, 15.102657970628142, 14.425334581138067, 15.141683789274046, 15.856276638069458, 16.931438542283143, 15.545855110321565, 19.269470672543136, 19.73100352237564, 18.79660873668439, 18.256848030259768, 20.483224843759345, 19.353617232961906, 20.868857839309563], [9.762812094883317, 0.0, 0.5, 3.0, 5.5, 8.0, 0.5, 3.0413812651491097, 8.0156097709407, 5.228193853217446, 5.70087712549569, 5.270462766947299, 9.098229375970787, 9.154916711800277, 5.3567195599960655, 7.661229956374136, 6.175080302902709, 8.700255424092123, 11.43216709309501, 9.63653156583079, 9.17445368248561, 9.180292902613607, 10.69007847388305, 11.5, 12.0, 12.36931687685298, 14.422205101855956, 13.009611831257688, 14.115594213493104, 14.036967155799003], [9.38416218956173, 0.5, 0.0, 2.5, 5.0, 7.5, 0.7071067811865476, 2.5495097567963922, 7.516648189186454, 4.7385852461707305, 5.220153254455275, 5.002777006601211, 8.661857640124188, 8.75, 5.333333333333333, 7.31057073315377, 5.984854176895171, 8.54075198354597, 11.088031585653264, 9.418566084775618, 9.04831615344953, 9.166666666666666, 10.44163673845139, 11.510864433221338, 12.010412149464313, 12.257650672131263, 14.150971698084906, 13.0, 13.92838827718412, 13.973403838537667], [7.7014609003746815, 3.0, 2.5, 0.0, 2.5, 5.0, 3.0413812651491097, 0.5, 5.024937810560445, 2.35692298925062, 2.9154759474226504, 4.333333333333333, 6.616477747093069, 6.914658342969665, 5.890199015690764, 5.890199015690764, 5.634961701352767, 8.166666666666666, 9.575721614815482, 8.685771092047439, 8.824916397127241, 9.50146187582615, 9.50146187582615, 11.884864324004713, 12.36931687685298, 12.0, 13.0, 13.238202294873727, 13.238202294873727, 13.923140965466645], [6.562202374203344, 5.5, 5.0, 2.5, 0.0, 2.5, 5.522680508593631, 2.5495097567963922, 2.5495097567963922, 1.0751659496511388, 1.5, 5.002777006601211, 5.002777006601211, 5.618051263561058, 7.31057073315377, 5.333333333333333, 6.339330188018711, 8.54075198354597, 8.54075198354597, 8.641519069793715, 9.294421639875974, 10.44163673845139, 9.166666666666666, 12.747548783981962, 13.200378782444085, 12.257650672131263, 12.257650672131263, 13.92838827718412, 13.0, 14.316134040083995], [6.269968101992227, 8.0, 7.5, 5.0, 2.5, 0.0, 8.0156097709407, 5.024937810560445, 0.5, 3.0425117356093128, 2.9154759474226504, 6.616477747093069, 4.333333333333333, 5.273755777432247, 9.202958461519016, 5.890199015690764, 7.8180190003439, 9.575721614815482, 8.166666666666666, 9.295648670414018, 10.363078588108088, 11.843892002959914, 9.50146187582615, 14.0089257261219, 14.422205101855956, 13.0, 12.0, 15.008331019803634, 13.238202294873727, 15.117854787073725], [10.090218035305282, 0.5, 0.7071067811865476, 3.0413812651491097, 5.522680508593631, 8.0156097709407, 0.0, 3.0, 8.0, 5.155053911384829, 5.5901699437494745, 4.867693955503411, 8.870988921447509, 8.877640452282352, 4.85912657903775, 7.321960878829598, 5.723950990450429, 8.232726023485645, 11.080513425729775, 9.194622808994563, 8.695242233822068, 8.681077762070277, 10.264556060108546, 11.0, 11.5, 11.884864324004713, 14.0089257261219, 12.509996003196804, 13.656500283747663, 13.542418763591993], [8.112490369793976, 3.0413812651491097, 2.5495097567963922, 0.5, 2.5495097567963922, 5.024937810560445, 3.0, 0.0, 5.0, 2.1898985911958126, 2.692582403567252, 3.833333333333333, 6.300352723811933, 6.5431261641512, 5.441609239104835, 5.441609239104835, 5.136612849874313, 7.666666666666666, 9.153020145163987, 8.192738702282456, 8.32561028087758, 9.020039418489871, 9.020039418489871, 11.40175425099138, 11.884864324004713, 11.5, 12.539936203984453, 12.747548783981962, 12.747548783981962, 13.424399926244897], [6.768493185340442, 8.0156097709407, 7.516648189186454, 5.024937810560445, 2.5495097567963922, 0.5, 8.0, 5.0, 0.0, 2.9150381684951774, 2.692582403567252, 6.300352723811933, 3.833333333333333, 4.7762432936357, 8.922505876216116, 5.441609239104835, 7.466821230183543, 9.153020145163987, 7.666666666666666, 8.83670935270589, 9.9413296372303, 11.461287497969462, 9.020039418489871, 13.601470508735444, 14.0089257261219, 12.539936203984453, 11.5, 14.577379737113251, 12.747548783981962, 14.659815564957032], [7.63656174021546, 5.228193853217446, 4.7385852461707305, 2.35692298925062, 1.0751659496511388, 3.0425117356093128, 5.155053911384829, 2.1898985911958126, 2.9150381684951774, 0.0, 0.6145660311790889, 3.9477169642361676, 4.391612564170517, 4.858001857634381, 6.334933289252554, 4.339720205651799, 5.275111140371129, 7.467407281553855, 7.711288037200131, 7.597035904828243, 8.219744233875906, 9.37953883327066, 8.165631660128605, 11.677633227819635, 12.128795804445739, 11.195032946641021, 11.359161692679626, 12.853365573236973, 11.996282684370845, 13.247577643912376], [8.00390529679106, 5.70087712549569, 5.220153254455275, 2.9154759474226504, 1.5, 2.9154759474226504, 5.5901699437494745, 2.692582403567252, 2.692582403567252, 0.6145660311790889, 0.0, 3.7785946829182113, 3.7785946829182113, 4.25, 6.300352723811933, 3.833333333333333, 5.057974081988726, 7.120003121097942, 7.120003121097942, 7.156178852914311, 7.886455795736284, 9.153020145163987, 7.666666666666666, 11.412712210513327, 11.853269591129697, 10.793516572461451, 10.793516572461451, 12.539936203984453, 11.5, 12.865988922744233], [11.500301928403637, 5.270462766947299, 5.002777006601211, 4.333333333333333, 5.002777006601211, 6.616477747093069, 4.867693955503411, 3.833333333333333, 6.300352723811933, 3.9477169642361676, 3.7785946829182113, 0.0, 5.0, 4.592415244484951, 2.692582403567252, 2.692582403567252, 1.3569164183039364, 3.833333333333333, 6.300352723811933, 4.464610442687038, 4.50271573735187, 5.441609239104835, 5.441609239104835, 7.769241347204443, 8.232726023485647, 7.666666666666667, 9.153020145163987, 9.020039418489873, 9.020039418489873, 9.605068649578053], [10.595137773735857, 9.098229375970787, 8.661857640124188, 6.616477747093069, 5.002777006601211, 4.333333333333333, 8.870988921447509, 6.300352723811933, 3.833333333333333, 4.391612564170517, 3.7785946829182113, 5.0, 0.0, 1.0441636738451392, 7.566372975210778, 2.692582403567252, 5.586577653652418, 6.300352723811933, 3.833333333333333, 5.558705887639053, 7.056110643861481, 8.922505876216116, 5.441609239104835, 10.740628990478681, 11.080513425729775, 9.153020145163987, 7.666666666666667, 11.461287497969463, 9.020039418489873, 11.267343199792027], [11.5, 9.154916711800277, 8.75, 6.914658342969665, 5.618051263561058, 5.273755777432247, 8.877640452282352, 6.5431261641512, 4.7762432936357, 4.858001857634381, 4.25, 4.592415244484951, 1.0441636738451392, 0.0, 7.000496014172456, 2.0017353582440522, 4.950559498990073, 5.36255018106539, 2.959213484094117, 4.541210358951792, 6.100341209856966, 8.021239167222094, 4.3977582673195865, 9.762812094883317, 10.090218035305282, 8.112490369793976, 6.768493185340442, 10.443299287102711, 8.00390529679106, 10.225183877760255], [13.534164588592496, 5.3567195599960655, 5.333333333333333, 5.890199015690764, 7.31057073315377, 9.202958461519016, 4.85912657903775, 5.441609239104835, 8.922505876216116, 6.334933289252554, 6.300352723811933, 2.692582403567252, 7.566372975210778, 7.000496014172456, 0.0, 5.0, 2.082683692613801, 3.7785946829182113, 8.017342313870461, 5.07177253653149, 4.038225568252935, 3.833333333333333, 6.300352723811933, 6.1869037310901955, 6.685390373377193, 7.120003121097943, 10.034662148993581, 7.666666666666667, 9.153020145163987, 8.691805853296232], [11.754727181483673, 7.661229956374136, 7.31057073315377, 5.890199015690764, 5.333333333333333, 5.890199015690764, 7.321960878829598, 5.441609239104835, 5.441609239104835, 4.339720205651799, 3.833333333333333, 2.692582403567252, 2.692582403567252, 2.0017353582440522, 5.0, 0.0, 2.950626895679159, 3.7785946829182113, 3.7785946829182113, 3.418967885581551, 4.563059735211761, 6.300352723811933, 3.833333333333333, 8.263036837493694, 8.642594774976116, 7.120003121097943, 7.120003121097943, 9.153020145163987, 7.666666666666667, 9.232722675905906], [12.853874159025658, 6.175080302902709, 5.984854176895171, 5.634961701352767, 6.339330188018711, 7.8180190003439, 5.723950990450429, 5.136612849874313, 7.466821230183543, 5.275111140371129, 5.057974081988726, 1.3569164183039364, 5.586577653652418, 4.950559498990073, 2.082683692613801, 2.950626895679159, 0.0, 2.585834807546789, 6.00459568713384, 3.4800065522839345, 3.1953942423581347, 4.104821252600883, 4.606320139746005, 6.416196319025024, 6.877468531229477, 6.396932860869121, 8.383876057080816, 7.66488307523456, 7.944750485134381, 8.288475506823627], [15.102657970628142, 8.700255424092123, 8.54075198354597, 8.166666666666666, 8.54075198354597, 9.575721614815482, 8.232726023485645, 7.666666666666666, 9.153020145163987, 7.467407281553855, 7.120003121097942, 3.833333333333333, 6.300352723811933, 5.36255018106539, 3.7785946829182113, 3.7785946829182113, 2.585834807546789, 0.0, 5.0, 1.4606211880266404, 0.7886699960229342, 2.692582403567252, 2.692582403567252, 4.48454134902457, 4.8676939555034116, 3.833333333333334, 6.300352723811933, 5.441609239104837, 5.441609239104837, 5.804228030956329], [14.425334581138067, 11.43216709309501, 11.088031585653264, 9.575721614815482, 8.54075198354597, 8.166666666666666, 11.080513425729775, 9.153020145163987, 7.666666666666666, 7.711288037200131, 7.120003121097942, 6.300352723811933, 3.833333333333333, 2.959213484094117, 8.017342313870461, 3.7785946829182113, 6.00459568713384, 5.0, 0.0, 3.6193754979602875, 5.489649239217922, 7.566372975210778, 2.692582403567252, 8.666666666666666, 8.870988921447509, 6.300352723811933, 3.833333333333334, 8.922505876216116, 5.441609239104837, 8.269506760026964], [15.141683789274046, 9.63653156583079, 9.418566084775618, 8.685771092047439, 8.641519069793715, 9.295648670414018, 9.194622808994563, 8.192738702282456, 8.83670935270589, 7.597035904828243, 7.156178852914311, 4.464610442687038, 5.558705887639053, 4.541210358951792, 5.07177253653149, 3.418967885581551, 3.4800065522839345, 1.4606211880266404, 3.6193754979602875, 0.0, 1.8704616872158693, 3.948444146615719, 1.2476681927767714, 5.288170209925154, 5.5805996227618495, 3.704452860243123, 4.968846519473748, 5.903086869127177, 4.562115663240534, 5.8231067152915665], [15.856276638069458, 9.17445368248561, 9.04831615344953, 8.824916397127241, 9.294421639875974, 10.363078588108088, 8.695242233822068, 8.32561028087758, 9.9413296372303, 8.219744233875906, 7.886455795736284, 4.50271573735187, 7.056110643861481, 6.100341209856966, 4.038225568252935, 4.563059735211761, 3.1953942423581347, 0.7886699960229342, 5.489649239217922, 1.8704616872158693, 0.0, 2.0788178751369797, 2.9724959486949873, 3.7031411566082197, 4.080427864640529, 3.2184531381933037, 6.314482481547116, 4.660964563775958, 5.122386072114664, 5.102354934313805], [16.931438542283143, 9.180292902613607, 9.166666666666666, 9.50146187582615, 10.44163673845139, 11.843892002959914, 8.681077762070277, 9.020039418489871, 11.461287497969462, 9.37953883327066, 9.153020145163987, 5.441609239104835, 8.922505876216116, 8.021239167222094, 3.833333333333333, 6.300352723811933, 4.104821252600883, 2.692582403567252, 7.566372975210778, 3.948444146615719, 2.0788178751369797, 0.0, 5.0, 2.3863035105460595, 2.877112750272012, 3.7785946829182118, 8.017342313870463, 3.833333333333334, 6.300352723811933, 4.964461192344374], [15.545855110321565, 10.69007847388305, 10.44163673845139, 9.50146187582615, 9.166666666666666, 9.50146187582615, 10.264556060108546, 9.020039418489871, 9.020039418489871, 8.165631660128605, 7.666666666666666, 5.441609239104835, 5.441609239104835, 4.3977582673195865, 6.300352723811933, 3.833333333333333, 4.606320139746005, 2.692582403567252, 2.692582403567252, 1.2476681927767714, 2.9724959486949873, 5.0, 0.0, 5.974482776311641, 6.1869037310901955, 3.7785946829182118, 3.7785946829182118, 6.300352723811933, 3.833333333333334, 5.86016671683373], [19.269470672543136, 11.5, 11.510864433221338, 11.884864324004713, 12.747548783981962, 14.0089257261219, 11.0, 11.40175425099138, 13.601470508735444, 11.677633227819635, 11.412712210513327, 7.769241347204443, 10.740628990478681, 9.762812094883317, 6.1869037310901955, 8.263036837493694, 6.416196319025024, 4.48454134902457, 8.666666666666666, 5.288170209925154, 3.7031411566082197, 2.3863035105460595, 5.974482776311641, 0.0, 0.5, 3.0413812651491097, 8.0156097709407, 1.5811388300841898, 5.70087712549569, 3.135538988702913], [19.73100352237564, 12.0, 12.010412149464313, 12.36931687685298, 13.200378782444085, 14.422205101855956, 11.5, 11.884864324004713, 14.0089257261219, 12.128795804445739, 11.853269591129697, 8.232726023485647, 11.080513425729775, 10.090218035305282, 6.685390373377193, 8.642594774976116, 6.877468531229477, 4.8676939555034116, 8.870988921447509, 5.5805996227618495, 4.080427864640529, 2.877112750272012, 6.1869037310901955, 0.5, 0.0, 3.0, 8.0, 1.118033988749895, 5.5901699437494745, 2.773493065645669], [18.79660873668439, 12.36931687685298, 12.257650672131263, 12.0, 12.257650672131263, 13.0, 11.884864324004713, 11.5, 12.539936203984453, 11.195032946641021, 10.793516572461451, 7.666666666666667, 9.153020145163987, 8.112490369793976, 7.120003121097943, 7.120003121097943, 6.396932860869121, 3.833333333333334, 6.300352723811933, 3.704452860243123, 3.2184531381933037, 3.7785946829182118, 3.7785946829182118, 3.0413812651491097, 3.0, 0.0, 5.0, 2.692582403567252, 2.692582403567252, 2.123598642978494], [18.256848030259768, 14.422205101855956, 14.150971698084906, 13.0, 12.257650672131263, 12.0, 14.0089257261219, 12.539936203984453, 11.5, 11.359161692679626, 10.793516572461451, 9.153020145163987, 7.666666666666667, 6.768493185340442, 10.034662148993581, 7.120003121097943, 8.383876057080816, 6.300352723811933, 3.833333333333334, 4.968846519473748, 6.314482481547116, 8.017342313870463, 3.7785946829182118, 8.0156097709407, 8.0, 5.0, 0.0, 7.566372975210778, 2.692582403567252, 6.261417588314374], [20.483224843759345, 13.009611831257688, 13.0, 13.238202294873727, 13.92838827718412, 15.008331019803634, 12.509996003196804, 12.747548783981962, 14.577379737113251, 12.853365573236973, 12.539936203984453, 9.020039418489873, 11.461287497969463, 10.443299287102711, 7.666666666666667, 9.153020145163987, 7.66488307523456, 5.441609239104837, 8.922505876216116, 5.903086869127177, 4.660964563775958, 3.833333333333334, 6.300352723811933, 1.5811388300841898, 1.118033988749895, 2.692582403567252, 7.566372975210778, 0.0, 5.0, 1.7700705517241146], [19.353617232961906, 14.115594213493104, 13.92838827718412, 13.238202294873727, 13.0, 13.238202294873727, 13.656500283747663, 12.747548783981962, 12.747548783981962, 11.996282684370845, 11.5, 9.020039418489873, 9.020039418489873, 8.00390529679106, 9.153020145163987, 7.666666666666667, 7.944750485134381, 5.441609239104837, 5.441609239104837, 4.562115663240534, 5.122386072114664, 6.300352723811933, 3.833333333333334, 5.70087712549569, 5.5901699437494745, 2.692582403567252, 2.692582403567252, 5.0, 0.0, 3.5817354420550656], [20.868857839309563, 14.036967155799003, 13.973403838537667, 13.923140965466645, 14.316134040083995, 15.117854787073725, 13.542418763591993, 13.424399926244897, 14.659815564957032, 13.247577643912376, 12.865988922744233, 9.605068649578053, 11.267343199792027, 10.225183877760255, 8.691805853296232, 9.232722675905906, 8.288475506823627, 5.804228030956329, 8.269506760026964, 5.8231067152915665, 5.102354934313805, 4.964461192344374, 5.86016671683373, 3.135538988702913, 2.773493065645669, 2.123598642978494, 6.261417588314374, 1.7700705517241146, 3.5817354420550656, 0.0]];