totalHoles = 30;
zeroHoleID = 6;
C = [[0.0, 3.0, 4.5, 6.0, 5.495328064850305, 1.4487618502399096, 5.4807193347250855, 3.5510561809129406, 4.884669896727925, 6.293647591023825, 4.841487374764082, 5.8898217290508885, 7.102112361825881, 6.950719387228922, 6.441273166075166, 7.262231062146122, 8.275868534480233, 10.163853916156832, 7.6921209937172605, 8.170679286326198, 8.832326986700616, 9.682974749528164, 9.5, 9.962429422585638, 10.51189802081432, 11.236102527122116, 10.0, 10.166666666666666, 10.651030205780305, 11.412712210513327], [3.0, 0.0, 1.5, 3.0, 2.4974967650406663, 1.97231918558279, 2.801965876391133, 1.9, 2.420743687382041, 3.5510561809129406, 3.8, 4.085339643163099, 4.841487374764082, 4.930770730829005, 5.699999999999999, 5.89406481131655, 6.441273166075166, 8.059085125750872, 7.281763812437206, 7.6, 7.746612162745725, 8.170679286326198, 9.962429422585638, 9.5, 9.617692030835672, 9.962429422585638, 10.44030650891055, 10.067825540359305, 10.022197585581939, 10.307764064044152], [4.5, 1.5, 0.0, 1.5, 1.0034539685093613, 3.3964111949779663, 1.8727992272733882, 2.420743687382041, 1.9, 2.420743687382041, 4.085339643163099, 3.8, 4.085339643163099, 4.366062299143245, 5.89406481131655, 5.699999999999999, 5.89406481131655, 7.2471591938952304, 7.530057346341204, 7.746612162745725, 7.6, 7.746612162745725, 10.51189802081432, 9.617692030835672, 9.5, 9.617692030835672, 10.965856099730654, 10.349449797506683, 10.03466214899358, 10.04987562112089], [6.0, 3.0, 1.5, 0.0, 0.5256896826510679, 4.866330757452205, 1.9140901543269246, 3.5510561809129406, 2.420743687382041, 1.9, 4.841487374764082, 4.085339643163099, 3.8, 4.2793106921559225, 6.441273166075166, 5.89406481131655, 5.699999999999999, 6.677857418305767, 8.054777654178558, 8.170679286326198, 7.746612162745725, 7.6, 11.236102527122116, 9.962429422585638, 9.617692030835672, 9.5, 11.661903789690601, 10.833333333333334, 10.268614533832908, 10.012492197250394], [5.495328064850305, 2.4974967650406663, 1.0034539685093613, 0.5256896826510679, 0.0, 4.3438280088048815, 1.6242238747118867, 3.051616434998693, 2.0203446839296326, 1.830634430303145, 4.428005831220153, 3.7916573443348316, 3.6940621532909894, 4.109182150011509, 6.092791512622536, 5.647259352271135, 5.582200996680646, 6.706972051348648, 7.719351086724113, 7.8649209272090435, 7.525052223525053, 7.476352101279604, 10.852326682106426, 9.685651963921494, 9.411763051721227, 9.372871145880191, 11.286371049243536, 10.516670737884255, 10.027002422417253, 9.859179173312258], [1.4487618502399096, 1.97231918558279, 3.3964111949779663, 4.866330757452205, 4.3438280088048815, 0.0, 4.102814556500213, 2.103277357191901, 3.474095807088492, 4.920864528960693, 3.489628678345926, 4.452311124381138, 5.654081745415583, 5.505817717791462, 5.2106852701149124, 5.89888184487079, 6.851450434418972, 8.721738153298743, 6.590728848002522, 7.024597757569518, 7.549207885017103, 8.314812428837953, 8.773116564596728, 8.874610207051852, 9.295389844576858, 9.927227125346548, 9.268658490967002, 9.212150782711223, 9.515336887722974, 10.146022489258451], [5.4807193347250855, 2.801965876391133, 1.8727992272733882, 1.9140901543269246, 1.6242238747118867, 4.102814556500213, 0.0, 2.2038472045021633, 0.7164542372039346, 0.8183341904276896, 3.0137803883368264, 2.176978732633634, 2.212600410276246, 2.530189178309604, 4.530872096788359, 4.0230791852349626, 4.0424658692296065, 5.388331505908676, 6.140925829096417, 6.2605695975515685, 5.903481672623578, 5.916710237304, 9.341730731919421, 8.067258605878374, 7.793396280655447, 7.803421670046393, 9.76114848971684, 8.920888000455774, 8.402778577189363, 8.267608792153352], [3.5510561809129406, 1.9, 2.420743687382041, 3.5510561809129406, 3.051616434998693, 2.103277357191901, 2.2038472045021633, 0.0, 1.5, 3.0, 1.9, 2.420743687382041, 3.5510561809129406, 3.4311076928595523, 3.7999999999999994, 4.085339643163099, 4.841487374764082, 6.6500652551108, 5.387256996667534, 5.699999999999999, 5.89406481131655, 6.441273166075166, 8.170679286326198, 7.6, 7.746612162745725, 8.170679286326198, 8.637708029332781, 8.183587911858167, 8.127388537805022, 8.477027781009095], [4.884669896727925, 2.420743687382041, 1.9, 2.420743687382041, 2.0203446839296326, 3.474095807088492, 0.7164542372039346, 1.5, 0.0, 1.5, 2.420743687382041, 1.9, 2.420743687382041, 2.553918557824427, 4.085339643163099, 3.7999999999999994, 4.085339643163099, 5.638779230896796, 5.718410388142006, 5.89406481131655, 5.699999999999999, 5.89406481131655, 8.832326986700616, 7.746612162745725, 7.6, 7.746612162745725, 9.2660671268883, 8.527667389803094, 8.142754106839064, 8.161494961096281], [6.293647591023825, 3.5510561809129406, 2.420743687382041, 1.9, 1.830634430303145, 4.920864528960693, 0.8183341904276896, 3.0, 1.5, 0.0, 3.5510561809129406, 2.420743687382041, 1.9, 2.402602755346793, 4.841487374764082, 4.085339643163099, 3.7999999999999994, 4.885518860096056, 6.3935824688727925, 6.441273166075166, 5.89406481131655, 5.699999999999999, 9.682974749528164, 8.170679286326198, 7.746612162745725, 7.6, 10.080178569846865, 9.108847957404445, 8.429379837475853, 8.115417426109392], [4.841487374764082, 3.8, 4.085339643163099, 4.841487374764082, 4.428005831220153, 3.489628678345926, 3.0137803883368264, 1.9, 2.420743687382041, 3.5510561809129406, 0.0, 1.5, 3.0, 2.5401771591761078, 1.8999999999999995, 2.4207436873820405, 3.55105618091294, 5.542371579961483, 3.4987128599195665, 3.8, 4.085339643163099, 4.841487374764082, 6.441273166075167, 5.7, 5.89406481131655, 6.441273166075167, 6.887670143089026, 6.308812179096087, 6.235739286118724, 6.685057965343308], [5.8898217290508885, 4.085339643163099, 3.8, 4.085339643163099, 3.7916573443348316, 4.452311124381138, 2.176978732633634, 2.420743687382041, 1.9, 2.420743687382041, 1.5, 0.0, 1.5, 1.0965856099730655, 2.4207436873820405, 1.8999999999999995, 2.4207436873820405, 4.276721413410739, 3.989820935234269, 4.085339643163099, 3.8, 4.085339643163099, 7.262231062146123, 5.89406481131655, 5.7, 5.89406481131655, 7.660939890117922, 6.749156325875933, 6.25575290787963, 6.280127387243033], [7.102112361825881, 4.841487374764082, 4.085339643163099, 3.8, 3.6940621532909894, 5.654081745415583, 2.212600410276246, 3.5510561809129406, 2.420743687382041, 1.9, 3.0, 1.5, 0.0, 0.6726812023536856, 3.55105618091294, 2.4207436873820405, 1.8999999999999995, 3.2191317719980255, 4.908803368877263, 4.841487374764082, 4.085339643163099, 3.8, 8.275868534480233, 6.441273166075167, 5.89406481131655, 5.7, 8.627861844049196, 7.470014130583095, 6.624533526554489, 6.220128616033595], [6.950719387228922, 4.930770730829005, 4.366062299143245, 4.2793106921559225, 4.109182150011509, 5.505817717791462, 2.530189178309604, 3.4311076928595523, 2.553918557824427, 2.402602755346793, 2.5401771591761078, 1.0965856099730655, 0.6726812023536856, 0.0, 2.8900692033236846, 1.7613914953808532, 1.533786165017796, 3.2193406240169105, 4.237142979176612, 4.180011961705373, 3.4960692212826676, 3.3871079108879893, 7.603453162872775, 5.814851674806504, 5.344389581607987, 5.273755777432247, 7.956915231419774, 6.819600020854922, 6.035197686166636, 5.75], [6.441273166075166, 5.699999999999999, 5.89406481131655, 6.441273166075166, 6.092791512622536, 5.2106852701149124, 4.530872096788359, 3.7999999999999994, 4.085339643163099, 4.841487374764082, 1.8999999999999995, 2.4207436873820405, 3.55105618091294, 2.8900692033236846, 0.0, 1.5, 3.0, 4.9429138737689575, 1.6369011589554852, 1.9000000000000004, 2.420743687382041, 3.551056180912941, 4.841487374764082, 3.8000000000000007, 4.0853396431631, 4.841487374764082, 5.243090691567332, 4.45545857472731, 4.351372708059429, 4.973932046178356], [7.262231062146122, 5.89406481131655, 5.699999999999999, 5.89406481131655, 5.647259352271135, 5.89888184487079, 4.0230791852349626, 4.085339643163099, 3.7999999999999994, 4.085339643163099, 2.4207436873820405, 1.8999999999999995, 2.4207436873820405, 1.7613914953808532, 1.5, 0.0, 1.5, 3.4648031518484337, 2.521333937275449, 2.420743687382041, 1.9000000000000004, 2.420743687382041, 5.889821729050889, 4.0853396431631, 3.8000000000000007, 4.0853396431631, 6.224146527838175, 5.059754056385658, 4.38000507356378, 4.4147480109288235], [8.275868534480233, 6.441273166075166, 5.89406481131655, 5.699999999999999, 5.582200996680646, 6.851450434418972, 4.0424658692296065, 4.841487374764082, 4.085339643163099, 3.7999999999999994, 3.55105618091294, 2.4207436873820405, 1.8999999999999995, 1.533786165017796, 3.0, 1.5, 0.0, 2.019238519496902, 3.812453834779383, 3.551056180912941, 2.420743687382041, 1.9000000000000004, 7.102112361825882, 4.841487374764082, 4.0853396431631, 3.8000000000000007, 7.381734213584231, 5.9875797373489, 4.89228417453897, 4.328972164382673], [10.163853916156832, 8.059085125750872, 7.2471591938952304, 6.677857418305767, 6.706972051348648, 8.721738153298743, 5.388331505908676, 6.6500652551108, 5.638779230896796, 4.885518860096056, 5.542371579961483, 4.276721413410739, 3.2191317719980255, 3.2193406240169105, 4.9429138737689575, 3.4648031518484337, 2.019238519496902, 0.0, 5.4371894759219925, 5.036557593895907, 3.597134375331526, 2.2387137002647144, 8.478000978688373, 5.789769186225252, 4.59280856854764, 3.6285470735386394, 8.67308627598784, 7.045872916898317, 5.5487338189587, 4.319119244528104], [7.6921209937172605, 7.281763812437206, 7.530057346341204, 8.054777654178558, 7.719351086724113, 6.590728848002522, 6.140925829096417, 5.387256996667534, 5.718410388142006, 6.3935824688727925, 3.4987128599195665, 3.989820935234269, 4.908803368877263, 4.237142979176612, 1.6369011589554852, 2.521333937275449, 3.812453834779383, 5.4371894759219925, 0.0, 0.581290918742988, 2.003890853135513, 3.4918845872032023, 3.370607366944734, 2.2839336374414048, 2.9822864180530066, 4.13179279470432, 3.72085979778059, 2.8197252096692074, 2.9629588427061413, 4.040992721017845], [8.170679286326198, 7.6, 7.746612162745725, 8.170679286326198, 7.8649209272090435, 7.024597757569518, 6.2605695975515685, 5.699999999999999, 5.89406481131655, 6.441273166075166, 3.8, 4.085339643163099, 4.841487374764082, 4.180011961705373, 1.9000000000000004, 2.420743687382041, 3.551056180912941, 5.036557593895907, 0.581290918742988, 0.0, 1.5, 3.0, 3.551056180912941, 1.9000000000000004, 2.420743687382041, 3.551056180912941, 3.8418745424597094, 2.668541007950058, 2.4908722256359206, 3.4655446902326914], [8.832326986700616, 7.746612162745725, 7.6, 7.746612162745725, 7.525052223525053, 7.549207885017103, 5.903481672623578, 5.89406481131655, 5.699999999999999, 5.89406481131655, 4.085339643163099, 3.8, 4.085339643163099, 3.4960692212826676, 2.420743687382041, 1.9000000000000004, 2.420743687382041, 3.597134375331526, 2.003890853135513, 1.5, 0.0, 1.5, 4.884669896727925, 2.420743687382041, 1.9000000000000004, 2.420743687382041, 5.1000000000000005, 3.5876330792196565, 2.5405598683054977, 2.6], [9.682974749528164, 8.170679286326198, 7.746612162745725, 7.6, 7.476352101279604, 8.314812428837953, 5.916710237304, 6.441273166075166, 5.89406481131655, 5.699999999999999, 4.841487374764082, 4.085339643163099, 3.8, 3.3871079108879893, 3.551056180912941, 2.420743687382041, 1.9000000000000004, 2.2387137002647144, 3.4918845872032023, 3.0, 1.5, 0.0, 6.293647591023825, 3.551056180912941, 2.420743687382041, 1.9000000000000004, 6.462197768561405, 4.808441651004109, 3.3473040561688516, 2.451530134426253], [9.5, 9.962429422585638, 10.51189802081432, 11.236102527122116, 10.852326682106426, 8.773116564596728, 9.341730731919421, 8.170679286326198, 8.832326986700616, 9.682974749528164, 6.441273166075167, 7.262231062146123, 8.275868534480233, 7.603453162872775, 4.841487374764082, 5.889821729050889, 7.102112361825882, 8.478000978688373, 3.370607366944734, 3.551056180912941, 4.884669896727925, 6.293647591023825, 0.0, 3.0, 4.5, 6.0, 0.5, 1.9002923751652296, 3.700600551862419, 5.522680508593631], [9.962429422585638, 9.5, 9.617692030835672, 9.962429422585638, 9.685651963921494, 8.874610207051852, 8.067258605878374, 7.6, 7.746612162745725, 8.170679286326198, 5.7, 5.89406481131655, 6.441273166075167, 5.814851674806504, 3.8000000000000007, 4.0853396431631, 4.841487374764082, 5.789769186225252, 2.2839336374414048, 1.9000000000000004, 2.420743687382041, 3.551056180912941, 3.0, 0.0, 1.5, 3.0, 3.0413812651491097, 1.269295517643985, 0.8333333333333328, 2.5495097567963922], [10.51189802081432, 9.617692030835672, 9.5, 9.617692030835672, 9.411763051721227, 9.295389844576858, 7.793396280655447, 7.746612162745725, 7.6, 7.746612162745725, 5.89406481131655, 5.7, 5.89406481131655, 5.344389581607987, 4.0853396431631, 3.8000000000000007, 4.0853396431631, 4.59280856854764, 2.9822864180530066, 2.420743687382041, 1.9000000000000004, 2.420743687382041, 4.5, 1.5, 0.0, 1.5, 4.527692569068709, 2.713136766016618, 0.9718253158075506, 1.118033988749895], [11.236102527122116, 9.962429422585638, 9.617692030835672, 9.5, 9.372871145880191, 9.927227125346548, 7.803421670046393, 8.170679286326198, 7.746612162745725, 7.6, 6.441273166075167, 5.89406481131655, 5.7, 5.273755777432247, 4.841487374764082, 4.0853396431631, 3.8000000000000007, 3.6285470735386394, 4.13179279470432, 3.551056180912941, 2.420743687382041, 1.9000000000000004, 6.0, 3.0, 1.5, 0.0, 6.020797289396148, 4.196559437338058, 2.3863035105460595, 0.7071067811865476], [10.0, 10.44030650891055, 10.965856099730654, 11.661903789690601, 11.286371049243536, 9.268658490967002, 9.76114848971684, 8.637708029332781, 9.2660671268883, 10.080178569846865, 6.887670143089026, 7.660939890117922, 8.627861844049196, 7.956915231419774, 5.243090691567332, 6.224146527838175, 7.381734213584231, 8.67308627598784, 3.72085979778059, 3.8418745424597094, 5.1000000000000005, 6.462197768561405, 0.5, 3.0413812651491097, 4.527692569068709, 6.020797289396148, 0.0, 1.833333333333333, 3.666666666666666, 5.5], [10.166666666666666, 10.067825540359305, 10.349449797506683, 10.833333333333334, 10.516670737884255, 9.212150782711223, 8.920888000455774, 8.183587911858167, 8.527667389803094, 9.108847957404445, 6.308812179096087, 6.749156325875933, 7.470014130583095, 6.819600020854922, 4.45545857472731, 5.059754056385658, 5.9875797373489, 7.045872916898317, 2.8197252096692074, 2.668541007950058, 3.5876330792196565, 4.808441651004109, 1.9002923751652296, 1.269295517643985, 2.713136766016618, 4.196559437338058, 1.833333333333333, 0.0, 1.833333333333333, 3.666666666666667], [10.651030205780305, 10.022197585581939, 10.03466214899358, 10.268614533832908, 10.027002422417253, 9.515336887722974, 8.402778577189363, 8.127388537805022, 8.142754106839064, 8.429379837475853, 6.235739286118724, 6.25575290787963, 6.624533526554489, 6.035197686166636, 4.351372708059429, 4.38000507356378, 4.89228417453897, 5.5487338189587, 2.9629588427061413, 2.4908722256359206, 2.5405598683054977, 3.3473040561688516, 3.700600551862419, 0.8333333333333328, 0.9718253158075506, 2.3863035105460595, 3.666666666666666, 1.833333333333333, 0.0, 1.833333333333334], [11.412712210513327, 10.307764064044152, 10.04987562112089, 10.012492197250394, 9.859179173312258, 10.146022489258451, 8.267608792153352, 8.477027781009095, 8.161494961096281, 8.115417426109392, 6.685057965343308, 6.280127387243033, 6.220128616033595, 5.75, 4.973932046178356, 4.4147480109288235, 4.328972164382673, 4.319119244528104, 4.040992721017845, 3.4655446902326914, 2.6, 2.451530134426253, 5.522680508593631, 2.5495097567963922, 1.118033988749895, 0.7071067811865476, 5.5, 3.666666666666667, 1.833333333333334, 0.0]];