totalHoles = 30;
zeroHoleID = 7;
C = [[0.0, 2.1666666666666665, 3.3333333333333335, 4.333333333333333, 5.166666666666667, 6.5, 7.0, 6.482014643704726, 2.5, 5.002777006601211, 4.1163630117428225, 7.3824115301167, 5.595419224876565, 9.608206134276289, 10.316622914251571, 5.25, 5.679519737129579, 6.807369372803107, 8.355387483534201, 10.5, 10.721214690716927, 11.359039474259157, 11.702326454361305, 12.349089035228468, 12.619429464123963, 11.0, 11.8227652339788, 12.194033149226899, 13.647344063956181, 13.42988722062617], [2.1666666666666665, 0.0, 1.166666666666667, 2.1666666666666665, 3.0000000000000004, 4.333333333333334, 4.833333333333334, 4.4696782171614124, 3.3082388735465345, 3.3082388735465345, 3.5, 5.570258322356135, 5.0648069303068235, 7.859703620731538, 8.51926167458323, 5.679519737129579, 5.25, 5.679519737129579, 6.807369372803109, 10.721214690716927, 10.5, 10.721214690716927, 10.920164833920778, 11.359039474259157, 11.559027256266468, 11.211353372561426, 11.211353372561426, 12.0, 12.758439472669759, 13.249570877987356], [3.3333333333333335, 1.166666666666667, 0.0, 0.9999999999999996, 1.8333333333333335, 3.1666666666666665, 3.6666666666666665, 3.4641063445934335, 4.166666666666667, 2.692582403567252, 3.689323936863109, 4.719934086168766, 5.147366214246842, 7.015537699877063, 7.631327068139714, 6.218811068935212, 5.378067600087517, 5.344389581607987, 6.131091075638803, 11.016401913107162, 10.564615994493654, 10.547511554864494, 10.65885130354632, 10.9671225842414, 11.121800413801914, 11.49395976637778, 11.045361017187261, 12.05657957760455, 12.410792794087643, 13.298481779339735], [4.333333333333333, 2.1666666666666665, 0.9999999999999996, 0.0, 0.8333333333333339, 2.166666666666667, 2.666666666666667, 2.7071057935774894, 5.002777006601211, 2.5, 4.1163630117428225, 4.116363011742823, 5.420766649592904, 6.3734720350547756, 6.936268412775966, 6.807369372803107, 5.679519737129579, 5.25, 5.679519737129579, 11.359039474259157, 10.721214690716927, 10.5, 10.533016872883307, 10.721214690716927, 10.833333333333334, 11.8227652339788, 11.0, 12.194033149226899, 12.194033149226899, 13.421224796261034], [5.166666666666667, 3.0000000000000004, 1.8333333333333335, 0.8333333333333339, 0.0, 1.333333333333333, 1.833333333333333, 2.227821895455781, 5.7397251192408545, 2.63523138347365, 4.609772228646444, 3.745367509040705, 5.772370883665609, 5.914817891991867, 6.4188643465552255, 7.36593133584915, 6.046693311223912, 5.315726144605687, 5.416666666666667, 11.702326454361305, 10.920164833920778, 10.533016872883307, 10.5, 10.584317539538285, 10.65885130354632, 12.152960316089429, 11.031520495581942, 12.36931687685298, 12.073846850849888, 13.579031653245165], [6.5, 4.333333333333334, 3.1666666666666665, 2.166666666666667, 1.333333333333333, 0.0, 0.5, 2.0168562366126372, 6.96419413859206, 3.308238873546535, 5.570258322356135, 3.5, 6.51966577259005, 5.3718003915260075, 5.747582830809269, 8.355387483534201, 6.807369372803109, 5.679519737129579, 5.25, 12.349089035228468, 11.359039474259157, 10.721214690716927, 10.584317539538285, 10.5, 10.51189802081432, 12.776932339180638, 11.211353372561426, 12.758439472669759, 12.0, 13.931845193714377], [7.0, 4.833333333333334, 3.6666666666666665, 2.666666666666667, 1.833333333333333, 0.5, 0.0, 2.1560543247594945, 7.433034373659253, 3.655285366576885, 5.9675045966560525, 3.5355339059327378, 6.84597505953924, 5.241621351707893, 5.557761096004039, 8.75, 7.136078132357515, 5.888430275643171, 5.273755777432247, 12.619429464123963, 11.559027256266468, 10.833333333333334, 10.65885130354632, 10.51189802081432, 10.5, 13.038404810405298, 11.31861789756643, 12.936812246883353, 12.010412149464313, 14.094424637652281], [6.482014643704726, 4.4696782171614124, 3.4641063445934335, 2.7071057935774894, 2.227821895455781, 2.0168562366126372, 2.1560543247594945, 0.0, 6.190222196689696, 1.9054550062407938, 4.2780013054497115, 1.5462796912672374, 4.870252770715525, 3.6930704624308985, 4.230821703295839, 6.977744732210819, 5.162405550870693, 3.741768229636107, 3.277211739551872, 10.511247749653185, 9.404671114842554, 8.706218305958533, 8.569306028568407, 8.516896411988931, 8.550928935776556, 10.920018161854246, 9.195580709865197, 10.780966606954417, 10.015933640677853, 11.941252746223501], [2.5, 3.3082388735465345, 4.166666666666667, 5.002777006601211, 5.7397251192408545, 6.96419413859206, 7.433034373659253, 6.190222196689696, 0.0, 4.333333333333333, 2.3863035105460586, 6.576473218982953, 3.501288358724112, 8.542692828252273, 9.303812653272585, 2.75, 3.5009919229333337, 5.132278030054273, 7.057797106746552, 8.0, 8.288211172770904, 9.098229375970787, 9.523363084774434, 10.307764064044152, 10.63014581273465, 8.5, 9.54084785424114, 9.74394398816231, 11.510864433221338, 10.971059760778749], [5.002777006601211, 3.3082388735465345, 2.692582403567252, 2.5, 2.63523138347365, 3.308238873546535, 3.655285366576885, 1.9054550062407938, 4.333333333333333, 0.0, 2.3863035105460586, 2.386303510546059, 3.214811804469651, 4.61314658565643, 5.314135962356263, 5.132278030054273, 3.5009919229333337, 2.75, 3.5009919229333346, 9.098229375970787, 8.288211172770904, 8.0, 8.043285674675769, 8.288211172770904, 8.432740427115679, 9.54084785424114, 8.5, 9.74394398816231, 9.74394398816231, 10.960454212650706], [4.1163630117428225, 3.5, 3.689323936863109, 4.1163630117428225, 4.609772228646444, 5.570258322356135, 5.9675045966560525, 4.2780013054497115, 2.3863035105460586, 2.3863035105460586, 0.0, 4.333333333333334, 1.575656897179792, 6.180526425841095, 6.946749572662813, 2.7851291611780673, 1.75, 2.7851291611780673, 4.673358297603318, 7.327649312326869, 7.0, 7.327649312326869, 7.615773105863909, 8.232726023485647, 8.506533436783231, 7.806692285753579, 7.806692285753579, 8.5, 9.540847854241141, 9.749580635749798], [7.3824115301167, 5.570258322356135, 4.719934086168766, 4.116363011742823, 3.745367509040705, 3.5, 3.5355339059327378, 1.5462796912672374, 6.576473218982953, 2.386303510546059, 4.333333333333334, 0.0, 4.397325005344551, 2.2978697398196046, 2.9519855254187473, 6.73145600891813, 4.673358297603318, 2.7851291611780673, 1.75, 9.5524865872714, 8.232726023485647, 7.327649312326869, 7.125852775477317, 7.0, 7.0178344238090995, 9.924716620639604, 7.806692285753579, 9.540847854241141, 8.5, 10.658306836632127], [5.595419224876565, 5.0648069303068235, 5.147366214246842, 5.420766649592904, 5.772370883665609, 6.51966577259005, 6.84597505953924, 4.870252770715525, 3.501288358724112, 3.214811804469651, 1.575656897179792, 4.397325005344551, 0.0, 5.743271316540659, 6.5094094959223865, 2.3962166902510282, 0.2922453862824206, 1.9539317270206804, 4.115723497855701, 5.94137968414382, 5.444588642893299, 5.777195454403231, 6.108317433436899, 6.818894194465911, 7.131525135962992, 6.40234748548692, 6.250283840926034, 6.943610574594023, 8.066442856464809, 8.191929555300868], [9.608206134276289, 7.859703620731538, 7.015537699877063, 6.3734720350547756, 5.914817891991867, 5.3718003915260075, 5.241621351707893, 3.6930704624308985, 8.542692828252273, 4.61314658565643, 6.180526425841095, 2.2978697398196046, 5.743271316540659, 0.0, 0.7717181993503937, 8.132716272003714, 5.966438623493073, 3.800604507679632, 1.6369753475750466, 9.751385686305483, 8.034104722374448, 6.587339634933378, 6.144669916257997, 5.623889857628607, 5.499681088846792, 10.036011056735097, 7.001788242569885, 9.10729510192551, 7.072773325521957, 10.068934167212072], [10.316622914251571, 8.51926167458323, 7.631327068139714, 6.936268412775966, 6.4188643465552255, 5.747582830809269, 5.557761096004039, 4.230821703295839, 9.303812653272585, 5.314135962356263, 6.946749572662813, 2.9519855254187473, 6.5094094959223865, 0.7717181993503937, 0.0, 8.896036958824027, 6.7293821928855495, 4.562738729313359, 2.396137227897424, 10.34269011382752, 8.550809898239324, 6.974980281683853, 6.460677204077199, 5.79424186868467, 5.606000252948705, 10.606454784570214, 7.36043437823784, 9.549517413735016, 7.186805392677551, 10.455959380204646], [5.25, 5.679519737129579, 6.218811068935212, 6.807369372803107, 7.36593133584915, 8.355387483534201, 8.75, 6.977744732210819, 2.75, 5.132278030054273, 2.7851291611780673, 6.73145600891813, 2.3962166902510282, 8.132716272003714, 8.896036958824027, 0.0, 2.1666666666666665, 4.333333333333333, 6.5, 5.25, 5.679519737129579, 6.807369372803107, 7.36593133584915, 8.355387483534201, 8.75, 5.75, 7.200019290097615, 7.089213245801289, 9.370832406995657, 8.294827420869181], [5.679519737129579, 5.25, 5.378067600087517, 5.679519737129579, 6.046693311223912, 6.807369372803109, 7.136078132357515, 5.162405550870693, 3.5009919229333337, 3.5009919229333337, 1.75, 4.673358297603318, 0.2922453862824206, 5.966438623493073, 6.7293821928855495, 2.1666666666666665, 0.0, 2.1666666666666665, 4.333333333333334, 5.679519737129579, 5.25, 5.679519737129579, 6.046693311223912, 6.807369372803109, 7.136078132357515, 6.1446679686085925, 6.1446679686085925, 6.75, 8.021239167222094, 7.999588716557609], [6.807369372803107, 5.679519737129579, 5.344389581607987, 5.25, 5.315726144605687, 5.679519737129579, 5.888430275643171, 3.741768229636107, 5.132278030054273, 2.75, 2.7851291611780673, 2.7851291611780673, 1.9539317270206804, 3.800604507679632, 4.562738729313359, 4.333333333333333, 2.1666666666666665, 0.0, 2.166666666666667, 6.807369372803107, 5.679519737129579, 5.25, 5.315726144605687, 5.679519737129579, 5.888430275643171, 7.200019290097615, 5.75, 7.089213245801289, 7.089213245801289, 8.280795023126537], [8.355387483534201, 6.807369372803109, 6.131091075638803, 5.679519737129579, 5.416666666666667, 5.25, 5.273755777432247, 3.277211739551872, 7.057797106746552, 3.5009919229333346, 4.673358297603318, 1.75, 4.115723497855701, 1.6369753475750466, 2.396137227897424, 6.5, 4.333333333333334, 2.166666666666667, 0.0, 8.355387483534201, 6.807369372803109, 5.679519737129579, 5.416666666666667, 5.25, 5.273755777432247, 8.678277478854891, 6.1446679686085925, 8.021239167222094, 6.75, 9.085075766601374], [10.5, 10.721214690716927, 11.016401913107162, 11.359039474259157, 11.702326454361305, 12.349089035228468, 12.619429464123963, 10.511247749653185, 8.0, 9.098229375970787, 7.327649312326869, 9.5524865872714, 5.94137968414382, 9.751385686305483, 10.34269011382752, 5.25, 5.679519737129579, 6.807369372803107, 8.355387483534201, 0.0, 2.1666666666666665, 4.333333333333333, 5.166666666666667, 6.5, 7.0, 0.5, 4.362084109434133, 2.6352313834736494, 6.670832032063167, 3.5173076529169918], [10.721214690716927, 10.5, 10.564615994493654, 10.721214690716927, 10.920164833920778, 11.359039474259157, 11.559027256266468, 9.404671114842554, 8.288211172770904, 8.288211172770904, 7.0, 8.232726023485647, 5.444588642893299, 8.034104722374448, 8.550809898239324, 5.679519737129579, 5.25, 5.679519737129579, 6.807369372803109, 2.1666666666666665, 0.0, 2.1666666666666665, 3.0000000000000004, 4.333333333333334, 4.833333333333334, 2.223610677354389, 2.223610677354389, 1.5, 4.585605497399202, 2.749674674818999], [11.359039474259157, 10.721214690716927, 10.547511554864494, 10.5, 10.533016872883307, 10.721214690716927, 10.833333333333334, 8.706218305958533, 9.098229375970787, 8.0, 7.327649312326869, 7.327649312326869, 5.777195454403231, 6.587339634933378, 6.974980281683853, 6.807369372803107, 5.679519737129579, 5.25, 5.679519737129579, 4.333333333333333, 2.1666666666666665, 0.0, 0.8333333333333339, 2.166666666666667, 2.666666666666667, 4.362084109434133, 0.5, 2.6352313834736494, 2.63523138347365, 3.4840863075277553], [11.702326454361305, 10.920164833920778, 10.65885130354632, 10.533016872883307, 10.5, 10.584317539538285, 10.65885130354632, 8.569306028568407, 9.523363084774434, 8.043285674675769, 7.615773105863909, 7.125852775477317, 6.108317433436899, 6.144669916257997, 6.460677204077199, 7.36593133584915, 6.046693311223912, 5.315726144605687, 5.416666666666667, 5.166666666666667, 3.0000000000000004, 0.8333333333333339, 0.0, 1.333333333333333, 1.833333333333333, 5.190803834132479, 0.9718253158075506, 3.354101966249685, 2.0069324297987157, 4.049652208074723], [12.349089035228468, 11.359039474259157, 10.9671225842414, 10.721214690716927, 10.584317539538285, 10.5, 10.51189802081432, 8.516896411988931, 10.307764064044152, 8.288211172770904, 8.232726023485647, 7.0, 6.818894194465911, 5.623889857628607, 5.79424186868467, 8.355387483534201, 6.807369372803109, 5.679519737129579, 5.25, 6.5, 4.333333333333334, 2.166666666666667, 1.333333333333333, 0.0, 0.5, 6.519202405202649, 2.2236106773543893, 4.585605497399202, 1.5, 5.109392612449419], [12.619429464123963, 11.559027256266468, 11.121800413801914, 10.833333333333334, 10.65885130354632, 10.51189802081432, 10.5, 8.550928935776556, 10.63014581273465, 8.432740427115679, 8.506533436783231, 7.0178344238090995, 7.131525135962992, 5.499681088846792, 5.606000252948705, 8.75, 7.136078132357515, 5.888430275643171, 5.273755777432247, 7.0, 4.833333333333334, 2.666666666666667, 1.833333333333333, 0.5, 0.0, 7.0178344238090995, 2.713136766016618, 5.060742150229659, 1.5811388300841898, 5.537362931304932], [11.0, 11.211353372561426, 11.49395976637778, 11.8227652339788, 12.152960316089429, 12.776932339180638, 13.038404810405298, 10.920018161854246, 8.5, 9.54084785424114, 7.806692285753579, 9.924716620639604, 6.40234748548692, 10.036011056735097, 10.606454784570214, 5.75, 6.1446679686085925, 7.200019290097615, 8.678277478854891, 0.5, 2.223610677354389, 4.362084109434133, 5.190803834132479, 6.519202405202649, 7.0178344238090995, 0.0, 4.333333333333333, 2.3863035105460586, 6.576473218982953, 3.1419594886689017], [11.8227652339788, 11.211353372561426, 11.045361017187261, 11.0, 11.031520495581942, 11.211353372561426, 11.31861789756643, 9.195580709865197, 9.54084785424114, 8.5, 7.806692285753579, 7.806692285753579, 6.250283840926034, 7.001788242569885, 7.36043437823784, 7.200019290097615, 6.1446679686085925, 5.75, 6.1446679686085925, 4.362084109434133, 2.223610677354389, 0.5, 0.9718253158075506, 2.2236106773543893, 2.713136766016618, 4.333333333333333, 0.0, 2.3863035105460586, 2.386303510546059, 3.1047244163484944], [12.194033149226899, 12.0, 12.05657957760455, 12.194033149226899, 12.36931687685298, 12.758439472669759, 12.936812246883353, 10.780966606954417, 9.74394398816231, 9.74394398816231, 8.5, 9.540847854241141, 6.943610574594023, 9.10729510192551, 9.549517413735016, 7.089213245801289, 6.75, 7.089213245801289, 8.021239167222094, 2.6352313834736494, 1.5, 2.6352313834736494, 3.354101966249685, 4.585605497399202, 5.060742150229659, 2.3863035105460586, 2.3863035105460586, 0.0, 4.333333333333334, 1.2498318794323102], [13.647344063956181, 12.758439472669759, 12.410792794087643, 12.194033149226899, 12.073846850849888, 12.0, 12.010412149464313, 10.015933640677853, 11.510864433221338, 9.74394398816231, 9.540847854241141, 8.5, 8.066442856464809, 7.072773325521957, 7.186805392677551, 9.370832406995657, 8.021239167222094, 7.089213245801289, 6.75, 6.670832032063167, 4.585605497399202, 2.63523138347365, 2.0069324297987157, 1.5, 1.5811388300841898, 6.576473218982953, 2.386303510546059, 4.333333333333334, 0.0, 4.484112150432573], [13.42988722062617, 13.249570877987356, 13.298481779339735, 13.421224796261034, 13.579031653245165, 13.931845193714377, 14.094424637652281, 11.941252746223501, 10.971059760778749, 10.960454212650706, 9.749580635749798, 10.658306836632127, 8.191929555300868, 10.068934167212072, 10.455959380204646, 8.294827420869181, 7.999588716557609, 8.280795023126537, 9.085075766601374, 3.5173076529169918, 2.749674674818999, 3.4840863075277553, 4.049652208074723, 5.109392612449419, 5.537362931304932, 3.1419594886689017, 3.1047244163484944, 1.2498318794323102, 4.484112150432573, 0.0]];