totalHoles = 30;
zeroHoleID = 10;
C = [[0.0, 3.0, 0.12321568362489412, 2.7950849718747373, 5.640257086339239, 3.5, 4.6097722286464435, 4.0, 4.333333333333333, 5.0, 6.146362971528593, 5.068968775248516, 5.5901699437494745, 6.300352723811933, 7.433034373659253, 6.264982043070834, 7.213028336127468, 6.170415868766563, 7.54615428178118, 8.514693182963201, 7.615773105863909, 8.412952976082643, 9.313231579541796, 8.870988921447509, 9.7082439194738, 9.013878188659973, 9.696792138525904, 10.244239573752873, 10.201381637709964, 14.79066883483712], [3.0, 0.0, 2.9221063454831366, 1.346291201783626, 2.7950849718747373, 4.6097722286464435, 3.5, 5.0, 4.216370213557839, 4.0, 4.333333333333333, 5.449260908090605, 5.024937810560445, 5.068968775248516, 5.5901699437494745, 5.5, 5.74697988318889, 5.871350456220031, 6.553201083779166, 6.96419413859206, 7.0, 7.195677714974301, 7.875855869479952, 8.043285674675769, 8.381527307120106, 8.5, 8.661857640124188, 9.536479667279979, 10.214740970257697, 14.087328795838205], [0.12321568362489412, 2.9221063454831366, 0.0, 2.682366623807864, 5.542437558885085, 3.4067146845248004, 4.486560857870822, 3.906596206223596, 4.215988907512733, 4.876988549105098, 6.0247892791277, 4.963382083053692, 5.470466893231875, 6.17727165437947, 7.310918644026048, 6.144296887217714, 7.0898133112278146, 6.054950292306792, 7.424692048978941, 8.39147772145876, 7.497983140048018, 8.290525901185891, 9.19019022876835, 8.751766618937124, 9.585628058709025, 8.898714407071134, 9.57602144151762, 10.127229921479673, 10.097020588423298, 14.675581326111699], [2.7950849718747373, 1.346291201783626, 2.682366623807864, 0.0, 3.0, 3.3634060117684275, 2.3048861143232218, 3.7165171868296265, 2.873489941594445, 2.7950849718747373, 3.5009919229333346, 4.103690750748377, 3.75, 3.979984645419851, 4.802343178074636, 4.2793106921559225, 4.770423927120571, 4.569516697126886, 5.416666666666667, 6.046693311223912, 5.771698190307598, 6.1446679686085925, 6.920213000610249, 6.880427150822671, 7.386643351347079, 7.267220926874317, 7.566831863101257, 8.357049585695766, 8.908708860840846, 12.932476743733186], [5.640257086339239, 2.7950849718747373, 5.542437558885085, 3.0, 0.0, 5.942432162002357, 3.3634060117684275, 6.149186938124422, 4.717726618239387, 3.7165171868296265, 2.873489941594445, 5.986675018553936, 4.802343178074636, 4.103690750748377, 3.75, 4.930770730829005, 4.330928820062094, 5.681479299579499, 5.508200956553581, 5.25, 6.269968101992227, 5.810072671184453, 6.179172371480045, 6.952717294538717, 6.75, 7.668930825088983, 7.297735569643809, 8.416666666666666, 9.728198154770459, 12.725482417080697], [3.5, 4.6097722286464435, 3.4067146845248004, 3.3634060117684275, 5.942432162002357, 0.0, 3.0, 0.5, 1.7400510848184252, 3.0413812651491097, 4.693375946776242, 1.7159383568311668, 2.9154759474226504, 4.1163630117428225, 5.70087712549569, 3.605551275463989, 5.077182070575939, 3.1160987271509595, 4.867693955503411, 6.264982043070834, 4.6097722286464435, 5.833333333333334, 6.854921229038633, 5.9113826169894, 7.106335201775948, 5.830951894845301, 6.839428176227731, 7.120003121097943, 6.755599012364606, 11.545108730901681], [4.6097722286464435, 3.5, 4.486560857870822, 2.3048861143232218, 3.3634060117684275, 3.0, 0.0, 3.0413812651491097, 1.4240006242195882, 0.5, 1.7400510848184252, 2.6352313834736494, 1.5811388300841898, 1.7159383568311666, 2.9154759474226504, 2.0, 2.6034165586355518, 2.4715977552143853, 3.1135902820449006, 3.905124837953327, 3.5, 3.8765677832043357, 4.7204627187355, 4.576510072581994, 5.1478150704935, 5.0, 5.270462766947299, 6.057593948462083, 6.7757555879117115, 10.62913371957341], [4.0, 5.0, 3.906596206223596, 3.7165171868296265, 6.149186938124422, 0.5, 3.0413812651491097, 0.0, 1.666666666666667, 3.0, 4.666666666666667, 1.3017082793177759, 2.692582403567252, 3.9616214413349042, 5.5901699437494745, 3.3541019662496847, 4.901813723284248, 2.767323054745672, 4.576510072581994, 6.041522986797286, 4.242640687119285, 5.547772325697746, 6.581177467340602, 5.540256712864887, 6.800735254367722, 5.408326913195984, 6.482883446258909, 6.704061787039588, 6.26825057399462, 11.094093668543481], [4.333333333333333, 4.216370213557839, 4.215988907512733, 2.873489941594445, 4.717726618239387, 1.7400510848184252, 1.4240006242195882, 1.666666666666667, 0.0, 1.333333333333333, 3.0, 1.3017082793177759, 1.3017082793177757, 2.386303510546058, 3.9616214413349042, 2.0069324297987157, 3.3541019662496847, 1.8534146545434291, 3.3082388735465345, 4.576510072581994, 3.2829526005987013, 4.242640687119285, 5.2310099707090885, 4.549114687985393, 5.540256712864887, 4.693375946776241, 5.408326913195984, 5.9113826169894, 6.100841619369964, 10.467701483021743], [5.0, 4.0, 4.876988549105098, 2.7950849718747373, 3.7165171868296265, 3.0413812651491097, 0.5, 3.0, 1.333333333333333, 0.0, 1.666666666666667, 2.3863035105460586, 1.118033988749895, 1.3017082793177757, 2.692582403567252, 1.5, 2.242270674512285, 2.014150211765715, 2.6352313834736494, 3.5355339059327378, 3.0, 3.4318767136623336, 4.313318916945383, 4.0858835573770875, 4.716990566028302, 4.5, 4.7987266829626565, 5.562773089426212, 6.289969080181477, 10.137448512650844], [6.146362971528593, 4.333333333333333, 6.0247892791277, 3.5009919229333346, 2.873489941594445, 4.693375946776242, 1.7400510848184252, 4.666666666666667, 3.0, 1.666666666666667, 0.0, 3.9616214413349047, 2.386303510546059, 1.301708279317776, 1.3017082793177757, 2.242270674512285, 1.5, 3.1359002005652696, 2.63523138347365, 2.6352313834736494, 3.4318767136623336, 3.0, 3.5575677837962725, 4.0858835573770875, 4.0858835573770875, 4.7987266829626565, 4.5, 5.562773089426212, 6.89151755681518, 9.96301773349249], [5.068968775248516, 5.449260908090605, 4.963382083053692, 4.103690750748377, 5.986675018553936, 1.7159383568311668, 2.6352313834736494, 1.3017082793177759, 1.3017082793177759, 2.3863035105460586, 3.9616214413349047, 0.0, 1.6666666666666665, 2.9999999999999996, 4.666666666666666, 2.223610677354389, 3.8658045015810676, 1.4993925986903363, 3.3541019662496843, 4.9018137232842465, 2.948634335492355, 4.3237072570242825, 5.36536487494696, 4.242640687119285, 5.547772325697745, 4.1163630117428225, 5.190803834132479, 5.408326913195984, 5.1348677589700715, 9.834132260842349], [5.5901699437494745, 5.024937810560445, 5.470466893231875, 3.75, 4.802343178074636, 2.9154759474226504, 1.5811388300841898, 2.692582403567252, 1.3017082793177757, 1.118033988749895, 2.386303510546059, 1.6666666666666665, 0.0, 1.333333333333333, 3.0, 0.7071067811865476, 2.2236106773543893, 0.8961165856821078, 2.0069324297987157, 3.3541019662496847, 2.0615528128088303, 2.948634335492356, 3.951770043425936, 3.2829526005987013, 4.242640687119285, 3.5355339059327378, 4.116363011742823, 4.693375946776241, 5.203263195932045, 9.272636901807223], [6.300352723811933, 5.068968775248516, 6.17727165437947, 3.979984645419851, 4.103690750748377, 4.1163630117428225, 1.7159383568311666, 3.9616214413349042, 2.386303510546058, 1.3017082793177757, 1.301708279317776, 2.9999999999999996, 1.333333333333333, 0.0, 1.666666666666667, 0.9718253158075498, 0.9718253158075506, 1.9096864536452878, 1.5, 2.242270674512285, 2.1666666666666665, 2.166666666666667, 3.013297772202713, 3.0, 3.4318767136623336, 3.5978388574871505, 3.5978388574871505, 4.5, 5.6249100146904984, 9.02214527393405], [7.433034373659253, 5.5901699437494745, 7.310918644026048, 4.802343178074636, 3.75, 5.70087712549569, 2.9154759474226504, 5.5901699437494745, 3.9616214413349042, 2.692582403567252, 1.3017082793177757, 4.666666666666666, 3.0, 1.666666666666667, 0.0, 2.5495097567963922, 0.9718253158075498, 3.493100216335557, 2.242270674512285, 1.5, 3.2015621187164243, 2.1666666666666665, 2.430907176089997, 3.4318767136623336, 3.0, 4.301162633521313, 3.5978388574871505, 4.7987266829626565, 6.5074337228585035, 8.98168932512071], [6.264982043070834, 5.5, 6.144296887217714, 4.2793106921559225, 4.930770730829005, 3.605551275463989, 2.0, 3.3541019662496847, 2.0069324297987157, 1.5, 2.242270674512285, 2.223610677354389, 0.7071067811865476, 0.9718253158075498, 2.5495097567963922, 0.0, 1.666666666666667, 0.9491142773560721, 1.3017082793177757, 2.692582403567252, 1.5, 2.242270674512285, 3.2512421441966297, 2.6352313834736494, 3.5355339059327378, 3.0, 3.4318767136623336, 4.0858835573770875, 4.849974510985157, 8.668102358698226], [7.213028336127468, 5.74697988318889, 7.0898133112278146, 4.770423927120571, 4.330928820062094, 5.077182070575939, 2.6034165586355518, 4.901813723284248, 3.3541019662496847, 2.242270674512285, 1.5, 3.8658045015810676, 2.2236106773543893, 0.9718253158075506, 0.9718253158075498, 1.666666666666667, 0.0, 2.5841607736034073, 1.301708279317776, 1.3017082793177757, 2.242270674512285, 1.5, 2.1499171931091974, 2.63523138347365, 2.6352313834736494, 3.4318767136623336, 3.0, 4.0858835573770875, 5.6081686817943135, 8.4634424740828], [6.170415868766563, 5.871350456220031, 6.054950292306792, 4.569516697126886, 5.681479299579499, 3.1160987271509595, 2.4715977552143853, 2.767323054745672, 1.8534146545434291, 2.014150211765715, 3.1359002005652696, 1.4993925986903363, 0.8961165856821078, 1.9096864536452878, 3.493100216335557, 0.9491142773560721, 2.5841607736034073, 0.0, 1.8684001678338553, 3.4707010757610313, 1.4982772598576013, 2.8322965486960974, 3.8752952985272833, 2.79909557233883, 4.048429670034301, 2.8440906426011927, 3.7236971648727137, 4.083987372533381, 4.343417491873835, 8.620859006079856], [7.54615428178118, 6.553201083779166, 7.424692048978941, 5.416666666666667, 5.508200956553581, 4.867693955503411, 3.1135902820449006, 4.576510072581994, 3.3082388735465345, 2.6352313834736494, 2.63523138347365, 3.3541019662496843, 2.0069324297987157, 1.5, 2.242270674512285, 1.3017082793177757, 1.301708279317776, 1.8684001678338553, 0.0, 1.666666666666667, 0.9718253158075498, 0.9718253158075506, 2.0114221001279766, 1.5, 2.242270674512285, 2.1666666666666665, 2.166666666666667, 3.0, 4.312557756243058, 7.534403858182375], [8.514693182963201, 6.96419413859206, 8.39147772145876, 6.046693311223912, 5.25, 6.264982043070834, 3.905124837953327, 6.041522986797286, 4.576510072581994, 3.5355339059327378, 2.6352313834736494, 4.9018137232842465, 3.3541019662496847, 2.242270674512285, 1.5, 2.692582403567252, 1.3017082793177757, 3.4707010757610313, 1.666666666666667, 0.0, 2.5495097567963922, 0.9718253158075498, 0.9355025920259398, 2.242270674512285, 1.5, 3.2015621187164243, 2.1666666666666665, 3.4318767136623336, 5.413431017844671, 7.485912054466728], [7.615773105863909, 7.0, 7.497983140048018, 5.771698190307598, 6.269968101992227, 4.6097722286464435, 3.5, 4.242640687119285, 3.2829526005987013, 3.0, 3.4318767136623336, 2.948634335492355, 2.0615528128088303, 2.1666666666666665, 3.2015621187164243, 1.5, 2.242270674512285, 1.4982772598576013, 0.9718253158075498, 2.5495097567963922, 0.0, 1.666666666666667, 2.6526271658719214, 1.3017082793177757, 2.692582403567252, 1.5, 2.242270674512285, 2.6352313834736494, 3.461328427753196, 7.211389231978308], [8.412952976082643, 7.195677714974301, 8.290525901185891, 6.1446679686085925, 5.810072671184453, 5.833333333333334, 3.8765677832043357, 5.547772325697746, 4.242640687119285, 3.4318767136623336, 3.0, 4.3237072570242825, 2.948634335492356, 2.166666666666667, 2.1666666666666665, 2.242270674512285, 1.5, 2.8322965486960974, 0.9718253158075506, 0.9718253158075498, 1.666666666666667, 0.0, 1.043072067571525, 1.301708279317776, 1.3017082793177757, 2.242270674512285, 1.5, 2.63523138347365, 4.462073250298034, 6.964050162537008], [9.313231579541796, 7.875855869479952, 9.19019022876835, 6.920213000610249, 6.179172371480045, 6.854921229038633, 4.7204627187355, 6.581177467340602, 5.2310099707090885, 4.313318916945383, 3.5575677837962725, 5.36536487494696, 3.951770043425936, 3.013297772202713, 2.430907176089997, 3.2512421441966297, 2.1499171931091974, 3.8752952985272833, 2.0114221001279766, 0.9355025920259398, 2.6526271658719214, 1.043072067571525, 0.0, 1.8739461747351889, 0.5839696058945691, 2.828831257258571, 1.4331276073920782, 2.734507207290932, 4.945437907777067, 6.573533448453195], [8.870988921447509, 8.043285674675769, 8.751766618937124, 6.880427150822671, 6.952717294538717, 5.9113826169894, 4.576510072581994, 5.540256712864887, 4.549114687985393, 4.0858835573770875, 4.0858835573770875, 4.242640687119285, 3.2829526005987013, 3.0, 3.4318767136623336, 2.6352313834736494, 2.63523138347365, 2.79909557233883, 1.5, 2.242270674512285, 1.3017082793177757, 1.301708279317776, 1.8739461747351889, 0.0, 1.666666666666667, 0.9718253158075498, 0.9718253158075506, 1.5, 3.171229434856276, 6.052716551468142], [9.7082439194738, 8.381527307120106, 9.585628058709025, 7.386643351347079, 6.75, 7.106335201775948, 5.1478150704935, 6.800735254367722, 5.540256712864887, 4.716990566028302, 4.0858835573770875, 5.547772325697745, 4.242640687119285, 3.4318767136623336, 3.0, 3.5355339059327378, 2.6352313834736494, 4.048429670034301, 2.242270674512285, 1.5, 2.692582403567252, 1.3017082793177757, 0.5839696058945691, 1.666666666666667, 0.0, 2.5495097567963922, 0.9718253158075498, 2.242270674512285, 4.5567287732022725, 5.992246276767436], [9.013878188659973, 8.5, 8.898714407071134, 7.267220926874317, 7.668930825088983, 5.830951894845301, 5.0, 5.408326913195984, 4.693375946776241, 4.5, 4.7987266829626565, 4.1163630117428225, 3.5355339059327378, 3.5978388574871505, 4.301162633521313, 3.0, 3.4318767136623336, 2.8440906426011927, 2.1666666666666665, 3.2015621187164243, 1.5, 2.242270674512285, 2.828831257258571, 0.9718253158075498, 2.5495097567963922, 0.0, 1.666666666666667, 1.3017082793177757, 2.2224617459787943, 5.776873792053592], [9.696792138525904, 8.661857640124188, 9.57602144151762, 7.566831863101257, 7.297735569643809, 6.839428176227731, 5.270462766947299, 6.482883446258909, 5.408326913195984, 4.7987266829626565, 4.5, 5.190803834132479, 4.116363011742823, 3.5978388574871505, 3.5978388574871505, 3.4318767136623336, 3.0, 3.7236971648727137, 2.166666666666667, 2.1666666666666665, 2.242270674512285, 1.5, 1.4331276073920782, 0.9718253158075506, 0.9718253158075498, 1.666666666666667, 0.0, 1.301708279317776, 3.587288588696477, 5.464991383392537], [10.244239573752873, 9.536479667279979, 10.127229921479673, 8.357049585695766, 8.416666666666666, 7.120003121097943, 6.057593948462083, 6.704061787039588, 5.9113826169894, 5.562773089426212, 5.562773089426212, 5.408326913195984, 4.693375946776241, 4.5, 4.7987266829626565, 4.0858835573770875, 4.0858835573770875, 4.083987372533381, 3.0, 3.4318767136623336, 2.6352313834736494, 2.63523138347365, 2.734507207290932, 1.5, 2.242270674512285, 1.3017082793177757, 1.301708279317776, 0.0, 2.452598184796188, 4.5829590666554445], [10.201381637709964, 10.214740970257697, 10.097020588423298, 8.908708860840846, 9.728198154770459, 6.755599012364606, 6.7757555879117115, 6.26825057399462, 6.100841619369964, 6.289969080181477, 6.89151755681518, 5.1348677589700715, 5.203263195932045, 5.6249100146904984, 6.5074337228585035, 4.849974510985157, 5.6081686817943135, 4.343417491873835, 4.312557756243058, 5.413431017844671, 3.461328427753196, 4.462073250298034, 4.945437907777067, 3.171229434856276, 4.5567287732022725, 2.2224617459787943, 3.587288588696477, 2.452598184796188, 0.0, 5.166781545156975], [14.79066883483712, 14.087328795838205, 14.675581326111699, 12.932476743733186, 12.725482417080697, 11.545108730901681, 10.62913371957341, 11.094093668543481, 10.467701483021743, 10.137448512650844, 9.96301773349249, 9.834132260842349, 9.272636901807223, 9.02214527393405, 8.98168932512071, 8.668102358698226, 8.4634424740828, 8.620859006079856, 7.534403858182375, 7.485912054466728, 7.211389231978308, 6.964050162537008, 6.573533448453195, 6.052716551468142, 5.992246276767436, 5.776873792053592, 5.464991383392537, 4.5829590666554445, 5.166781545156975, 0.0]];