totalHoles = 30;
zeroHoleID = 20;
C = [[0.0, 3.0, 3.666666666666666, 6.0, 1.8027756377319946, 2.0883273476902775, 4.6097722286464435, 5.5901699437494745, 4.635228565102962, 3.8263069662534916, 6.452954749570154, 3.6933216756735394, 5.625, 6.016458773888444, 5.618051263561058, 7.652613932506983, 7.301540933255117, 7.7308230480331135, 9.314806761280666, 9.287928994129961, 9.5, 9.962429422585638, 10.183046913593419, 11.236102527122116, 12.692924694179535, 10.65885130354632, 11.423659658795863, 11.853269591129697, 10.943668725221576, 13.033028580590575], [3.0, 0.0, 0.6666666666666661, 3.0, 1.8027756377319946, 1.5365907428821481, 1.8027756377319946, 2.692582403567252, 2.1958681093263728, 2.375, 3.8263069662534916, 3.6933216756735394, 3.6933216756735394, 4.044117857725469, 4.75, 5.618051263561058, 5.942432162002357, 7.125, 7.7308230480331135, 8.26230143483037, 9.962429422585638, 9.5, 9.523363084774434, 9.962429422585638, 11.159482193136679, 10.564615994493654, 10.606601717798213, 10.793516572461451, 11.060276229687737, 12.750656386193153], [3.666666666666666, 0.6666666666666661, 0.0, 2.333333333333334, 2.386303510546058, 2.0883273476902775, 1.301708279317776, 2.0883273476902784, 1.8876651241276126, 2.466793352602614, 3.3294247918288296, 4.010619583611047, 3.4763586472693584, 3.7933894161512653, 4.79655547705272, 5.292158769769142, 5.810072671184453, 7.156121117228554, 7.497337490365793, 8.16762324329694, 10.183046913593419, 9.523363084774434, 9.5, 9.782353727219459, 10.901854054466838, 10.65885130354632, 10.533016872883307, 10.65885130354632, 11.195728564016257, 12.783026737311861], [6.0, 3.0, 2.333333333333334, 0.0, 4.6097722286464435, 4.28498671072748, 1.8027756377319946, 1.118033988749895, 2.4815982060693647, 3.8263069662534916, 2.375, 5.625, 3.6933216756735394, 3.8094622082977585, 5.618051263561058, 4.75, 5.942432162002357, 7.7308230480331135, 7.125, 8.26230143483037, 11.236102527122116, 9.962429422585638, 9.782353727219459, 9.5, 10.293578014750585, 11.296508801887029, 10.606601717798213, 10.51189802081432, 11.953892060186854, 13.164294230039289], [1.8027756377319946, 1.8027756377319946, 2.386303510546058, 4.6097722286464435, 0.0, 0.33333333333333304, 3.0, 4.0, 2.8863844316059413, 2.0348525745124633, 4.705382556179678, 2.375, 3.8263069662534916, 4.217885585048008, 4.038873605350878, 5.8576872569299905, 5.618051263561058, 6.30599912781472, 7.600370056780131, 7.7308230480331135, 8.631338250816034, 8.631338250816034, 8.771798244627178, 9.617692030835672, 11.010631753164406, 9.505846154399466, 9.962429422585638, 10.307764064044152, 9.90024210741549, 11.809939233218936], [2.0883273476902775, 1.5365907428821481, 2.0883273476902775, 4.28498671072748, 0.33333333333333304, 0.0, 2.666666666666667, 3.666666666666667, 2.567260292520338, 1.803257084031867, 4.387680037458419, 2.39827773852636, 3.570957310177638, 3.961931941003261, 3.9272905559827263, 5.605676686280713, 5.4473489984680725, 6.235121178542652, 7.407883375911847, 7.6076761307978344, 8.695464973830388, 8.579691784155834, 8.695464973830388, 9.466314547441952, 10.829639421313223, 9.5, 9.867173410410457, 10.183046913593419, 9.920231679522336, 11.780357410759809], [4.6097722286464435, 1.8027756377319946, 1.301708279317776, 1.8027756377319946, 3.0, 2.666666666666667, 0.0, 1.0, 0.8171340097115429, 2.0348525745124633, 2.0348525745124633, 3.8263069662534916, 2.375, 2.635843674771054, 4.038873605350878, 4.038873605350878, 4.75, 6.30599912781472, 6.30599912781472, 7.125, 9.617692030835672, 8.631338250816034, 8.540751983545972, 8.631338250816034, 9.677691725334832, 9.867173410410457, 9.5, 9.5524865872714, 10.46807617927217, 11.882511055690264], [5.5901699437494745, 2.692582403567252, 2.0883273476902784, 1.118033988749895, 4.0, 3.666666666666667, 1.0, 0.0, 1.4536869071768173, 2.8531780526283317, 1.4630874888399532, 4.651948516482099, 2.576941016011038, 2.7080207226414474, 4.5069390943299865, 3.783186487605389, 4.8541219597369, 6.615559311199621, 6.145374276640927, 7.19483321557908, 10.124228365658293, 8.860022573334675, 8.695464973830388, 8.514693182963201, 9.405616352631457, 10.183046913593419, 9.5524865872714, 9.5, 10.836784298470635, 12.073408953316672], [4.635228565102962, 2.1958681093263728, 1.8876651241276126, 2.4815982060693647, 2.8863844316059413, 2.567260292520338, 0.8171340097115429, 1.4536869071768173, 0.0, 1.406438984674575, 1.8205942767191599, 3.199601373776587, 1.604350913573192, 1.906807000276107, 3.227313818281129, 3.428125928911952, 3.9700662107752067, 5.48947067992208, 5.609882462987464, 6.34272493349624, 8.82030494410312, 7.818840848219131, 7.737939976316126, 7.9038449575247975, 9.015955801608177, 9.050042036685525, 8.716658961210467, 8.79918411446884, 9.652406753314438, 11.072239550776793], [3.8263069662534916, 2.375, 2.466793352602614, 3.8263069662534916, 2.0348525745124633, 1.803257084031867, 2.0348525745124633, 2.8531780526283317, 1.406438984674575, 0.0, 3.0, 1.8027756377319946, 1.8027756377319946, 2.193296884878901, 2.375, 3.8263069662534916, 3.6933216756735394, 4.75, 5.618051263561058, 5.942432162002357, 7.7308230480331135, 7.125, 7.156121117228554, 7.7308230480331135, 9.048286798951098, 8.208333333333334, 8.26230143483037, 8.500919067959652, 8.731441801169538, 10.376393574493612], [6.452954749570154, 3.8263069662534916, 3.3294247918288296, 2.375, 4.705382556179678, 4.387680037458419, 2.0348525745124633, 1.4630874888399532, 1.8205942767191599, 3.0, 0.0, 4.6097722286464435, 1.8027756377319946, 1.7226910037770238, 3.8263069662534916, 2.375, 3.6933216756735394, 5.618051263561058, 4.75, 5.942432162002357, 9.314806761280666, 7.7308230480331135, 7.497337490365793, 7.125, 7.955828022455908, 9.131086250337969, 8.26230143483037, 8.140370077582467, 9.838897348626698, 10.880668541457819], [3.6933216756735394, 3.6933216756735394, 4.010619583611047, 5.625, 2.375, 2.39827773852636, 3.8263069662534916, 4.651948516482099, 3.199601373776587, 1.8027756377319946, 4.6097722286464435, 0.0, 3.0, 3.3160550035548613, 2.0348525745124633, 4.705382556179678, 3.8263069662534916, 4.038873605350878, 5.8576872569299905, 5.618051263561058, 6.30599912781472, 6.30599912781472, 6.496927692720956, 7.600370056780131, 9.128059091665127, 7.1327930091312135, 7.7308230480331135, 8.171023497702109, 7.528157771703372, 9.450659766722529], [5.625, 3.6933216756735394, 3.4763586472693584, 3.6933216756735394, 3.8263069662534916, 3.570957310177638, 2.375, 2.576941016011038, 1.604350913573192, 1.8027756377319946, 1.8027756377319946, 3.0, 0.0, 0.3915786713752785, 2.0348525745124633, 2.0348525745124633, 2.375, 4.038873605350878, 4.038873605350878, 4.75, 7.600370056780131, 6.30599912781472, 6.181429401396124, 6.30599912781472, 7.466268700478999, 7.6076761307978344, 7.125, 7.19483321557908, 8.260689108377134, 9.541193548116787], [6.016458773888444, 4.044117857725469, 3.7933894161512653, 3.8094622082977585, 4.217885585048008, 3.961931941003261, 2.635843674771054, 2.7080207226414474, 1.906807000276107, 2.193296884878901, 1.7226910037770238, 3.3160550035548613, 0.3915786713752785, 0.0, 2.1324781835378634, 1.6445595983544479, 2.1541229848644856, 3.9453295402678847, 3.704421446135037, 4.517566580800657, 7.596573180723072, 6.1534573338372835, 5.991656797143029, 6.001845568542284, 7.120127910012935, 7.4971362944342745, 6.8889636223464255, 6.916901339938088, 8.17599067867967, 9.36655241001473], [5.618051263561058, 4.75, 4.79655547705272, 5.618051263561058, 4.038873605350878, 3.9272905559827263, 4.038873605350878, 4.5069390943299865, 3.227313818281129, 2.375, 3.8263069662534916, 2.0348525745124633, 2.0348525745124633, 2.1324781835378634, 0.0, 3.0, 1.8027756377319946, 2.375, 3.8263069662534916, 3.6933216756735394, 5.618051263561058, 4.75, 4.79655547705272, 5.618051263561058, 7.105645303081965, 5.867163804693978, 5.942432162002357, 6.269968101992227, 6.43643469456701, 8.002568271924734], [7.652613932506983, 5.618051263561058, 5.292158769769142, 4.75, 5.8576872569299905, 5.605676686280713, 4.038873605350878, 3.783186487605389, 3.428125928911952, 3.8263069662534916, 2.375, 4.705382556179678, 2.0348525745124633, 1.6445595983544479, 3.0, 0.0, 1.8027756377319946, 3.8263069662534916, 2.375, 3.6933216756735394, 7.652613932506983, 5.618051263561058, 5.292158769769142, 4.75, 5.64923894874635, 7.1009584642575625, 5.942432162002357, 5.771698190307598, 7.873596172463295, 8.646415629790988], [7.301540933255117, 5.942432162002357, 5.810072671184453, 5.942432162002357, 5.618051263561058, 5.4473489984680725, 4.75, 4.8541219597369, 3.9700662107752067, 3.6933216756735394, 3.6933216756735394, 3.8263069662534916, 2.375, 2.1541229848644856, 1.8027756377319946, 1.8027756377319946, 0.0, 2.0348525745124633, 2.0348525745124633, 2.375, 5.8576872569299905, 4.038873605350878, 3.84147685720537, 4.038873605350878, 5.395726965376441, 5.4473489984680725, 4.75, 4.8541219597369, 6.178883410089219, 7.2219062342742655], [7.7308230480331135, 7.125, 7.156121117228554, 7.7308230480331135, 6.30599912781472, 6.235121178542652, 6.30599912781472, 6.615559311199621, 5.48947067992208, 4.75, 5.618051263561058, 4.038873605350878, 4.038873605350878, 3.9453295402678847, 2.375, 3.8263069662534916, 2.0348525745124633, 0.0, 3.0, 1.8027756377319946, 3.8263069662534916, 2.375, 2.466793352602614, 3.8263069662534916, 5.512725854815281, 3.570957310177638, 3.6933216756735394, 4.20007440410286, 4.230668650182981, 5.629733944054593], [9.314806761280666, 7.7308230480331135, 7.497337490365793, 7.125, 7.600370056780131, 7.407883375911847, 6.30599912781472, 6.145374276640927, 5.609882462987464, 5.618051263561058, 4.75, 5.8576872569299905, 4.038873605350878, 3.704421446135037, 3.8263069662534916, 2.375, 2.0348525745124633, 3.0, 0.0, 1.8027756377319946, 6.452954749570154, 3.8263069662534916, 3.3294247918288296, 2.375, 3.4371284347796585, 5.362064538133714, 3.6933216756735394, 3.4118360159890453, 6.201966005811691, 6.512550082503625], [9.287928994129961, 8.26230143483037, 8.16762324329694, 8.26230143483037, 7.7308230480331135, 7.6076761307978344, 7.125, 7.19483321557908, 6.34272493349624, 5.942432162002357, 5.942432162002357, 5.618051263561058, 4.75, 4.517566580800657, 3.6933216756735394, 3.6933216756735394, 2.375, 1.8027756377319946, 1.8027756377319946, 0.0, 4.705382556179678, 2.0348525745124633, 1.6078151151312285, 2.0348525745124633, 3.70996235318211, 3.570957310177638, 2.375, 2.576941016011038, 4.404482471947294, 4.955677046647973], [9.5, 9.962429422585638, 10.183046913593419, 11.236102527122116, 8.631338250816034, 8.695464973830388, 9.617692030835672, 10.124228365658293, 8.82030494410312, 7.7308230480331135, 9.314806761280666, 6.30599912781472, 7.600370056780131, 7.596573180723072, 5.618051263561058, 7.652613932506983, 5.8576872569299905, 3.8263069662534916, 6.452954749570154, 4.705382556179678, 0.0, 3.0, 3.666666666666666, 6.0, 7.625460117308658, 2.0883273476902775, 4.6097722286464435, 5.5901699437494745, 1.7563734706074097, 4.231850105874152], [9.962429422585638, 9.5, 9.523363084774434, 9.962429422585638, 8.631338250816034, 8.579691784155834, 8.631338250816034, 8.860022573334675, 7.818840848219131, 7.125, 7.7308230480331135, 6.30599912781472, 6.30599912781472, 6.1534573338372835, 4.75, 5.618051263561058, 4.038873605350878, 2.375, 3.8263069662534916, 2.0348525745124633, 3.0, 0.0, 0.6666666666666661, 3.0, 4.644496477282222, 1.5365907428821481, 1.8027756377319946, 2.692582403567252, 2.377114401507898, 3.260055155187495], [10.183046913593419, 9.523363084774434, 9.5, 9.782353727219459, 8.771798244627178, 8.695464973830388, 8.540751983545972, 8.695464973830388, 7.737939976316126, 7.156121117228554, 7.497337490365793, 6.496927692720956, 6.181429401396124, 5.991656797143029, 4.79655547705272, 5.292158769769142, 3.84147685720537, 2.466793352602614, 3.3294247918288296, 1.6078151151312285, 3.666666666666666, 0.6666666666666661, 0.0, 2.333333333333334, 3.9859411101328894, 2.0883273476902775, 1.301708279317776, 2.0883273476902784, 2.943688278332166, 3.3844488329602833], [11.236102527122116, 9.962429422585638, 9.782353727219459, 9.5, 9.617692030835672, 9.466314547441952, 8.631338250816034, 8.514693182963201, 7.9038449575247975, 7.7308230480331135, 7.125, 7.600370056780131, 6.30599912781472, 6.001845568542284, 5.618051263561058, 4.75, 4.038873605350878, 3.8263069662534916, 2.375, 2.0348525745124633, 6.0, 3.0, 2.333333333333334, 0.0, 1.7306221581584331, 4.28498671072748, 1.8027756377319946, 1.118033988749895, 5.120204877488692, 4.62032075846927], [12.692924694179535, 11.159482193136679, 10.901854054466838, 10.293578014750585, 11.010631753164406, 10.829639421313223, 9.677691725334832, 9.405616352631457, 9.015955801608177, 9.048286798951098, 7.955828022455908, 9.128059091665127, 7.466268700478999, 7.120127910012935, 7.105645303081965, 5.64923894874635, 5.395726965376441, 5.512725854815281, 3.4371284347796585, 3.70996235318211, 7.625460117308658, 4.644496477282222, 3.9859411101328894, 1.7306221581584331, 0.0, 5.772208823683855, 3.113683002356956, 2.122009349988973, 6.5635085758589256, 5.5215771433801715], [10.65885130354632, 10.564615994493654, 10.65885130354632, 11.296508801887029, 9.505846154399466, 9.5, 9.867173410410457, 10.183046913593419, 9.050042036685525, 8.208333333333334, 9.131086250337969, 7.1327930091312135, 7.6076761307978344, 7.4971362944342745, 5.867163804693978, 7.1009584642575625, 5.4473489984680725, 3.570957310177638, 5.362064538133714, 3.570957310177638, 2.0883273476902775, 1.5365907428821481, 2.0883273476902775, 4.28498671072748, 5.772208823683855, 0.0, 2.666666666666667, 3.666666666666667, 0.8555461274877219, 2.413615972216766], [11.423659658795863, 10.606601717798213, 10.533016872883307, 10.606601717798213, 9.962429422585638, 9.867173410410457, 9.5, 9.5524865872714, 8.716658961210467, 8.26230143483037, 8.26230143483037, 7.7308230480331135, 7.125, 6.8889636223464255, 5.942432162002357, 5.942432162002357, 4.75, 3.6933216756735394, 3.6933216756735394, 2.375, 4.6097722286464435, 1.8027756377319946, 1.301708279317776, 1.8027756377319946, 3.113683002356956, 2.666666666666667, 0.0, 1.0, 3.4498668808964377, 2.871026005576692], [11.853269591129697, 10.793516572461451, 10.65885130354632, 10.51189802081432, 10.307764064044152, 10.183046913593419, 9.5524865872714, 9.5, 8.79918411446884, 8.500919067959652, 8.140370077582467, 8.171023497702109, 7.19483321557908, 6.916901339938088, 6.269968101992227, 5.771698190307598, 4.8541219597369, 4.20007440410286, 3.4118360159890453, 2.576941016011038, 5.5901699437494745, 2.692582403567252, 2.0883273476902784, 1.118033988749895, 2.122009349988973, 3.666666666666667, 1.0, 0.0, 4.444868561885757, 3.579933671190499], [10.943668725221576, 11.060276229687737, 11.195728564016257, 11.953892060186854, 9.90024210741549, 9.920231679522336, 10.46807617927217, 10.836784298470635, 9.652406753314438, 8.731441801169538, 9.838897348626698, 7.528157771703372, 8.260689108377134, 8.17599067867967, 6.43643469456701, 7.873596172463295, 6.178883410089219, 4.230668650182981, 6.201966005811691, 4.404482471947294, 1.7563734706074097, 2.377114401507898, 2.943688278332166, 5.120204877488692, 6.5635085758589256, 0.8555461274877219, 3.4498668808964377, 4.444868561885757, 0.0, 2.4777928607597794], [13.033028580590575, 12.750656386193153, 12.783026737311861, 13.164294230039289, 11.809939233218936, 11.780357410759809, 11.882511055690264, 12.073408953316672, 11.072239550776793, 10.376393574493612, 10.880668541457819, 9.450659766722529, 9.541193548116787, 9.36655241001473, 8.002568271924734, 8.646415629790988, 7.2219062342742655, 5.629733944054593, 6.512550082503625, 4.955677046647973, 4.231850105874152, 3.260055155187495, 3.3844488329602833, 4.62032075846927, 5.5215771433801715, 2.413615972216766, 2.871026005576692, 3.579933671190499, 2.4777928607597794, 0.0]];