totalHoles = 30;
zeroHoleID = 15;
C = [[0.0, 0.5, 3.0, 5.5, 8.0, 0.5, 2.5495097567963922, 5.024937810560445, 7.516648189186454, 7.961039974441594, 9.154916711800277, 6.485560885536423, 7.956915231419774, 9.852030247619016, 6.25, 6.73145600891813, 8.00390529679106, 9.762812094883317, 8.984563557411763, 9.244535349051604, 12.399759536668677, 11.5, 11.884864324004713, 12.747548783981962, 14.0089257261219, 11.623548535021966, 12.0, 12.257650672131263, 13.0, 14.150971698084906], [0.5, 0.0, 2.5, 5.0, 7.5, 0.7071067811865476, 2.0615528128088303, 4.527692569068709, 7.0178344238090995, 7.513184256810641, 8.75, 6.269968101992227, 7.6198753270640855, 9.4505290857179, 6.269968101992227, 6.562202374203344, 7.7014609003746815, 9.38416218956173, 8.955523946766636, 9.161058451546287, 12.190410528107327, 11.510864433221338, 11.76860229593982, 12.539936203984453, 13.729530217745982, 11.57173380387678, 12.010412149464313, 12.165525060596439, 12.816005617976296, 13.892443989449804], [3.0, 2.5, 0.0, 2.5, 5.0, 3.0413812651491097, 0.7071067811865476, 2.0615528128088303, 4.527692569068709, 5.412655419240958, 6.914658342969665, 5.75, 6.269968101992227, 7.6198753270640855, 6.932712311931024, 6.269968101992227, 6.562202374203344, 7.7014609003746815, 9.22477877137476, 9.151108272584397, 11.41781372359484, 11.884864324004713, 11.5, 11.76860229593982, 12.539936203984453, 11.635967370040673, 12.36931687685298, 12.010412149464313, 12.165525060596439, 12.816005617976296], [5.5, 5.0, 2.5, 0.0, 2.5, 5.522680508593631, 3.0413812651491097, 0.7071067811865476, 2.0615528128088303, 3.826975267504322, 5.618051263561058, 6.269968101992227, 5.75, 6.269968101992227, 8.325412902673357, 6.932712311931024, 6.269968101992227, 6.562202374203344, 10.123817343300015, 9.801049600959965, 11.163638815799773, 12.747548783981962, 11.76860229593982, 11.5, 11.76860229593982, 12.222374975655015, 13.200378782444085, 12.36931687685298, 12.010412149464313, 12.165525060596439], [8.0, 7.5, 5.0, 2.5, 0.0, 8.0156097709407, 5.522680508593631, 3.0413812651491097, 0.7071067811865476, 3.5347759064389126, 5.273755777432247, 7.6198753270640855, 6.269968101992227, 5.75, 10.151970252123476, 8.325412902673357, 6.932712311931024, 6.269968101992227, 11.505946802423429, 10.994469698188832, 11.462425266607065, 14.0089257261219, 12.539936203984453, 11.76860229593982, 11.5, 13.261868776849836, 14.422205101855956, 13.200378782444085, 12.36931687685298, 12.010412149464313], [0.5, 0.7071067811865476, 3.0413812651491097, 5.522680508593631, 8.0156097709407, 0.0, 2.5, 5.0, 7.5, 7.758205753872837, 8.877640452282352, 6.046693311223912, 7.603453162872775, 9.56882960450232, 5.75, 6.269968101992227, 7.6198753270640855, 9.4505290857179, 8.486516294410972, 8.754493098406694, 11.951605097176971, 11.0, 11.40175425099138, 12.298373876248844, 13.601470508735444, 11.127639538671483, 11.5, 11.76860229593982, 12.539936203984453, 13.729530217745982], [2.5495097567963922, 2.0615528128088303, 0.7071067811865476, 3.0413812651491097, 5.522680508593631, 2.5, 0.0, 2.5, 5.0, 5.526179288629428, 6.896557112066861, 5.273755777432247, 6.046693311223912, 7.603453162872775, 6.269968101992227, 5.75, 6.269968101992227, 7.6198753270640855, 8.626476281483576, 8.59993837617255, 11.049942342916875, 11.280514172678478, 11.01135777277262, 11.40175425099138, 12.298373876248844, 11.082196312621047, 11.76860229593982, 11.5, 11.76860229593982, 12.539936203984453], [5.024937810560445, 4.527692569068709, 2.0615528128088303, 0.7071067811865476, 3.0413812651491097, 5.0, 2.5, 0.0, 2.5, 3.658901275072629, 5.367727638395972, 5.618051263561058, 5.273755777432247, 6.046693311223912, 7.6198753270640855, 6.269968101992227, 5.75, 6.269968101992227, 9.450461748226616, 9.152962948569185, 10.670594508494265, 12.083045973594572, 11.180339887498949, 11.01135777277262, 11.40175425099138, 11.589037428550233, 12.539936203984453, 11.76860229593982, 11.5, 11.76860229593982], [7.516648189186454, 7.0178344238090995, 4.527692569068709, 2.0615528128088303, 0.7071067811865476, 7.5, 5.0, 2.5, 0.0, 2.9557502518615077, 4.75, 6.914658342969665, 5.618051263561058, 5.273755777432247, 9.4505290857179, 7.6198753270640855, 6.269968101992227, 5.75, 10.803071853615998, 10.30021948318555, 10.86839217858965, 13.313526955694348, 11.884864324004713, 11.180339887498949, 11.01135777277262, 12.581593775400828, 13.729530217745982, 12.539936203984453, 11.76860229593982, 11.5], [7.961039974441594, 7.513184256810641, 5.412655419240958, 3.826975267504322, 3.5347759064389126, 7.758205753872837, 5.526179288629428, 3.658901275072629, 2.9557502518615077, 0.0, 1.8396060656240802, 4.776790523173193, 2.8577313927184416, 2.4526576857726687, 7.711072917192801, 5.459811951424294, 3.557871211211392, 2.8297258818157767, 8.454103152627624, 7.7981377014771915, 7.927714382690688, 10.795597968817402, 9.080948007621007, 8.234835622389022, 8.10317337457483, 9.916092026895289, 11.173922075489116, 9.757327275425082, 8.834836533315459, 8.567568942299605], [9.154916711800277, 8.75, 6.914658342969665, 5.618051263561058, 5.273755777432247, 8.877640452282352, 6.896557112066861, 5.367727638395972, 4.75, 1.8396060656240802, 0.0, 4.527692569068709, 2.0615528128088303, 0.7071067811865476, 7.566372975210778, 5.0990195135927845, 2.692582403567252, 1.0, 7.679865767488304, 6.873086607090016, 6.275692228623523, 9.762812094883317, 7.7014609003746815, 6.562202374203344, 6.269968101992227, 8.720669292941016, 10.090218035305282, 8.40014880820572, 7.198090024443984, 6.75], [6.485560885536423, 6.269968101992227, 5.75, 6.269968101992227, 7.6198753270640855, 6.046693311223912, 5.273755777432247, 5.618051263561058, 6.914658342969665, 4.776790523173193, 4.527692569068709, 0.0, 2.5, 5.0, 3.0413812651491097, 0.7071067811865476, 2.0615528128088303, 4.527692569068709, 3.9009836079273383, 3.5351113000440413, 5.920514360324545, 6.485560885536423, 5.75, 6.269968101992227, 7.6198753270640855, 5.98617322982538, 6.932712311931024, 6.269968101992227, 6.562202374203344, 7.7014609003746815], [7.956915231419774, 7.6198753270640855, 6.269968101992227, 5.75, 6.269968101992227, 7.603453162872775, 6.046693311223912, 5.273755777432247, 5.618051263561058, 2.8577313927184416, 2.0615528128088303, 2.5, 0.0, 2.5, 5.522680508593631, 3.0413812651491097, 0.7071067811865476, 2.0615528128088303, 5.710762412236527, 4.981445831042831, 5.414134434397603, 7.956915231419774, 6.269968101992227, 5.75, 6.269968101992227, 7.05868141697475, 8.325412902673357, 6.932712311931024, 6.269968101992227, 6.562202374203344], [9.852030247619016, 9.4505290857179, 7.6198753270640855, 6.269968101992227, 5.75, 9.56882960450232, 7.603453162872775, 6.046693311223912, 5.273755777432247, 2.4526576857726687, 0.7071067811865476, 5.0, 2.5, 0.0, 8.0156097709407, 5.522680508593631, 3.0413812651491097, 0.7071067811865476, 7.906196402108241, 7.0450403285949275, 6.0060979892647905, 9.852030247619016, 7.6198753270640855, 6.269968101992227, 5.75, 8.73588557361023, 10.151970252123476, 8.325412902673357, 6.932712311931024, 6.269968101992227], [6.25, 6.269968101992227, 6.932712311931024, 8.325412902673357, 10.151970252123476, 5.75, 6.269968101992227, 7.6198753270640855, 9.4505290857179, 7.711072917192801, 7.566372975210778, 3.0413812651491097, 5.522680508593631, 8.0156097709407, 0.0, 2.5, 5.0, 7.5, 2.8092861270818097, 3.3384695141916367, 7.299101620265678, 5.25, 6.046693311223912, 7.603453162872775, 9.56882960450232, 5.47840259596095, 5.75, 6.269968101992227, 7.6198753270640855, 9.4505290857179], [6.73145600891813, 6.562202374203344, 6.269968101992227, 6.932712311931024, 8.325412902673357, 6.269968101992227, 5.75, 6.269968101992227, 7.6198753270640855, 5.459811951424294, 5.0990195135927845, 0.7071067811865476, 3.0413812651491097, 5.522680508593631, 2.5, 0.0, 2.5, 5.0, 3.2073700696224727, 2.909152687828858, 5.7041428668894465, 5.814851674806504, 5.273755777432247, 6.046693311223912, 7.603453162872775, 5.3854998293843, 6.269968101992227, 5.75, 6.269968101992227, 7.6198753270640855], [8.00390529679106, 7.7014609003746815, 6.562202374203344, 6.269968101992227, 6.932712311931024, 7.6198753270640855, 6.269968101992227, 5.75, 6.269968101992227, 3.557871211211392, 2.692582403567252, 2.0615528128088303, 0.7071067811865476, 3.0413812651491097, 5.0, 2.5, 0.0, 2.5, 5.018202564983385, 4.2756239340027085, 4.929260312542486, 7.25, 5.618051263561058, 5.273755777432247, 6.046693311223912, 6.363514895178997, 7.6198753270640855, 6.269968101992227, 5.75, 6.269968101992227], [9.762812094883317, 9.38416218956173, 7.7014609003746815, 6.562202374203344, 6.269968101992227, 9.4505290857179, 7.6198753270640855, 6.269968101992227, 5.75, 2.8297258818157767, 1.0, 4.527692569068709, 2.0615528128088303, 0.7071067811865476, 7.5, 5.0, 2.5, 0.0, 7.251033802355466, 6.3717148938831, 5.343965625986675, 9.154916711800277, 6.914658342969665, 5.618051263561058, 5.273755777432247, 8.030257482175253, 9.4505290857179, 7.6198753270640855, 6.269968101992227, 5.75], [8.984563557411763, 8.955523946766636, 9.22477877137476, 10.123817343300015, 11.505946802423429, 8.486516294410972, 8.626476281483576, 9.450461748226616, 10.803071853615998, 8.454103152627624, 7.679865767488304, 3.9009836079273383, 5.710762412236527, 7.906196402108241, 2.8092861270818097, 3.2073700696224727, 5.018202564983385, 7.251033802355466, 0.0, 1.0224013980696744, 5.128405281566799, 2.662638123026532, 3.385823804900243, 5.372051475695753, 7.66512043461945, 2.6693925159849257, 3.1445537477240992, 3.5047614030089735, 5.213299023815647, 7.387396085997619], [9.244535349051604, 9.161058451546287, 9.151108272584397, 9.801049600959965, 10.994469698188832, 8.754493098406694, 8.59993837617255, 9.152962948569185, 10.30021948318555, 7.7981377014771915, 6.873086607090016, 3.5351113000440413, 4.981445831042831, 7.0450403285949275, 3.3384695141916367, 2.909152687828858, 4.2756239340027085, 6.3717148938831, 1.0224013980696744, 0.0, 4.1740878356005275, 3.0157739295473824, 2.715923634941817, 4.437795832927704, 6.6717181084534305, 2.4848632208614467, 3.4314148662502824, 3.015360450798274, 4.348584748185702, 6.4209018039577765], [12.399759536668677, 12.190410528107327, 11.41781372359484, 11.163638815799773, 11.462425266607065, 11.951605097176971, 11.049942342916875, 10.670594508494265, 10.86839217858965, 7.927714382690688, 6.275692228623523, 5.920514360324545, 5.414134434397603, 6.0060979892647905, 7.299101620265678, 5.7041428668894465, 4.929260312542486, 5.343965625986675, 5.128405281566799, 4.1740878356005275, 0.0, 5.408426452805178, 2.421468635953735, 0.3519541700681265, 2.623782216714841, 3.963317878885454, 5.462408308343815, 3.0163331894842518, 0.9266214399121907, 2.262518215578748], [11.5, 11.510864433221338, 11.884864324004713, 12.747548783981962, 14.0089257261219, 11.0, 11.280514172678478, 12.083045973594572, 13.313526955694348, 10.795597968817402, 9.762812094883317, 6.485560885536423, 7.956915231419774, 9.852030247619016, 5.25, 5.814851674806504, 7.25, 9.154916711800277, 2.662638123026532, 3.0157739295473824, 5.408426452805178, 0.0, 3.0, 5.5, 8.0, 1.4522214526940538, 0.5, 2.5495097567963922, 5.024937810560445, 7.516648189186454], [11.884864324004713, 11.76860229593982, 11.5, 11.76860229593982, 12.539936203984453, 11.40175425099138, 11.01135777277262, 11.180339887498949, 11.884864324004713, 9.080948007621007, 7.7014609003746815, 5.75, 6.269968101992227, 7.6198753270640855, 6.046693311223912, 5.273755777432247, 5.618051263561058, 6.914658342969665, 3.385823804900243, 2.715923634941817, 2.421468635953735, 3.0, 0.0, 2.5, 5.0, 1.5484841743798363, 3.0413812651491097, 0.7071067811865476, 2.0615528128088303, 4.527692569068709], [12.747548783981962, 12.539936203984453, 11.76860229593982, 11.5, 11.76860229593982, 12.298373876248844, 11.40175425099138, 11.01135777277262, 11.180339887498949, 8.234835622389022, 6.562202374203344, 6.269968101992227, 5.75, 6.269968101992227, 7.603453162872775, 6.046693311223912, 5.273755777432247, 5.618051263561058, 5.372051475695753, 4.437795832927704, 0.3519541700681265, 5.5, 2.5, 0.0, 2.5, 4.048273292055695, 5.522680508593631, 3.0413812651491097, 0.7071067811865476, 2.0615528128088303], [14.0089257261219, 13.729530217745982, 12.539936203984453, 11.76860229593982, 11.5, 13.601470508735444, 12.298373876248844, 11.40175425099138, 11.01135777277262, 8.10317337457483, 6.269968101992227, 7.6198753270640855, 6.269968101992227, 5.75, 9.56882960450232, 7.603453162872775, 6.046693311223912, 5.273755777432247, 7.66512043461945, 6.6717181084534305, 2.623782216714841, 8.0, 5.0, 2.5, 0.0, 6.548223427467797, 8.0156097709407, 5.522680508593631, 3.0413812651491097, 0.7071067811865476], [11.623548535021966, 11.57173380387678, 11.635967370040673, 12.222374975655015, 13.261868776849836, 11.127639538671483, 11.082196312621047, 11.589037428550233, 12.581593775400828, 9.916092026895289, 8.720669292941016, 5.98617322982538, 7.05868141697475, 8.73588557361023, 5.47840259596095, 5.3854998293843, 6.363514895178997, 8.030257482175253, 2.6693925159849257, 2.4848632208614467, 3.963317878885454, 1.4522214526940538, 1.5484841743798363, 4.048273292055695, 6.548223427467797, 0.0, 1.5252633557056505, 1.1476679454986567, 3.5788063823000753, 6.0661823687438226], [12.0, 12.010412149464313, 12.36931687685298, 13.200378782444085, 14.422205101855956, 11.5, 11.76860229593982, 12.539936203984453, 13.729530217745982, 11.173922075489116, 10.090218035305282, 6.932712311931024, 8.325412902673357, 10.151970252123476, 5.75, 6.269968101992227, 7.6198753270640855, 9.4505290857179, 3.1445537477240992, 3.4314148662502824, 5.462408308343815, 0.5, 3.0413812651491097, 5.522680508593631, 8.0156097709407, 1.5252633557056505, 0.0, 2.5, 5.0, 7.5], [12.257650672131263, 12.165525060596439, 12.010412149464313, 12.36931687685298, 13.200378782444085, 11.76860229593982, 11.5, 11.76860229593982, 12.539936203984453, 9.757327275425082, 8.40014880820572, 6.269968101992227, 6.932712311931024, 8.325412902673357, 6.269968101992227, 5.75, 6.269968101992227, 7.6198753270640855, 3.5047614030089735, 3.015360450798274, 3.0163331894842518, 2.5495097567963922, 0.7071067811865476, 3.0413812651491097, 5.522680508593631, 1.1476679454986567, 2.5, 0.0, 2.5, 5.0], [13.0, 12.816005617976296, 12.165525060596439, 12.010412149464313, 12.36931687685298, 12.539936203984453, 11.76860229593982, 11.5, 11.76860229593982, 8.834836533315459, 7.198090024443984, 6.562202374203344, 6.269968101992227, 6.932712311931024, 7.6198753270640855, 6.269968101992227, 5.75, 6.269968101992227, 5.213299023815647, 4.348584748185702, 0.9266214399121907, 5.024937810560445, 2.0615528128088303, 0.7071067811865476, 3.0413812651491097, 3.5788063823000753, 5.0, 2.5, 0.0, 2.5], [14.150971698084906, 13.892443989449804, 12.816005617976296, 12.165525060596439, 12.010412149464313, 13.729530217745982, 12.539936203984453, 11.76860229593982, 11.5, 8.567568942299605, 6.75, 7.7014609003746815, 6.562202374203344, 6.269968101992227, 9.4505290857179, 7.6198753270640855, 6.269968101992227, 5.75, 7.387396085997619, 6.4209018039577765, 2.262518215578748, 7.516648189186454, 4.527692569068709, 2.0615528128088303, 0.7071067811865476, 6.0661823687438226, 7.5, 5.0, 2.5, 0.0]];