totalHoles = 30;
zeroHoleID = 2;
C = [[0.0, 2.333333333333334, 0.8949512970937424, 1.5365907428821481, 3.640054944640259, 4.47213595499958, 4.272001872658765, 4.123105625617661, 4.031128874149275, 4.0, 4.630814663149935, 5.134307266916454, 5.375, 5.859613421075187, 6.480874640903889, 6.75, 7.141914620355276, 7.837321679700988, 8.125, 9.199279108229684, 9.554679036800394, 9.7082439194738, 9.617692030835672, 9.5524865872714, 9.513148795220223, 9.5, 10.564615994493654, 11.266525790301358, 12.90010359854044, 13.72639502442155], [2.333333333333334, 0.0, 2.960255984201539, 1.5365907428821481, 1.5365907428821475, 5.897268670984712, 5.540256712864887, 5.2068331172711035, 4.901813723284247, 4.630814663149935, 4.0, 5.134307266916454, 5.859613421075187, 5.375, 6.480874640903889, 7.141914620355276, 6.75, 7.837321679700988, 8.453405789647416, 9.199279108229684, 10.272999306000832, 10.44163673845139, 10.244239573752873, 10.067825540359305, 9.913514905308702, 9.782353727219459, 10.564615994493654, 11.083728948845028, 12.031240910574871, 13.905944403907498], [0.8949512970937424, 2.960255984201539, 0.0, 1.729977703255626, 4.049622817749488, 3.5959018344084166, 3.4234520976429814, 3.3180624658089917, 3.2861912283317842, 3.3299500073303014, 4.3647158806903255, 4.613074038091185, 4.69207465820309, 5.475193354209776, 5.912482526633249, 6.06001750368629, 6.684758022009134, 7.2398685882118095, 7.430565906565716, 8.582260466882174, 8.756815286736446, 8.906514480425667, 8.838298164928947, 8.798012770753445, 8.786042509372182, 8.802502896259071, 9.933576509406931, 10.682506393835862, 12.531232437755524, 13.027837425620756], [1.5365907428821481, 1.5365907428821481, 1.729977703255626, 0.0, 2.333333333333333, 4.362084109434134, 4.013864859597432, 3.70060055186242, 3.4318767136623336, 3.218867985971328, 3.218867985971328, 4.0, 4.527884286409174, 4.527884286409174, 5.375, 5.867163804693978, 5.867163804693978, 6.75, 7.219884771318107, 8.125, 8.906089958785063, 9.070709882791853, 8.908485343261844, 8.771798244627178, 8.661857640124188, 8.579691784155834, 9.5, 10.117850949082097, 11.497120064185301, 12.770336118194972], [3.640054944640259, 1.5365907428821475, 4.049622817749488, 2.333333333333333, 0.0, 6.264982043070834, 5.830951894845301, 5.408326913195984, 5.0, 4.6097722286464435, 3.2188679859713276, 4.630814663149935, 5.6027337077537425, 4.527884286409174, 5.859613421075186, 6.73145600891813, 5.867163804693977, 7.1419146203552755, 7.938238154653714, 8.453405789647416, 9.950151056302474, 10.124228365658293, 9.86154146165801, 9.617692030835672, 9.394147114027968, 9.192388155425117, 9.782353727219459, 10.184782584828485, 10.768764980718592, 13.171457717892162], [4.47213595499958, 5.897268670984712, 3.5959018344084166, 4.362084109434134, 6.264982043070834, 0.0, 0.5, 1.0, 1.5, 2.0, 4.333333333333334, 3.3208098075285464, 2.42706097986845, 4.546251508416333, 3.9583333333333335, 3.400367627183861, 5.132278030054274, 4.908184774209074, 4.584280205223062, 6.024400615644495, 5.368051859591589, 5.5, 5.522680508593631, 5.5901699437494745, 5.70087712549569, 5.852349955359813, 7.230337321161287, 8.152542507397909, 10.839712051572713, 9.950876703134458], [4.272001872658765, 5.540256712864887, 3.4234520976429814, 4.013864859597432, 5.830951894845301, 0.5, 0.0, 0.5, 1.0, 1.5, 3.833333333333334, 2.8480012484391772, 2.0348525745124633, 4.072477064937806, 3.570957310177638, 3.132491021535417, 4.7177266182393875, 4.601479230759508, 4.38926246651986, 5.77726025994252, 5.380641671391691, 5.522680508593631, 5.5, 5.522680508593631, 5.5901699437494745, 5.70087712549569, 7.025746302785998, 7.916552683367672, 10.485268321065853, 9.857303438548746], [4.123105625617661, 5.2068331172711035, 3.3180624658089917, 3.70060055186242, 5.408326913195984, 1.0, 0.5, 0.0, 0.5, 1.0, 3.333333333333334, 2.386303510546059, 1.7001838135919305, 3.6057920227199896, 3.2148202818267224, 2.9261749776799064, 4.321297387488058, 4.330928820062095, 4.244481711587412, 5.564177337616447, 5.439359229226254, 5.5901699437494745, 5.522680508593631, 5.5, 5.522680508593631, 5.5901699437494745, 6.851601597031489, 7.705820101854313, 10.143093520641697, 9.78840717370634], [4.031128874149275, 4.901813723284247, 3.2861912283317842, 3.4318767136623336, 5.0, 1.5, 1.0, 0.5, 0.0, 0.5, 2.833333333333334, 1.9436506316151003, 1.4630874888399532, 3.1493495801161515, 2.9014483930922808, 2.7950849718747373, 3.9484525801607115, 4.103690750748377, 4.155192534648665, 5.389193147195392, 5.542738750222751, 5.70087712549569, 5.5901699437494745, 5.522680508593631, 5.5, 5.522680508593631, 6.710274046399132, 7.52246771317419, 9.814470977705318, 9.744711330609366], [4.0, 4.630814663149935, 3.3299500073303014, 3.218867985971328, 4.6097722286464435, 2.0, 1.5, 1.0, 0.5, 0.0, 2.333333333333334, 1.5365907428821481, 1.375, 2.708333333333334, 2.646079384884571, 2.75, 3.606514168063734, 3.9272905559827263, 4.125, 5.256114164581199, 5.688345706958476, 5.852349955359813, 5.70087712549569, 5.5901699437494745, 5.522680508593631, 5.5, 6.60387091871965, 7.368539716209328, 9.50080706971552, 9.726555548371035], [4.630814663149935, 4.0, 4.3647158806903255, 3.218867985971328, 3.2188679859713276, 4.333333333333334, 3.833333333333334, 3.333333333333334, 2.833333333333334, 2.333333333333334, 0.0, 1.5365907428821481, 2.708333333333334, 1.375, 2.646079384884571, 3.606514168063734, 2.75, 3.9272905559827263, 4.73920557102606, 5.256114164581199, 6.826411951141947, 7.001983845866669, 6.704061787039589, 6.431260460524913, 6.1869037310901955, 5.974482776311641, 6.60387091871965, 7.085888905232278, 8.28271815113679, 9.978339152065786], [5.134307266916454, 5.134307266916454, 4.613074038091185, 4.0, 4.630814663149935, 3.3208098075285464, 2.8480012484391772, 2.386303510546059, 1.9436506316151003, 1.5365907428821481, 1.5365907428821481, 0.0, 1.2254534308210623, 1.2254534308210623, 1.375, 2.1032382440206607, 2.1032382440206607, 2.75, 3.3356762599375727, 4.125, 5.3276471110211645, 5.50252467307306, 5.230784942158405, 4.994441354590566, 4.7987266829626565, 4.648775226993784, 5.5, 6.14261198462593, 8.002276669371822, 8.790531669970692], [5.375, 5.859613421075187, 4.69207465820309, 4.527884286409174, 5.6027337077537425, 2.42706097986845, 2.0348525745124633, 1.7001838135919305, 1.4630874888399532, 1.375, 2.708333333333334, 1.2254534308210623, 0.0, 2.333333333333334, 1.5365907428821481, 1.375, 2.708333333333334, 2.646079384884571, 2.75, 3.9272905559827263, 4.414649262192063, 4.584280205223062, 4.38926246651986, 4.244481711587412, 4.155192534648665, 4.125, 5.256114164581199, 6.059395074498594, 8.454603040988768, 8.351646240969174], [5.859613421075187, 5.375, 5.475193354209776, 4.527884286409174, 4.527884286409174, 4.546251508416333, 4.072477064937806, 3.6057920227199896, 3.1493495801161515, 2.708333333333334, 1.375, 1.2254534308210623, 2.333333333333334, 0.0, 1.5365907428821481, 2.708333333333334, 1.375, 2.646079384884571, 3.606514168063734, 3.9272905559827263, 5.807904213483003, 5.982758793213862, 5.631169456200412, 5.303464538498501, 5.004338395610131, 4.73920557102606, 5.256114164581199, 5.7123298834011225, 7.058214900094141, 8.643573585757], [6.480874640903889, 6.480874640903889, 5.912482526633249, 5.375, 5.859613421075186, 3.9583333333333335, 3.570957310177638, 3.2148202818267224, 2.9014483930922808, 2.646079384884571, 2.646079384884571, 1.375, 1.5365907428821481, 1.5365907428821481, 0.0, 1.2254534308210623, 1.2254534308210623, 1.375, 2.1032382440206607, 2.75, 4.273836094876845, 4.448977722778322, 4.108130488569115, 3.8026397994609544, 3.541666666666667, 3.3356762599375727, 4.125, 4.785663288737904, 6.928304951278683, 7.4274867310218], [6.75, 7.141914620355276, 6.06001750368629, 5.867163804693978, 6.73145600891813, 3.400367627183861, 3.132491021535417, 2.9261749776799064, 2.7950849718747373, 2.75, 3.606514168063734, 2.1032382440206607, 1.375, 2.708333333333334, 1.2254534308210623, 0.0, 2.333333333333334, 1.5365907428821481, 1.375, 2.646079384884571, 3.2252487244355184, 3.400367627183861, 3.132491021535417, 2.9261749776799064, 2.7950849718747373, 2.75, 3.9272905559827263, 4.787317598442932, 7.515087503511629, 6.976772680333058], [7.141914620355276, 6.75, 6.684758022009134, 5.867163804693978, 5.867163804693977, 5.132278030054274, 4.7177266182393875, 4.321297387488058, 3.9484525801607115, 3.606514168063734, 2.75, 2.1032382440206607, 2.708333333333334, 1.375, 1.2254534308210623, 2.333333333333334, 0.0, 1.5365907428821481, 2.708333333333334, 2.646079384884571, 4.964358224311942, 5.132278030054274, 4.7177266182393875, 4.321297387488058, 3.9484525801607115, 3.606514168063734, 3.9272905559827263, 4.339683607856805, 5.900391951442808, 7.323709881688604], [7.837321679700988, 7.837321679700988, 7.2398685882118095, 6.75, 7.1419146203552755, 4.908184774209074, 4.601479230759508, 4.330928820062095, 4.103690750748377, 3.9272905559827263, 3.9272905559827263, 2.75, 2.646079384884571, 2.646079384884571, 1.375, 1.5365907428821481, 1.5365907428821481, 0.0, 1.2254534308210623, 1.375, 3.453806044376577, 3.618048891015402, 3.1896098681674396, 2.7851291611780673, 2.416666666666667, 2.1032382440206607, 2.75, 3.443067561445356, 5.978932772882869, 6.069837002609879], [8.125, 8.453405789647416, 7.430565906565716, 7.219884771318107, 7.938238154653714, 4.584280205223062, 4.38926246651986, 4.244481711587412, 4.155192534648665, 4.125, 4.73920557102606, 3.3356762599375727, 2.75, 3.606514168063734, 2.1032382440206607, 1.375, 2.708333333333334, 1.2254534308210623, 0.0, 1.5365907428821481, 2.2575607546139143, 2.42706097986845, 2.0348525745124633, 1.7001838135919305, 1.4630874888399532, 1.375, 2.646079384884571, 3.59190769757033, 6.727110656899942, 5.601961186208711], [9.199279108229684, 9.199279108229684, 8.582260466882174, 8.125, 8.453405789647416, 6.024400615644495, 5.77726025994252, 5.564177337616447, 5.389193147195392, 5.256114164581199, 5.256114164581199, 4.125, 3.9272905559827263, 3.9272905559827263, 2.75, 2.646079384884571, 2.646079384884571, 1.375, 1.5365907428821481, 0.0, 3.0615563719246106, 3.188793310607914, 2.6929047720094212, 2.1988791336597937, 1.7083333333333335, 1.2254534308210623, 1.375, 2.141986309989131, 5.222558253135427, 4.722238170295867], [9.554679036800394, 10.272999306000832, 8.756815286736446, 8.906089958785063, 9.950151056302474, 5.368051859591589, 5.380641671391691, 5.439359229226254, 5.542738750222751, 5.688345706958476, 6.826411951141947, 5.3276471110211645, 4.414649262192063, 5.807904213483003, 4.273836094876845, 3.2252487244355184, 4.964358224311942, 3.453806044376577, 2.2575607546139143, 3.0615563719246106, 0.0, 0.175743200337179, 0.407688240101188, 0.8952841614643108, 1.3917103716006805, 1.8900216366679388, 3.2555688665381033, 4.284813601637872, 7.989014681444656, 4.791442020738647], [9.7082439194738, 10.44163673845139, 8.906514480425667, 9.070709882791853, 10.124228365658293, 5.5, 5.522680508593631, 5.5901699437494745, 5.70087712549569, 5.852349955359813, 7.001983845866669, 5.50252467307306, 4.584280205223062, 5.982758793213862, 4.448977722778322, 3.400367627183861, 5.132278030054274, 3.618048891015402, 2.42706097986845, 3.188793310607914, 0.175743200337179, 0.0, 0.5, 1.0, 1.5, 2.0, 3.3208098075285464, 4.339932466403608, 8.065157641358985, 4.72058212045642], [9.617692030835672, 10.244239573752873, 8.838298164928947, 8.908485343261844, 9.86154146165801, 5.522680508593631, 5.5, 5.522680508593631, 5.5901699437494745, 5.70087712549569, 6.704061787039589, 5.230784942158405, 4.38926246651986, 5.631169456200412, 4.108130488569115, 3.132491021535417, 4.7177266182393875, 3.1896098681674396, 2.0348525745124633, 2.6929047720094212, 0.407688240101188, 0.5, 0.0, 0.5, 1.0, 1.5, 2.8480012484391772, 3.878514002366141, 7.582101435862463, 4.51999772949209], [9.5524865872714, 10.067825540359305, 8.798012770753445, 8.771798244627178, 9.617692030835672, 5.5901699437494745, 5.522680508593631, 5.5, 5.522680508593631, 5.5901699437494745, 6.431260460524913, 4.994441354590566, 4.244481711587412, 5.303464538498501, 3.8026397994609544, 2.9261749776799064, 4.321297387488058, 2.7851291611780673, 1.7001838135919305, 2.1988791336597937, 0.8952841614643108, 1.0, 0.5, 0.0, 0.5, 1.0, 2.386303510546059, 3.4279334766235388, 7.101391172681875, 4.367706880418425], [9.513148795220223, 9.913514905308702, 8.786042509372182, 8.661857640124188, 9.394147114027968, 5.70087712549569, 5.5901699437494745, 5.522680508593631, 5.5, 5.522680508593631, 6.1869037310901955, 4.7987266829626565, 4.155192534648665, 5.004338395610131, 3.541666666666667, 2.7950849718747373, 3.9484525801607115, 2.416666666666667, 1.4630874888399532, 1.7083333333333335, 1.3917103716006805, 1.5, 1.0, 0.5, 0.0, 0.5, 1.9436506316151003, 2.993089536542877, 6.623537649261192, 4.268881271702842], [9.5, 9.782353727219459, 8.802502896259071, 8.579691784155834, 9.192388155425117, 5.852349955359813, 5.70087712549569, 5.5901699437494745, 5.522680508593631, 5.5, 5.974482776311641, 4.648775226993784, 4.125, 4.73920557102606, 3.3356762599375727, 2.75, 3.606514168063734, 2.1032382440206607, 1.375, 1.2254534308210623, 1.8900216366679388, 2.0, 1.5, 1.0, 0.5, 0.0, 1.5365907428821481, 2.581945395892131, 6.14920689153625, 4.227272315635235], [10.564615994493654, 10.564615994493654, 9.933576509406931, 9.5, 9.782353727219459, 7.230337321161287, 7.025746302785998, 6.851601597031489, 6.710274046399132, 6.60387091871965, 6.60387091871965, 5.5, 5.256114164581199, 5.256114164581199, 4.125, 3.9272905559827263, 3.9272905559827263, 2.75, 2.646079384884571, 1.375, 3.2555688665381033, 3.3208098075285464, 2.8480012484391772, 2.386303510546059, 1.9436506316151003, 1.5365907428821481, 0.0, 1.0501173609099297, 4.752246028156906, 3.396674172738157], [11.266525790301358, 11.083728948845028, 10.682506393835862, 10.117850949082097, 10.184782584828485, 8.152542507397909, 7.916552683367672, 7.705820101854313, 7.52246771317419, 7.368539716209328, 7.085888905232278, 6.14261198462593, 6.059395074498594, 5.7123298834011225, 4.785663288737904, 4.787317598442932, 4.339683607856805, 3.443067561445356, 3.59190769757033, 2.141986309989131, 4.284813601637872, 4.339932466403608, 3.878514002366141, 3.4279334766235388, 2.993089536542877, 2.581945395892131, 1.0501173609099297, 0.0, 3.791804602460128, 3.2802632622285404], [12.90010359854044, 12.031240910574871, 12.531232437755524, 11.497120064185301, 10.768764980718592, 10.839712051572713, 10.485268321065853, 10.143093520641697, 9.814470977705318, 9.50080706971552, 8.28271815113679, 8.002276669371822, 8.454603040988768, 7.058214900094141, 6.928304951278683, 7.515087503511629, 5.900391951442808, 5.978932772882869, 6.727110656899942, 5.222558253135427, 7.989014681444656, 8.065157641358985, 7.582101435862463, 7.101391172681875, 6.623537649261192, 6.14920689153625, 4.752246028156906, 3.791804602460128, 0.0, 6.117217320339151], [13.72639502442155, 13.905944403907498, 13.027837425620756, 12.770336118194972, 13.171457717892162, 9.950876703134458, 9.857303438548746, 9.78840717370634, 9.744711330609366, 9.726555548371035, 9.978339152065786, 8.790531669970692, 8.351646240969174, 8.643573585757, 7.4274867310218, 6.976772680333058, 7.323709881688604, 6.069837002609879, 5.601961186208711, 4.722238170295867, 4.791442020738647, 4.72058212045642, 4.51999772949209, 4.367706880418425, 4.268881271702842, 4.227272315635235, 3.396674172738157, 3.2802632622285404, 6.117217320339151, 0.0]];