totalHoles = 60;
zeroHoleID = 43;
C = [[0.0, 2.3333333333333335, 0.6875, 2.4325091355315496, 6.53206103834804, 3.652119329916195, 1.5365907428821481, 3.640054944640259, 1.375, 2.7083333333333335, 2.051528055160619, 3.885570260592388, 2.0625, 3.1142175091737645, 2.646079384884571, 4.229731078922158, 2.75, 3.606514168063734, 3.277196570410617, 4.650688793071409, 3.4375, 4.154617996211498, 3.9272905559827263, 5.129571132170798, 4.125, 4.73920557102606, 5.967737074936883, 4.588302230794208, 5.65167287181415, 4.8125, 5.348326906093573, 5.256114164581199, 6.206095793653205, 5.5, 5.97448277631164, 5.92842874302383, 6.784921241252547, 6.0, 6.437735971942655, 6.375, 6.788598488969902, 6.60387091871965, 7.3824115301167, 6.75, 7.1419146203552755, 7.096556285347924, 7.826237921249264, 7.125, 7.497337490365792, 7.466708519227941, 8.163370933627847, 7.5, 7.8545811119654525, 8.234711263764218, 7.837321679700988, 8.503675675847475, 8.208333333333334, 8.846786139610249, 8.579691784155834, 10.712431505951931], [2.3333333333333335, 0.0, 2.4325091355315496, 0.6875, 4.222010913185992, 1.4501331221499385, 1.5365907428821481, 1.5365907428821477, 2.7083333333333335, 1.375, 2.051528055160619, 2.0515280551606185, 3.1142175091737645, 2.0625, 2.646079384884571, 2.646079384884571, 3.606514168063734, 2.75, 3.277196570410617, 3.277196570410617, 4.154617996211498, 3.4375, 3.9272905559827263, 3.9272905559827263, 4.73920557102606, 4.125, 4.620946872852956, 4.588302230794208, 4.588302230794208, 5.348326906093573, 4.8125, 5.256114164581199, 5.256114164581199, 5.97448277631164, 5.5, 5.92842874302383, 5.92842874302383, 6.437735971942655, 6.0, 6.788598488969902, 6.375, 6.60387091871965, 6.60387091871965, 7.1419146203552755, 6.75, 7.096556285347924, 7.096556285347924, 7.497337490365792, 7.125, 7.466708519227941, 7.466708519227941, 7.8545811119654525, 7.5, 7.6983608806507595, 7.837321679700988, 7.837321679700988, 8.208333333333334, 8.208333333333334, 8.579691784155834, 9.953924455203657], [0.6875, 2.4325091355315496, 0.0, 2.3333333333333335, 6.490257415271662, 3.574740110500138, 1.2077944200529789, 3.513923199217649, 0.6875, 2.4325091355315496, 1.5365907428821481, 3.640054944640259, 1.375, 2.7083333333333335, 2.051528055160619, 3.885570260592388, 2.0625, 3.1142175091737645, 2.646079384884571, 4.229731078922158, 2.75, 3.606514168063734, 3.277196570410617, 4.650688793071409, 3.4375, 4.154617996211498, 5.503454353833761, 3.9272905559827263, 5.129571132170798, 4.125, 4.73920557102606, 4.588302230794208, 5.65167287181415, 4.8125, 5.348326906093573, 5.256114164581199, 6.206095793653205, 5.3125, 5.802335796422372, 5.6875, 6.147528014937747, 5.92842874302383, 6.784921241252547, 6.0625, 6.496025761528694, 6.41940553019601, 7.217870617432817, 6.4375, 6.847324345643665, 6.78850258607236, 7.548023333959693, 6.8125, 7.201013865730606, 7.59851258747314, 7.158213279940122, 7.882189178775145, 7.528447207831846, 8.219878724774471, 7.899130797822702, 10.093478391979835], [2.4325091355315496, 0.6875, 2.3333333333333335, 0.0, 4.1570417436977865, 1.242448119491252, 1.2077944200529789, 1.2077944200529784, 2.4325091355315496, 0.6875, 1.5365907428821481, 1.5365907428821477, 2.7083333333333335, 1.375, 2.051528055160619, 2.0515280551606185, 3.1142175091737645, 2.0625, 2.646079384884571, 2.646079384884571, 3.606514168063734, 2.75, 3.277196570410617, 3.277196570410617, 4.154617996211498, 3.4375, 4.003407802221138, 3.9272905559827263, 3.9272905559827263, 4.73920557102606, 4.125, 4.588302230794208, 4.588302230794208, 5.348326906093573, 4.8125, 5.256114164581199, 5.256114164581199, 5.802335796422372, 5.3125, 6.147528014937747, 5.6875, 5.92842874302383, 5.92842874302383, 6.496025761528694, 6.0625, 6.41940553019601, 6.41940553019601, 6.847324345643665, 6.4375, 6.78850258607236, 6.78850258607236, 7.201013865730606, 6.8125, 7.013678363965402, 7.158213279940122, 7.158213279940122, 7.528447207831846, 7.528447207831846, 7.899130797822702, 9.284542494897295], [6.53206103834804, 4.222010913185992, 6.490257415271662, 4.1570417436977865, 0.0, 2.9158818854774604, 5.329743153294967, 3.0013599029267017, 6.52107151657403, 4.2049885215812735, 5.40710476945647, 3.136683148595105, 6.623489913335526, 4.362129454110066, 5.56890603221703, 3.408036616948947, 6.794275240218177, 4.617329399360512, 5.808094291886759, 3.7862855795950137, 7.028445485854328, 4.955461703008432, 6.1155961860829136, 4.242937178186058, 7.3199199691943635, 5.360856563812126, 4.151417481904466, 6.481696276362863, 4.7554585273996235, 7.662161787850393, 5.819474031693232, 6.8970695970680564, 5.307689536286209, 8.048697451822813, 6.319737764601962, 7.353370923228669, 5.888468656738052, 8.354152732422383, 6.704433057238884, 8.595216447587948, 7.002521011981579, 7.843460418869287, 6.490136402971109, 8.845613245283358, 7.307696519936328, 8.217676590620398, 6.937737940772345, 9.10457311406627, 7.619107974804892, 8.506825874101132, 7.277917671908503, 9.371386209821061, 7.936021310202078, 7.760123753987498, 8.802455018716227, 7.621365595700293, 9.103932790874968, 7.96765909458795, 9.410697113658184, 9.182388623029443], [3.652119329916195, 1.4501331221499385, 3.574740110500138, 1.242448119491252, 2.9158818854774604, 0.0, 2.4204183916306934, 0.2603461292152585, 3.6283426816233275, 1.3891656083053483, 2.5834504926967603, 0.9399847683172253, 3.8073989642485038, 1.8058785521095786, 2.904362271805319, 1.62624571401108, 4.095487227501948, 2.3532798606711456, 3.337923975101466, 2.3132426115758866, 4.471583264158526, 2.9597242034202154, 3.8462274011332447, 3.000469986132414, 4.915527504345148, 3.595458401648175, 3.526775003718216, 4.403465280764594, 3.6877989906382465, 5.410644777070905, 4.247350630175648, 4.993281509846029, 4.37518172799982, 5.944161476719461, 4.90896792954736, 5.6054015462089115, 5.062596311251225, 6.35079588667179, 5.394211607471117, 6.664112689908992, 5.759801074326688, 6.233257996578697, 5.750031318903014, 6.983511830980514, 6.126528214694976, 6.697242565770178, 6.24999303209349, 7.308195881548574, 6.494200298350241, 7.048464196858962, 6.624968109421804, 7.637490857128556, 6.862665448987813, 6.943134484232858, 7.402019122107251, 6.999945856968799, 7.757588325870363, 7.374925867433068, 8.114907034792136, 9.009424744981805], [1.5365907428821481, 1.5365907428821481, 1.2077944200529789, 1.2077944200529789, 5.329743153294967, 2.4204183916306934, 0.0, 2.333333333333333, 1.225453430821062, 1.225453430821062, 0.6875, 2.4325091355315487, 1.577978884874925, 1.577978884874925, 1.375, 2.708333333333333, 2.1032382440206607, 2.1032382440206607, 2.0625, 3.114217509173764, 2.7023170356401764, 2.7023170356401764, 2.75, 3.6065141680637334, 3.335676259937572, 3.335676259937572, 4.437136250181768, 3.4375, 4.154617996211498, 3.9870123352092994, 3.9870123352092994, 4.125, 4.73920557102606, 4.648775226993784, 4.648775226993784, 4.8125, 5.348326906093572, 5.134307266916454, 5.134307266916454, 5.500157826018369, 5.500157826018369, 5.5, 5.97448277631164, 5.867163804693978, 5.867163804693978, 6.0, 6.437735971942655, 6.235121178542652, 6.235121178542652, 6.375, 6.788598488969902, 6.60387091871965, 6.60387091871965, 6.9164482808814185, 6.75, 7.1419146203552755, 7.125, 7.497337490365792, 7.5, 9.334791027583002], [3.640054944640259, 1.5365907428821477, 3.513923199217649, 1.2077944200529784, 3.0013599029267017, 0.2603461292152585, 2.333333333333333, 0.0, 3.5200319600821808, 1.2254534308210616, 2.4325091355315487, 0.6875, 3.657718722099883, 1.5779788848749245, 2.708333333333333, 1.375, 3.913118960624632, 2.1032382440206603, 3.114217509173764, 2.0625, 4.265138479580704, 2.7023170356401764, 3.6065141680637334, 2.75, 4.692081094780865, 3.335676259937572, 3.297254426530482, 4.154617996211498, 3.4375, 5.175437783415042, 3.9870123352092994, 4.73920557102606, 4.125, 5.70087712549569, 4.648775226993784, 5.348326906093572, 4.8125, 6.103277807866851, 5.134307266916454, 6.41409580533375, 5.500157826018369, 5.97448277631164, 5.5, 6.73145600891813, 5.867163804693978, 6.437735971942655, 6.0, 7.054475529761231, 6.235121178542652, 6.788598488969902, 6.375, 7.3824115301167, 6.60387091871965, 6.688496984952645, 7.1419146203552755, 6.75, 7.497337490365792, 7.125, 7.8545811119654525, 8.76967452436397], [1.375, 2.7083333333333335, 0.6875, 2.4325091355315496, 6.52107151657403, 3.6283426816233275, 1.225453430821062, 3.5200319600821808, 0.0, 2.3333333333333335, 1.2077944200529789, 3.513923199217649, 0.6875, 2.4325091355315496, 1.5365907428821481, 3.640054944640259, 1.375, 2.7083333333333335, 2.051528055160619, 3.885570260592388, 2.0625, 3.1142175091737645, 2.646079384884571, 4.229731078922158, 2.75, 3.606514168063734, 5.089935790743077, 3.277196570410617, 4.650688793071409, 3.4375, 4.154617996211498, 3.9272905559827263, 5.129571132170798, 4.125, 4.73920557102606, 4.588302230794208, 5.65167287181415, 4.625, 5.180257661974397, 5.0, 5.517648452415616, 5.256114164581199, 6.206095793653205, 5.375, 5.859613421075186, 5.744713753626991, 6.625, 5.75, 6.205396397043821, 6.112373606964083, 6.946221994724902, 6.125, 6.554393140821234, 6.972060670017883, 6.480874640903889, 7.272594103894428, 6.850081102520693, 7.603453162872775, 7.219884771318107, 9.483972576353016], [2.7083333333333335, 1.375, 2.4325091355315496, 0.6875, 4.2049885215812735, 1.3891656083053483, 1.225453430821062, 1.2254534308210616, 2.3333333333333335, 0.0, 1.2077944200529789, 1.2077944200529784, 2.4325091355315496, 0.6875, 1.5365907428821481, 1.5365907428821477, 2.7083333333333335, 1.375, 2.051528055160619, 2.0515280551606185, 3.1142175091737645, 2.0625, 2.646079384884571, 2.646079384884571, 3.606514168063734, 2.75, 3.4127277301362087, 3.277196570410617, 3.277196570410617, 4.154617996211498, 3.4375, 3.9272905559827263, 3.9272905559827263, 4.73920557102606, 4.125, 4.588302230794208, 4.588302230794208, 5.180257661974397, 4.625, 5.517648452415616, 5.0, 5.256114164581199, 5.256114164581199, 5.859613421075186, 5.375, 5.744713753626991, 5.744713753626991, 6.205396397043821, 5.75, 6.112373606964083, 6.112373606964083, 6.554393140821234, 6.125, 6.329606673212709, 6.480874640903889, 6.480874640903889, 6.850081102520693, 6.850081102520693, 7.219884771318107, 8.618013641159193], [2.051528055160619, 2.051528055160619, 1.5365907428821481, 1.5365907428821481, 5.40710476945647, 2.5834504926967603, 0.6875, 2.4325091355315487, 1.2077944200529789, 1.2077944200529789, 0.0, 2.333333333333333, 1.225453430821062, 1.225453430821062, 0.6875, 2.4325091355315487, 1.577978884874925, 1.577978884874925, 1.375, 2.708333333333333, 2.1032382440206607, 2.1032382440206607, 2.0625, 3.114217509173764, 2.7023170356401764, 2.7023170356401764, 3.9670268630087047, 2.75, 3.6065141680637334, 3.335676259937572, 3.335676259937572, 3.4375, 4.154617996211498, 3.9870123352092994, 3.9870123352092994, 4.125, 4.73920557102606, 4.4675236273702135, 4.4675236273702135, 4.8305038413307475, 4.8305038413307475, 4.8125, 5.348326906093572, 5.1951917540270935, 5.1951917540270935, 5.3125, 5.802335796422372, 5.561251420418889, 5.561251420418889, 5.6875, 6.147528014937747, 5.92842874302383, 5.92842874302383, 6.2561314537443975, 6.0625, 6.496025761528694, 6.4375, 6.847324345643665, 6.8125, 8.696863849014562], [3.885570260592388, 2.0515280551606185, 3.640054944640259, 1.5365907428821477, 3.136683148595105, 0.9399847683172253, 2.4325091355315487, 0.6875, 3.513923199217649, 1.2077944200529784, 2.333333333333333, 0.0, 3.5200319600821808, 1.2254534308210616, 2.4325091355315487, 0.6875, 3.657718722099883, 1.5779788848749245, 2.708333333333333, 1.375, 3.913118960624632, 2.1032382440206603, 3.114217509173764, 2.0625, 4.265138479580704, 2.7023170356401764, 2.6307814014909, 3.6065141680637334, 2.75, 4.692081094780865, 3.335676259937572, 4.154617996211498, 3.4375, 5.175437783415042, 3.9870123352092994, 4.73920557102606, 4.125, 5.554066640759723, 4.4675236273702135, 5.850013354685611, 4.8305038413307475, 5.348326906093572, 4.8125, 6.1545841654818565, 5.1951917540270935, 5.802335796422372, 5.3125, 6.466560619834937, 5.561251420418889, 6.147528014937747, 5.6875, 6.784921241252547, 5.92842874302383, 6.003158823664678, 6.496025761528694, 6.0625, 6.847324345643665, 6.4375, 7.201013865730606, 8.087293029372107], [2.0625, 3.1142175091737645, 1.375, 2.7083333333333335, 6.623489913335526, 3.8073989642485038, 1.577978884874925, 3.657718722099883, 0.6875, 2.4325091355315496, 1.225453430821062, 3.5200319600821808, 0.0, 2.3333333333333335, 1.2077944200529789, 3.513923199217649, 0.6875, 2.4325091355315496, 1.5365907428821481, 3.640054944640259, 1.375, 2.7083333333333335, 2.051528055160619, 3.885570260592388, 2.0625, 3.1142175091737645, 4.740484720262572, 2.646079384884571, 4.229731078922158, 2.75, 3.606514168063734, 3.277196570410617, 4.650688793071409, 3.4375, 4.154617996211498, 3.9272905559827263, 5.129571132170798, 3.9375, 4.576936824388604, 4.3125, 4.903274486957104, 4.588302230794208, 5.65167287181415, 4.6875, 5.236134136406787, 5.073462068559408, 6.05218194125061, 5.0625, 5.57434755773664, 5.439096189727767, 6.361812340049021, 5.4375, 5.916996763092274, 6.358237093002483, 5.805925194240029, 6.678147666082265, 6.17373609422294, 7.0002790122965814, 6.542363285626312, 8.885858321437967], [3.1142175091737645, 2.0625, 2.7083333333333335, 1.375, 4.362129454110066, 1.8058785521095786, 1.577978884874925, 1.5779788848749245, 2.4325091355315496, 0.6875, 1.225453430821062, 1.2254534308210616, 2.3333333333333335, 0.0, 1.2077944200529789, 1.2077944200529784, 2.4325091355315496, 0.6875, 1.5365907428821481, 1.5365907428821477, 2.7083333333333335, 1.375, 2.051528055160619, 2.0515280551606185, 3.1142175091737645, 2.0625, 2.8655644451305236, 2.646079384884571, 2.646079384884571, 3.606514168063734, 2.75, 3.277196570410617, 3.277196570410617, 4.154617996211498, 3.4375, 3.9272905559827263, 3.9272905559827263, 4.576936824388604, 3.9375, 4.903274486957104, 4.3125, 4.588302230794208, 4.588302230794208, 5.236134136406787, 4.6875, 5.073462068559408, 5.073462068559408, 5.57434755773664, 5.0625, 5.439096189727767, 5.439096189727767, 5.916996763092274, 5.4375, 5.646367822060595, 5.805925194240029, 5.805925194240029, 6.17373609422294, 6.17373609422294, 6.542363285626312, 7.95505508458981], [2.646079384884571, 2.646079384884571, 2.051528055160619, 2.051528055160619, 5.56890603221703, 2.904362271805319, 1.375, 2.708333333333333, 1.5365907428821481, 1.5365907428821481, 0.6875, 2.4325091355315487, 1.2077944200529789, 1.2077944200529789, 0.0, 2.333333333333333, 1.225453430821062, 1.225453430821062, 0.6875, 2.4325091355315487, 1.577978884874925, 1.577978884874925, 1.375, 2.708333333333333, 2.1032382440206607, 2.1032382440206607, 3.5681561990737243, 2.0625, 3.114217509173764, 2.7023170356401764, 2.7023170356401764, 2.75, 3.6065141680637334, 3.335676259937572, 3.335676259937572, 3.4375, 4.154617996211498, 3.808114508665819, 3.808114508665819, 4.166666666666667, 4.166666666666667, 4.125, 4.73920557102606, 4.527884286409174, 4.527884286409174, 4.625, 5.180257661974396, 4.891176863609729, 4.891176863609729, 5.0, 5.517648452415616, 5.256114164581199, 5.256114164581199, 5.6023581830290405, 5.375, 5.859613421075186, 5.75, 6.205396397043821, 6.125, 8.067085631623643], [4.229731078922158, 2.646079384884571, 3.885570260592388, 2.0515280551606185, 3.408036616948947, 1.62624571401108, 2.708333333333333, 1.375, 3.640054944640259, 1.5365907428821477, 2.4325091355315487, 0.6875, 3.513923199217649, 1.2077944200529784, 2.333333333333333, 0.0, 3.5200319600821808, 1.2254534308210616, 2.4325091355315487, 0.6875, 3.657718722099883, 1.5779788848749245, 2.708333333333333, 1.375, 3.913118960624632, 2.1032382440206603, 1.978748925858454, 3.114217509173764, 2.0625, 4.265138479580704, 2.7023170356401764, 3.6065141680637334, 2.75, 4.692081094780865, 3.335676259937572, 4.154617996211498, 3.4375, 5.038911092686593, 3.808114508665819, 5.315072906367325, 4.166666666666667, 4.73920557102606, 4.125, 5.6027337077537425, 4.527884286409174, 5.180257661974396, 4.625, 5.900211860602973, 4.891176863609729, 5.517648452415616, 5.0, 6.206095793653205, 5.256114164581199, 5.318378729139694, 5.859613421075186, 5.375, 6.205396397043821, 5.75, 6.554393140821234, 7.405858378512441], [2.75, 3.606514168063734, 2.0625, 3.1142175091737645, 6.794275240218177, 4.095487227501948, 2.1032382440206607, 3.913118960624632, 1.375, 2.7083333333333335, 1.577978884874925, 3.657718722099883, 0.6875, 2.4325091355315496, 1.225453430821062, 3.5200319600821808, 0.0, 2.3333333333333335, 1.2077944200529789, 3.513923199217649, 0.6875, 2.4325091355315496, 1.5365907428821481, 3.640054944640259, 1.375, 2.7083333333333335, 4.470151777311199, 2.051528055160619, 3.885570260592388, 2.0625, 3.1142175091737645, 2.646079384884571, 4.229731078922158, 2.75, 3.606514168063734, 3.277196570410617, 4.650688793071409, 3.25, 4.000867961385935, 3.625, 4.311040413223291, 3.9272905559827263, 5.129571132170798, 4.0, 4.630814663149935, 4.407222607392451, 5.50567888638631, 4.375, 4.958333333333334, 4.769877997508019, 5.800053879060091, 4.75, 5.292158769769142, 5.761079792474248, 5.134307266916454, 6.103277807866851, 5.500157826018369, 6.41409580533375, 5.867163804693978, 8.301598212893744], [3.606514168063734, 2.75, 3.1142175091737645, 2.0625, 4.617329399360512, 2.3532798606711456, 2.1032382440206607, 2.1032382440206603, 2.7083333333333335, 1.375, 1.577978884874925, 1.5779788848749245, 2.4325091355315496, 0.6875, 1.225453430821062, 1.2254534308210616, 2.3333333333333335, 0.0, 1.2077944200529789, 1.2077944200529784, 2.4325091355315496, 0.6875, 1.5365907428821481, 1.5365907428821477, 2.7083333333333335, 1.375, 2.3919701332482743, 2.051528055160619, 2.0515280551606185, 3.1142175091737645, 2.0625, 2.646079384884571, 2.646079384884571, 3.606514168063734, 2.75, 3.277196570410617, 3.277196570410617, 4.000867961385935, 3.25, 4.311040413223291, 3.625, 3.9272905559827263, 3.9272905559827263, 4.630814663149935, 4.0, 4.407222607392451, 4.407222607392451, 4.958333333333334, 4.375, 4.769877997508019, 4.769877997508019, 5.292158769769142, 4.75, 4.964305694296411, 5.134307266916454, 5.134307266916454, 5.500157826018369, 5.500157826018369, 5.867163804693978, 7.296640060912313], [3.277196570410617, 3.277196570410617, 2.646079384884571, 2.646079384884571, 5.808094291886759, 3.337923975101466, 2.0625, 3.114217509173764, 2.051528055160619, 2.051528055160619, 1.375, 2.708333333333333, 1.5365907428821481, 1.5365907428821481, 0.6875, 2.4325091355315487, 1.2077944200529789, 1.2077944200529789, 0.0, 2.333333333333333, 1.225453430821062, 1.225453430821062, 0.6875, 2.4325091355315487, 1.577978884874925, 1.577978884874925, 3.266724305806018, 1.375, 2.708333333333333, 2.1032382440206607, 2.1032382440206607, 2.0625, 3.114217509173764, 2.7023170356401764, 2.7023170356401764, 2.75, 3.6065141680637334, 3.160698872260866, 3.160698872260866, 3.511946377880948, 3.511946377880948, 3.4375, 4.154617996211498, 3.8676565722813487, 3.8676565722813487, 3.9375, 4.576936824388604, 4.226702894823708, 4.226702894823708, 4.3125, 4.903274486957103, 4.588302230794208, 4.588302230794208, 4.957717837410163, 4.6875, 5.236134136406786, 5.0625, 5.57434755773664, 5.4375, 7.4475239420629515], [4.650688793071409, 3.277196570410617, 4.229731078922158, 2.646079384884571, 3.7862855795950137, 2.3132426115758866, 3.114217509173764, 2.0625, 3.885570260592388, 2.0515280551606185, 2.708333333333333, 1.375, 3.640054944640259, 1.5365907428821477, 2.4325091355315487, 0.6875, 3.513923199217649, 1.2077944200529784, 2.333333333333333, 0.0, 3.5200319600821808, 1.2254534308210616, 2.4325091355315487, 0.6875, 3.657718722099883, 1.5779788848749245, 1.3620559242342252, 2.708333333333333, 1.375, 3.913118960624632, 2.1032382440206603, 3.114217509173764, 2.0625, 4.265138479580704, 2.7023170356401764, 3.6065141680637334, 2.75, 4.56934418160856, 3.160698872260866, 4.818989131550309, 3.511946377880948, 4.154617996211498, 3.4375, 5.084059032898812, 3.8676565722813487, 4.576936824388604, 3.9375, 5.362266894700412, 4.226702894823708, 4.903274486957103, 4.3125, 5.65167287181415, 4.588302230794208, 4.6344040880126105, 5.236134136406786, 4.6875, 5.57434755773664, 5.0625, 5.916996763092274, 6.725658376860601], [3.4375, 4.154617996211498, 2.75, 3.606514168063734, 7.028445485854328, 4.471583264158526, 2.7023170356401764, 4.265138479580704, 2.0625, 3.1142175091737645, 2.1032382440206607, 3.913118960624632, 1.375, 2.7083333333333335, 1.577978884874925, 3.657718722099883, 0.6875, 2.4325091355315496, 1.225453430821062, 3.5200319600821808, 0.0, 2.3333333333333335, 1.2077944200529789, 3.513923199217649, 0.6875, 2.4325091355315496, 4.293906256703101, 1.5365907428821481, 3.640054944640259, 1.375, 2.7083333333333335, 2.051528055160619, 3.885570260592388, 2.0625, 3.1142175091737645, 2.646079384884571, 4.229731078922158, 2.5625, 3.465667424096612, 2.9375, 3.7514464802852308, 3.277196570410617, 4.650688793071409, 3.3125, 4.051802153911818, 3.748668745182896, 4.994137187743244, 3.6875, 4.363725552145144, 4.106703953429211, 5.268197628221629, 4.0625, 4.684906690046713, 5.186348842844798, 4.4675236273702135, 5.554066640759723, 4.8305038413307475, 5.850013354685611, 5.1951917540270935, 7.73433256124747], [4.154617996211498, 3.4375, 3.606514168063734, 2.75, 4.955461703008432, 2.9597242034202154, 2.7023170356401764, 2.7023170356401764, 3.1142175091737645, 2.0625, 2.1032382440206607, 2.1032382440206603, 2.7083333333333335, 1.375, 1.577978884874925, 1.5779788848749245, 2.4325091355315496, 0.6875, 1.225453430821062, 1.2254534308210616, 2.3333333333333335, 0.0, 1.2077944200529789, 1.2077944200529784, 2.4325091355315496, 0.6875, 2.0437453724736185, 1.5365907428821481, 1.5365907428821477, 2.7083333333333335, 1.375, 2.051528055160619, 2.0515280551606185, 3.1142175091737645, 2.0625, 2.646079384884571, 2.646079384884571, 3.465667424096612, 2.5625, 3.7514464802852308, 2.9375, 3.277196570410617, 3.277196570410617, 4.051802153911818, 3.3125, 3.748668745182896, 3.748668745182896, 4.363725552145144, 3.6875, 4.106703953429211, 4.106703953429211, 4.684906690046713, 4.0625, 4.283982372844947, 4.4675236273702135, 4.4675236273702135, 4.8305038413307475, 4.8305038413307475, 5.1951917540270935, 6.6441194644710215], [3.9272905559827263, 3.9272905559827263, 3.277196570410617, 3.277196570410617, 6.1155961860829136, 3.8462274011332447, 2.75, 3.6065141680637334, 2.646079384884571, 2.646079384884571, 2.0625, 3.114217509173764, 2.051528055160619, 2.051528055160619, 1.375, 2.708333333333333, 1.5365907428821481, 1.5365907428821481, 0.6875, 2.4325091355315487, 1.2077944200529789, 1.2077944200529789, 0.0, 2.333333333333333, 1.225453430821062, 1.225453430821062, 3.091366885262792, 0.6875, 2.4325091355315487, 1.577978884874925, 1.577978884874925, 1.375, 2.708333333333333, 2.1032382440206607, 2.1032382440206607, 2.0625, 3.114217509173764, 2.5344843876242584, 2.5344843876242584, 2.8725835255238636, 2.8725835255238636, 2.75, 3.6065141680637334, 3.2188679859713276, 3.2188679859713276, 3.25, 4.000867961385935, 3.5709573101776377, 3.5709573101776377, 3.625, 4.311040413223291, 3.9272905559827263, 3.9272905559827263, 4.326294904395372, 4.0, 4.630814663149935, 4.375, 4.958333333333333, 4.75, 6.840955170679979], [5.129571132170798, 3.9272905559827263, 4.650688793071409, 3.277196570410617, 4.242937178186058, 3.000469986132414, 3.6065141680637334, 2.75, 4.229731078922158, 2.646079384884571, 3.114217509173764, 2.0625, 3.885570260592388, 2.0515280551606185, 2.708333333333333, 1.375, 3.640054944640259, 1.5365907428821477, 2.4325091355315487, 0.6875, 3.513923199217649, 1.2077944200529784, 2.333333333333333, 0.0, 3.5200319600821808, 1.2254534308210616, 0.8603823974821382, 2.4325091355315487, 0.6875, 3.657718722099883, 1.5779788848749245, 2.708333333333333, 1.375, 3.913118960624632, 2.1032382440206603, 3.114217509173764, 2.0625, 4.16082924427331, 2.534484387624258, 4.375, 2.8725835255238636, 3.6065141680637334, 2.75, 4.6097722286464435, 3.2188679859713276, 4.000867961385935, 3.25, 4.862162584694181, 3.5709573101776377, 4.311040413223291, 3.625, 5.129571132170798, 3.9272905559827263, 3.951653159806722, 4.630814663149935, 4.0, 4.958333333333333, 4.375, 5.292158769769142, 6.047109671726438], [4.125, 4.73920557102606, 3.4375, 4.154617996211498, 7.3199199691943635, 4.915527504345148, 3.335676259937572, 4.692081094780865, 2.75, 3.606514168063734, 2.7023170356401764, 4.265138479580704, 2.0625, 3.1142175091737645, 2.1032382440206607, 3.913118960624632, 1.375, 2.7083333333333335, 1.577978884874925, 3.657718722099883, 0.6875, 2.4325091355315496, 1.225453430821062, 3.5200319600821808, 0.0, 2.3333333333333335, 4.2235432364910865, 1.2077944200529789, 3.513923199217649, 0.6875, 2.4325091355315496, 1.5365907428821481, 3.640054944640259, 1.375, 2.7083333333333335, 2.051528055160619, 3.885570260592388, 1.875, 2.9933375092769685, 2.25, 3.2414417231294546, 2.646079384884571, 4.229731078922158, 2.625, 3.512131752147753, 3.1026981985219106, 4.529417732998359, 3.0, 3.80058475033046, 3.45305822585011, 4.7762432936357, 3.375, 4.103056110321238, 4.642380936986972, 3.808114508665819, 5.038911092686593, 4.166666666666667, 5.315072906367325, 4.527884286409174, 7.188085972470356], [4.73920557102606, 4.125, 4.154617996211498, 3.4375, 5.360856563812126, 3.595458401648175, 3.335676259937572, 3.335676259937572, 3.606514168063734, 2.75, 2.7023170356401764, 2.7023170356401764, 3.1142175091737645, 2.0625, 2.1032382440206607, 2.1032382440206603, 2.7083333333333335, 1.375, 1.577978884874925, 1.5779788848749245, 2.4325091355315496, 0.6875, 1.225453430821062, 1.2254534308210616, 2.3333333333333335, 0.0, 1.8914496230835474, 1.2077944200529789, 1.2077944200529784, 2.4325091355315496, 0.6875, 1.5365907428821481, 1.5365907428821477, 2.7083333333333335, 1.375, 2.051528055160619, 2.0515280551606185, 2.9933375092769685, 1.875, 3.2414417231294546, 2.25, 2.646079384884571, 2.646079384884571, 3.512131752147753, 2.625, 3.1026981985219106, 3.1026981985219106, 3.80058475033046, 3.0, 3.45305822585011, 3.45305822585011, 4.103056110321238, 3.375, 3.6063820395610717, 3.808114508665819, 3.808114508665819, 4.166666666666667, 4.166666666666667, 4.527884286409174, 5.99941690815157], [5.967737074936883, 4.620946872852956, 5.503454353833761, 4.003407802221138, 4.151417481904466, 3.526775003718216, 4.437136250181768, 3.297254426530482, 5.089935790743077, 3.4127277301362087, 3.9670268630087047, 2.6307814014909, 4.740484720262572, 2.8655644451305236, 3.5681561990737243, 1.978748925858454, 4.470151777311199, 2.3919701332482743, 3.266724305806018, 1.3620559242342252, 4.293906256703101, 2.0437453724736185, 3.091366885262792, 0.8603823974821382, 4.2235432364910865, 1.8914496230835474, 0.0, 3.0638086181181317, 0.7554018129794734, 4.264307270784455, 1.980803045690928, 3.1878848438440337, 1.1603096260086092, 4.413119988038024, 2.283613854173691, 3.447261058690807, 1.7513758755229565, 4.583504520166683, 2.5976485313724993, 4.741972472459554, 2.86802495381708, 3.814435782120552, 2.3944997361702436, 4.923955947481652, 3.1598427775592293, 4.133135128868799, 2.8751547165477978, 5.12695147391856, 3.4676931268595537, 4.39438223606744, 3.2394913006925656, 5.348567159444804, 3.787668790330637, 3.6632749631298207, 4.671149160521512, 3.606014854439534, 4.960839014019362, 3.974120327017582, 5.2613176074242425, 5.50072999396858], [4.588302230794208, 4.588302230794208, 3.9272905559827263, 3.9272905559827263, 6.481696276362863, 4.403465280764594, 3.4375, 4.154617996211498, 3.277196570410617, 3.277196570410617, 2.75, 3.6065141680637334, 2.646079384884571, 2.646079384884571, 2.0625, 3.114217509173764, 2.051528055160619, 2.051528055160619, 1.375, 2.708333333333333, 1.5365907428821481, 1.5365907428821481, 0.6875, 2.4325091355315487, 1.2077944200529789, 1.2077944200529789, 3.0638086181181317, 0.0, 2.333333333333333, 1.225453430821062, 1.225453430821062, 0.6875, 2.4325091355315487, 1.577978884874925, 1.577978884874925, 1.375, 2.708333333333333, 1.9500044515618706, 1.9500044515618706, 2.261640413750849, 2.261640413750849, 2.0625, 3.114217509173764, 2.5901288309871986, 2.5901288309871986, 2.5625, 3.4656674240966114, 2.929806710537593, 2.929806710537593, 2.9375, 3.7514464802852303, 3.277196570410617, 3.277196570410617, 3.7148353320463365, 3.3125, 4.051802153911817, 3.6875, 4.363725552145144, 4.0625, 6.251162686005331], [5.65167287181415, 4.588302230794208, 5.129571132170798, 3.9272905559827263, 4.7554585273996235, 3.6877989906382465, 4.154617996211498, 3.4375, 4.650688793071409, 3.277196570410617, 3.6065141680637334, 2.75, 4.229731078922158, 2.646079384884571, 3.114217509173764, 2.0625, 3.885570260592388, 2.0515280551606185, 2.708333333333333, 1.375, 3.640054944640259, 1.5365907428821477, 2.4325091355315487, 0.6875, 3.513923199217649, 1.2077944200529784, 0.7554018129794734, 2.333333333333333, 0.0, 3.5200319600821808, 1.2254534308210616, 2.4325091355315487, 0.6875, 3.657718722099883, 1.5779788848749245, 2.708333333333333, 1.375, 3.832937026615491, 1.9500044515618704, 4.000488251451315, 2.261640413750849, 3.114217509173764, 2.0625, 4.194956048637459, 2.590128830987198, 3.4656674240966114, 2.5625, 4.412783277025963, 2.929806710537593, 3.7514464802852303, 2.9375, 4.650688793071409, 3.277196570410617, 3.2708923308224174, 4.051802153911817, 3.3125, 4.363725552145144, 3.6875, 4.684906690046712, 5.370838171229857], [4.8125, 5.348326906093573, 4.125, 4.73920557102606, 7.662161787850393, 5.410644777070905, 3.9870123352092994, 5.175437783415042, 3.4375, 4.154617996211498, 3.335676259937572, 4.692081094780865, 2.75, 3.606514168063734, 2.7023170356401764, 4.265138479580704, 2.0625, 3.1142175091737645, 2.1032382440206607, 3.913118960624632, 1.375, 2.7083333333333335, 1.577978884874925, 3.657718722099883, 0.6875, 2.4325091355315496, 4.264307270784455, 1.225453430821062, 3.5200319600821808, 0.0, 2.3333333333333335, 1.2077944200529789, 3.513923199217649, 0.6875, 2.4325091355315496, 1.5365907428821481, 3.640054944640259, 1.1875, 2.618129235626929, 1.5625, 2.808175687959079, 2.051528055160619, 3.885570260592388, 1.9375, 3.0328782854648892, 2.479166666666667, 4.127366745274764, 2.3125, 3.2851332841217333, 2.815584728100206, 4.3377881748651586, 2.6875, 3.5590870591268833, 4.141316180699378, 3.160698872260866, 4.56934418160856, 3.511946377880948, 4.818989131550309, 3.8676565722813487, 6.66802611177231], [5.348326906093573, 4.8125, 4.73920557102606, 4.125, 5.819474031693232, 4.247350630175648, 3.9870123352092994, 3.9870123352092994, 4.154617996211498, 3.4375, 3.335676259937572, 3.335676259937572, 3.606514168063734, 2.75, 2.7023170356401764, 2.7023170356401764, 3.1142175091737645, 2.0625, 2.1032382440206607, 2.1032382440206603, 2.7083333333333335, 1.375, 1.577978884874925, 1.5779788848749245, 2.4325091355315496, 0.6875, 1.980803045690928, 1.225453430821062, 1.2254534308210616, 2.3333333333333335, 0.0, 1.2077944200529789, 1.2077944200529784, 2.4325091355315496, 0.6875, 1.5365907428821481, 1.5365907428821477, 2.618129235626929, 1.1875, 2.808175687959079, 1.5625, 2.051528055160619, 2.0515280551606185, 3.0328782854648892, 1.9375, 2.479166666666667, 2.4791666666666665, 3.2851332841217333, 2.3125, 2.815584728100206, 2.8155847281002058, 3.5590870591268833, 2.6875, 2.9333922955668803, 3.160698872260866, 3.160698872260866, 3.511946377880948, 3.511946377880948, 3.8676565722813487, 5.365351388070235], [5.256114164581199, 5.256114164581199, 4.588302230794208, 4.588302230794208, 6.8970695970680564, 4.993281509846029, 4.125, 4.73920557102606, 3.9272905559827263, 3.9272905559827263, 3.4375, 4.154617996211498, 3.277196570410617, 3.277196570410617, 2.75, 3.6065141680637334, 2.646079384884571, 2.646079384884571, 2.0625, 3.114217509173764, 2.051528055160619, 2.051528055160619, 1.375, 2.708333333333333, 1.5365907428821481, 1.5365907428821481, 3.1878848438440337, 0.6875, 2.4325091355315487, 1.2077944200529789, 1.2077944200529789, 0.0, 2.333333333333333, 1.225453430821062, 1.225453430821062, 0.6875, 2.4325091355315487, 1.4583333333333335, 1.4583333333333335, 1.7098570440569327, 1.7098570440569327, 1.375, 2.708333333333333, 2.0004339806929674, 2.0004339806929674, 1.875, 2.993337509276968, 2.3154073315749675, 2.3154073315749675, 2.25, 3.2414417231294537, 2.646079384884571, 2.646079384884571, 3.135041943681499, 2.625, 3.5121317521477526, 3.0, 3.8005847503304597, 3.375, 5.68337177268544], [6.206095793653205, 5.256114164581199, 5.65167287181415, 4.588302230794208, 5.307689536286209, 4.37518172799982, 4.73920557102606, 4.125, 5.129571132170798, 3.9272905559827263, 4.154617996211498, 3.4375, 4.650688793071409, 3.277196570410617, 3.6065141680637334, 2.75, 4.229731078922158, 2.646079384884571, 3.114217509173764, 2.0625, 3.885570260592388, 2.0515280551606185, 2.708333333333333, 1.375, 3.640054944640259, 1.5365907428821477, 1.1603096260086092, 2.4325091355315487, 0.6875, 3.513923199217649, 1.2077944200529784, 2.333333333333333, 0.0, 3.5200319600821808, 1.2254534308210616, 2.4325091355315487, 0.6875, 3.607717422415453, 1.4583333333333333, 3.7165171868296265, 1.7098570440569325, 2.708333333333333, 1.375, 3.8588372601082828, 2.0004339806929674, 2.993337509276968, 1.875, 4.031128874149275, 2.3154073315749675, 3.2414417231294537, 2.25, 4.229731078922158, 2.646079384884571, 2.5936890878159162, 3.5121317521477526, 2.625, 3.8005847503304597, 3.0, 4.103056110321237, 4.697827417135706], [5.5, 5.97448277631164, 4.8125, 5.348326906093573, 8.048697451822813, 5.944161476719461, 4.648775226993784, 5.70087712549569, 4.125, 4.73920557102606, 3.9870123352092994, 5.175437783415042, 3.4375, 4.154617996211498, 3.335676259937572, 4.692081094780865, 2.75, 3.606514168063734, 2.7023170356401764, 4.265138479580704, 2.0625, 3.1142175091737645, 2.1032382440206607, 3.913118960624632, 1.375, 2.7083333333333335, 4.413119988038024, 1.577978884874925, 3.657718722099883, 0.6875, 2.4325091355315496, 1.225453430821062, 3.5200319600821808, 0.0, 2.3333333333333335, 1.2077944200529789, 3.513923199217649, 0.5, 2.386303510546059, 0.875, 2.4920010923842804, 1.5365907428821481, 3.640054944640259, 1.25, 2.647063362378099, 1.90029237516523, 3.8078865529319543, 1.625, 2.843425653053803, 2.2083333333333335, 3.9705950435671475, 2.0, 3.0731814857642963, 3.700623076313628, 2.5344843876242584, 4.16082924427331, 2.8725835255238636, 4.375, 3.2188679859713276, 6.18076670057442], [5.97448277631164, 5.5, 5.348326906093573, 4.8125, 6.319737764601962, 4.90896792954736, 4.648775226993784, 4.648775226993784, 4.73920557102606, 4.125, 3.9870123352092994, 3.9870123352092994, 4.154617996211498, 3.4375, 3.335676259937572, 3.335676259937572, 3.606514168063734, 2.75, 2.7023170356401764, 2.7023170356401764, 3.1142175091737645, 2.0625, 2.1032382440206607, 2.1032382440206603, 2.7083333333333335, 1.375, 2.283613854173691, 1.577978884874925, 1.5779788848749245, 2.4325091355315496, 0.6875, 1.225453430821062, 1.2254534308210616, 2.3333333333333335, 0.0, 1.2077944200529789, 1.2077944200529784, 2.386303510546059, 0.5, 2.4920010923842804, 0.875, 1.5365907428821481, 1.5365907428821477, 2.647063362378099, 1.25, 1.90029237516523, 1.9002923751652299, 2.843425653053803, 1.625, 2.2083333333333335, 2.208333333333333, 3.0731814857642963, 2.0, 2.2691191692182207, 2.5344843876242584, 2.534484387624258, 2.8725835255238636, 2.8725835255238636, 3.2188679859713276, 4.746187975324982], [5.92842874302383, 5.92842874302383, 5.256114164581199, 5.256114164581199, 7.353370923228669, 5.6054015462089115, 4.8125, 5.348326906093572, 4.588302230794208, 4.588302230794208, 4.125, 4.73920557102606, 3.9272905559827263, 3.9272905559827263, 3.4375, 4.154617996211498, 3.277196570410617, 3.277196570410617, 2.75, 3.6065141680637334, 2.646079384884571, 2.646079384884571, 2.0625, 3.114217509173764, 2.051528055160619, 2.051528055160619, 3.447261058690807, 1.375, 2.708333333333333, 1.5365907428821481, 1.5365907428821481, 0.6875, 2.4325091355315487, 1.2077944200529789, 1.2077944200529789, 0.0, 2.333333333333333, 1.1816375760406028, 1.1816375760406028, 1.2951900868641295, 1.2951900868641295, 0.6875, 2.4325091355315487, 1.4966687546384843, 1.4966687546384843, 1.1875, 2.618129235626928, 1.7560658760738765, 1.7560658760738765, 1.5625, 2.8081756879590785, 2.051528055160619, 2.051528055160619, 2.608119424617041, 1.9375, 3.032878285464889, 2.3125, 3.285133284121733, 2.6875, 5.144871911545504], [6.784921241252547, 5.92842874302383, 6.206095793653205, 5.256114164581199, 5.888468656738052, 5.062596311251225, 5.348326906093572, 4.8125, 5.65167287181415, 4.588302230794208, 4.73920557102606, 4.125, 5.129571132170798, 3.9272905559827263, 4.154617996211498, 3.4375, 4.650688793071409, 3.277196570410617, 3.6065141680637334, 2.75, 4.229731078922158, 2.646079384884571, 3.114217509173764, 2.0625, 3.885570260592388, 2.0515280551606185, 1.7513758755229565, 2.708333333333333, 1.375, 3.640054944640259, 1.5365907428821477, 2.4325091355315487, 0.6875, 3.513923199217649, 1.2077944200529784, 2.333333333333333, 0.0, 3.5050187232024883, 1.1816375760406026, 3.5449127281218082, 1.2951900868641293, 2.4325091355315487, 0.6875, 3.623383260158936, 1.496668754638484, 2.618129235626928, 1.1875, 3.73800163857642, 1.7560658760738763, 2.8081756879590785, 1.5625, 3.885570260592388, 2.0515280551606185, 1.9238040515285895, 3.032878285464889, 1.9375, 3.285133284121733, 2.3125, 3.559087059126883, 4.029711493499774], [6.0, 6.437735971942655, 5.3125, 5.802335796422372, 8.354152732422383, 6.35079588667179, 5.134307266916454, 6.103277807866851, 4.625, 5.180257661974397, 4.4675236273702135, 5.554066640759723, 3.9375, 4.576936824388604, 3.808114508665819, 5.038911092686593, 3.25, 4.000867961385935, 3.160698872260866, 4.56934418160856, 2.5625, 3.465667424096612, 2.5344843876242584, 4.16082924427331, 1.875, 2.9933375092769685, 4.583504520166683, 1.9500044515618706, 3.832937026615491, 1.1875, 2.618129235626929, 1.4583333333333335, 3.607717422415453, 0.5, 2.386303510546059, 1.1816375760406028, 3.5050187232024883, 0.0, 2.3333333333333335, 0.375, 2.3632751520812056, 1.2692955176439848, 3.5355339059327378, 0.75, 2.450906861642124, 1.5365907428821481, 3.640054944640259, 1.125, 2.590380173728259, 1.803257084031867, 3.760402239122831, 1.5, 2.773886162848873, 3.431470188997633, 2.1032382440206607, 3.913118960624632, 2.424198034631476, 4.0945848385398, 2.758824226207808, 5.851700105046735], [6.437735971942655, 6.0, 5.802335796422372, 5.3125, 6.704433057238884, 5.394211607471117, 5.134307266916454, 5.134307266916454, 5.180257661974397, 4.625, 4.4675236273702135, 4.4675236273702135, 4.576936824388604, 3.9375, 3.808114508665819, 3.808114508665819, 4.000867961385935, 3.25, 3.160698872260866, 3.160698872260866, 3.465667424096612, 2.5625, 2.5344843876242584, 2.534484387624258, 2.9933375092769685, 1.875, 2.5976485313724993, 1.9500044515618706, 1.9500044515618704, 2.618129235626929, 1.1875, 1.4583333333333335, 1.4583333333333333, 2.386303510546059, 0.5, 1.1816375760406028, 1.1816375760406026, 2.3333333333333335, 0.0, 2.3632751520812056, 0.375, 1.2692955176439848, 1.2692955176439846, 2.450906861642124, 0.75, 1.5365907428821481, 1.5365907428821477, 2.590380173728259, 1.125, 1.803257084031867, 1.8032570840318667, 2.773886162848873, 1.5, 1.7970192845787998, 2.1032382440206607, 2.1032382440206603, 2.424198034631476, 2.424198034631476, 2.758824226207808, 4.308922998800723], [6.375, 6.788598488969902, 5.6875, 6.147528014937747, 8.595216447587948, 6.664112689908992, 5.500157826018369, 6.41409580533375, 5.0, 5.517648452415616, 4.8305038413307475, 5.850013354685611, 4.3125, 4.903274486957104, 4.166666666666667, 5.315072906367325, 3.625, 4.311040413223291, 3.511946377880948, 4.818989131550309, 2.9375, 3.7514464802852308, 2.8725835255238636, 4.375, 2.25, 3.2414417231294546, 4.741972472459554, 2.261640413750849, 4.000488251451315, 1.5625, 2.808175687959079, 1.7098570440569327, 3.7165171868296265, 0.875, 2.4920010923842804, 1.2951900868641295, 3.5449127281218082, 0.375, 2.3632751520812056, 0.0, 2.3333333333333335, 1.1733439866940605, 3.502231431530475, 0.375, 2.3632751520812056, 1.3235316811890494, 3.555365663331973, 0.75, 2.450906861642124, 1.5365907428821481, 3.640054944640259, 1.125, 2.590380173728259, 3.2654854213049767, 1.803257084031867, 3.7604022391228