totalHoles = 60;
zeroHoleID = 57;
C = [[0.0, 3.3333333333333335, 7.0, 6.446875620506613, 5.349802776054515, 1.8027756377319946, 5.262551134615649, 2.5, 3.3082388735465345, 5.002777006601211, 6.96419413859206, 4.242845284842604, 7.47600327715284, 3.923088706618804, 6.3115029465607035, 3.7142857142857153, 4.3000421872106545, 5.707337044990836, 7.4863821948486535, 9.246339584118438, 8.050621094052309, 4.928571428571429, 5.383796130146001, 6.562666691544558, 8.157255440804255, 6.218811068935212, 8.75, 6.142857142857143, 6.513765295280101, 7.517477745582543, 8.943416230811971, 6.427480066091221, 8.109065571596055, 7.357142857142858, 7.669549886717774, 8.538461734890305, 9.817206884873526, 8.511841518750987, 8.551417198985856, 10.536395256443258, 8.571428571428571, 8.841031172863632, 9.604538798551433, 10.757294629929127, 9.000868013697346, 10.269375319095337, 9.785714285714286, 10.022706646713607, 10.702241908096193, 11.747774430998948, 10.5, 11.016401913107162, 12.619429464123963, 11.433130960110036, 11.0, 11.211353372561426, 11.8227652339788, 12.776932339180638, 11.597413504743201, 12.607317099384963], [3.3333333333333335, 0.0, 3.6666666666666665, 3.1136898202872914, 2.0933313831500797, 2.088327347690278, 2.088327347690278, 4.166666666666667, 2.758824226207808, 2.692582403567252, 4.034572812303401, 2.625, 4.509442254253229, 4.062232897202118, 4.062232897202118, 4.99069428821863, 3.8932029844920826, 3.846546290810361, 4.880952380952381, 6.425231465775025, 5.708789519484649, 5.949951885321572, 5.064773187186344, 5.028997546880553, 5.858207413903027, 5.25, 6.403666484479375, 6.988977392198528, 6.252663831413147, 6.223720260226276, 6.911039838933704, 6.513341009889711, 6.513341009889711, 8.077045383772415, 7.449071226100559, 7.4247929951216936, 8.009702166634284, 7.634809166074146, 7.875, 8.686775549330399, 9.196765674203792, 8.650462349852356, 8.629564748879403, 9.137678344791953, 9.062380267408289, 9.062380267408289, 10.337858346521477, 9.855014723111466, 9.8366764753972, 10.285328476009429, 11.016401913107162, 10.5, 11.121800413801914, 10.590374157302922, 11.49395976637778, 11.061695670696745, 11.045361017187261, 11.446736555795184, 11.645218379708949, 11.645218379708949], [7.0, 3.6666666666666665, 0.0, 0.5548656570498649, 1.8402483900409117, 5.5901699437494745, 2.0883273476902775, 7.433034373659253, 5.441609239104837, 3.655285366576885, 2.5495097567963922, 4.509442254253229, 2.625, 6.587156063127699, 4.062232897202118, 7.924387570490665, 6.095656607655821, 4.5724205272982115, 3.7477884635271166, 4.27994744217696, 4.7762432936357, 8.561005567486253, 6.903037551516125, 5.603742270808118, 4.953868824114201, 6.403666484479375, 5.25, 9.31314629314664, 7.816380555516865, 6.696701052657356, 6.163172387460132, 8.325412902673357, 6.51334100988971, 10.155173608580414, 8.802764459618313, 7.825513537878475, 7.374113575231139, 8.269203657383027, 8.686775549330399, 7.875, 11.066588803922464, 9.840248922980209, 8.976664127960516, 8.585999519863837, 10.441054783880793, 9.062380267408289, 12.0316334752033, 10.914271170936875, 10.142549738243524, 9.798479682156445, 12.619429464123963, 11.121800413801914, 10.5, 10.835413551085324, 13.038404810405298, 12.015036875145707, 11.31861789756643, 11.01135777277262, 12.747548783981962, 11.645218379708949], [6.446875620506613, 3.1136898202872914, 0.5548656570498649, 0.0, 1.325172262349793, 5.038619499618784, 1.5987662799505349, 6.899379816034907, 4.9355873447922, 3.2415261712848857, 2.458424350893407, 4.045292042061911, 2.6414388703852487, 6.107946452822533, 3.8046520243664324, 7.419231052412091, 5.639465400305145, 4.236866705749756, 3.672519278673921, 4.440569555262597, 4.708148596925366, 8.08934586750242, 6.495852304066152, 5.323867638972016, 4.8867090160182745, 6.067533363252166, 5.2371531116237975, 8.875754802320639, 7.452355594245416, 6.4563978644545195, 6.1009369570643575, 7.937731620504443, 6.3384501603408, 9.750359462583624, 8.475145440743605, 7.6141683539838425, 7.315184077844511, 8.030821198206525, 8.428925466676453, 7.852362454904864, 10.69153756856828, 9.542932262793757, 8.787208069308585, 8.52944218711064, 10.123705185739302, 8.925120382590537, 11.683211078400346, 10.64218030737215, 9.970128944786598, 9.743707176717308, 12.285234995746618, 10.911455353498708, 10.472471987635407, 10.677331016577678, 12.713569373572588, 11.764073563558073, 11.159789258308503, 10.957976759411324, 12.480083336916206, 11.529130377107451], [5.349802776054515, 2.0933313831500797, 1.8402483900409117, 1.325172262349793, 0.0, 3.8134284177145417, 0.31979635700790243, 5.596262482624962, 3.610463439187302, 2.0350989179569603, 2.1532992952490067, 2.7464183062716216, 2.558767549112467, 4.79093034079767, 2.9177126217806957, 6.094152967047839, 4.342348771926373, 3.1562912123585605, 3.233766297409593, 4.5075241146674765, 4.213334247778054, 6.775560979650097, 5.255998388529955, 4.328013449654573, 4.384834166697887, 4.948215915495881, 4.846578030294558, 7.591227330542323, 6.272481554795138, 5.5181705496846165, 5.562847873567719, 6.719005935681151, 5.541215947483119, 8.502600647497518, 7.349252359396683, 6.7169704184445465, 6.753722073887063, 7.074026871887507, 7.430216549987597, 7.362920333473447, 9.4821243795636, 8.463331212990953, 7.9204896680033805, 7.951680755035289, 9.006570823407841, 8.165681319399141, 10.510762451889034, 9.601740456360654, 9.126861517053618, 9.15394294282658, 11.133328283853487, 9.985621924199437, 9.93564910161483, 9.857673671091026, 11.575428781794782, 10.756758059642111, 10.335087097544797, 10.35901035634617, 11.439967011770806, 10.790406787666855], [1.8027756377319946, 2.088327347690278, 5.5901699437494745, 5.038619499618784, 3.8134284177145417, 0.0, 3.666666666666667, 2.1213203435596424, 1.6414763002993507, 3.2058973436118907, 5.220153254455275, 2.449844099348183, 5.735034873477231, 2.625, 4.509442254253229, 3.101184763727488, 2.7949582077769892, 3.923662156271013, 5.689230786211394, 7.462789482232041, 6.25, 4.205196008438579, 3.984735614044199, 4.843702225278257, 6.358747790987448, 4.628564692332938, 6.950719387228922, 5.357142857142858, 5.185887005737898, 5.871691184796295, 7.17279440607611, 5.25, 6.403666484479375, 6.531712279802476, 6.392003578735458, 6.959959991544508, 8.087846765741945, 7.006194170772219, 7.115246735785845, 8.804295826470167, 7.71858345891556, 7.6007220089073995, 8.084201159670798, 9.07339686182881, 7.875, 8.686775549330399, 8.912843289893752, 8.810971567009426, 9.23128123761712, 10.108846398585948, 9.617692030835672, 9.675283515799995, 10.977249200050075, 9.977562683591774, 10.111874208078342, 10.022197585581939, 10.393641218445909, 11.180339887498949, 10.5, 11.121800413801914], [5.262551134615649, 2.088327347690278, 2.0883273476902775, 1.5987662799505349, 0.31979635700790243, 3.666666666666667, 0.0, 5.380004130522991, 3.354101966249685, 1.715938356831167, 2.0069324297987157, 2.449844099348183, 2.449844099348183, 4.509442254253229, 2.625, 5.836248057032871, 4.045657788144657, 2.839329389701019, 3.0240907255823677, 4.391256441006417, 3.979984645419851, 6.490617683536152, 4.943042936227417, 4.015982807960238, 4.1486686113939655, 4.628564692332938, 4.628564692332938, 7.289953637457593, 5.9539045669070605, 5.209935127838079, 5.312885973707183, 6.403666484479375, 5.25, 8.191929549902568, 7.029456970927588, 6.4115294392654, 6.495463269382734, 6.762523969571214, 7.115246735785845, 7.115246735785844, 9.166295601642428, 8.144110179279556, 7.617150061321448, 7.687932647339119, 8.686775549330399, 7.875, 10.192311806192379, 9.283791009614774, 8.825147021701595, 8.88631269357442, 10.814085465005556, 9.675283515799995, 9.675283515799995, 9.55811041429908, 11.255862669935363, 10.44030650891055, 10.03466214899358, 10.088497300281038, 11.121800413801914, 10.5], [2.5, 4.166666666666667, 7.433034373659253, 6.899379816034907, 5.596262482624962, 2.1213203435596424, 5.380004130522991, 0.0, 2.1666666666666665, 4.333333333333333, 6.5, 3.3356762599375727, 7.001115982470223, 1.875, 5.2877281931321365, 1.2142857142857153, 2.4837339310728943, 4.500251945579953, 6.612449606304639, 8.447098285126435, 6.878408246098802, 2.428571428571429, 3.2545973065984546, 4.967467862145788, 6.93887304853414, 4.321297387488058, 7.520804478245662, 3.6428571428571432, 4.23849650320839, 5.661111723066688, 7.451201793218682, 4.038873605350878, 6.384116575098268, 4.857142857142858, 5.31848485747006, 6.509194613196909, 8.114298289728687, 6.371499019352951, 6.324692570482072, 8.825566554051926, 6.071428571428571, 6.446447808088081, 7.459223999568384, 8.89450644487704, 6.549093448714868, 8.205794869751768, 7.2857142857142865, 7.601057630192372, 8.47699300641678, 9.763791919795363, 8.0, 8.666666666666666, 10.63014581273465, 9.182057696412306, 8.5, 8.771798244627178, 9.54084785424114, 10.700467279516348, 9.12414379544733, 10.37759338403873], [3.3082388735465345, 2.758824226207808, 5.441609239104837, 4.9355873447922, 3.610463439187302, 1.6414763002993507, 3.354101966249685, 2.1666666666666665, 0.0, 2.1666666666666665, 4.333333333333334, 1.1733439866940605, 4.834949442456572, 1.3076962355396011, 3.2040014044940746, 2.4837339310728943, 1.2142857142857153, 2.4837339310728943, 4.500251945579953, 6.331541206955511, 4.882650691763418, 3.2545973065984546, 2.428571428571429, 3.2545973065984546, 4.967467862145789, 2.9872413881558204, 5.560900206900958, 4.23849650320839, 3.6428571428571432, 4.23849650320839, 5.661111723066688, 3.808798294008813, 4.802343178074637, 5.31848485747006, 4.857142857142858, 5.31848485747006, 6.509194613196909, 5.3724746812955475, 5.500157826018369, 7.228536235719588, 6.446447808088081, 6.071428571428571, 6.446447808088081, 7.459223999568384, 6.409763602851859, 7.045610335520976, 7.601057630192372, 7.2857142857142865, 7.601057630192372, 8.476993006416782, 8.288211172770904, 8.08462189042327, 9.346716595206635, 8.349736976030119, 8.771798244627178, 8.5, 8.771798244627178, 9.540847854241141, 9.024657580453923, 9.486832980505138], [5.002777006601211, 2.692582403567252, 3.655285366576885, 3.2415261712848857, 2.0350989179569603, 3.2058973436118907, 1.715938356831167, 4.333333333333333, 2.1666666666666665, 0.0, 2.166666666666667, 1.0077822185373182, 2.6695947466068914, 3.048508287306724, 1.4000248013676206, 4.500251945579953, 2.4837339310728943, 1.2142857142857153, 2.4837339310728948, 4.267580996425753, 3.1236108023318856, 4.967467862145788, 3.2545973065984546, 2.428571428571429, 3.2545973065984546, 2.9261749776799064, 3.830614978187068, 5.661111723066688, 4.23849650320839, 3.6428571428571432, 4.238496503208391, 4.700029550734524, 3.84147685720537, 6.509194613196909, 5.31848485747006, 4.857142857142858, 5.31848485747006, 5.149743443861709, 5.46723193215726, 6.000144674181708, 7.459223999568384, 6.446447808088081, 6.071428571428571, 6.446447808088081, 6.976274276272241, 6.429235525662786, 8.47699300641678, 7.601057630192372, 7.2857142857142865, 7.601057630192372, 9.098229375970787, 8.06225774829855, 8.432740427115679, 8.032118057300552, 9.54084785424114, 8.771798244627178, 8.5, 8.771798244627178, 9.435453236478773, 9.038497908637499], [6.96419413859206, 4.034572812303401, 2.5495097567963922, 2.458424350893407, 2.1532992952490067, 5.220153254455275, 2.0069324297987157, 6.5, 4.333333333333334, 2.166666666666667, 0.0, 3.169132811634403, 0.5153882032022076, 5.125, 1.7445351179548598, 6.612449606304639, 4.500251945579953, 2.4837339310728948, 1.2142857142857153, 2.392690944443452, 2.25, 6.93887304853414, 4.967467862145789, 3.2545973065984546, 2.428571428571429, 4.1940765107205396, 2.7950849718747373, 7.451201793218682, 5.661111723066688, 4.238496503208391, 3.6428571428571432, 6.25, 3.979984645419851, 8.114298289728687, 6.509194613196909, 5.31848485747006, 4.857142857142858, 5.793541210945212, 6.238461571395449, 5.398205720422296, 8.89450644487704, 7.459223999568384, 6.446447808088081, 6.071428571428571, 8.101890211549401, 6.5129411772084795, 9.763791919795363, 8.476993006416782, 7.601057630192372, 7.2857142857142865, 10.307764064044152, 8.603939666093538, 8.0156097709407, 8.288583853278647, 10.700467279516348, 9.540847854241141, 8.771798244627178, 8.5, 10.295630140987, 9.098229375970787], [4.242845284842604, 2.625, 4.509442254253229, 4.045292042061911, 2.7464183062716216, 2.449844099348183, 2.449844099348183, 3.3356762599375727, 1.1733439866940605, 1.0077822185373182, 3.169132811634403, 0.0, 3.6666666666666665, 2.088327347690278, 2.088327347690278, 3.506801174640224, 1.5961373620268566, 1.4786965095471551, 3.3487790528974464, 5.173328890494342, 3.813581358484145, 4.051857899487804, 2.582160420586166, 2.5112628947465083, 3.9158931426059613, 2.625, 4.509442254253229, 4.846280015502833, 3.7062690119124024, 3.6572283053633696, 4.733190959102411, 4.062232897202118, 4.062232897202118, 5.788288791302597, 4.873837002969968, 4.836649255466864, 5.6939400943622465, 5.0169928643876345, 5.25, 6.403666484479375, 6.8169732188276315, 6.0597956950885035, 6.029926430322516, 6.737046128154373, 6.513341009889711, 6.513341009889711, 7.898540383687595, 7.255131990029112, 7.230202561590696, 7.829661988835179, 8.551417198985856, 7.875, 8.686775549330399, 7.9848315436425015, 9.013974490262944, 8.455869920422801, 8.434490203918669, 8.953680962474472, 9.062380267408289, 9.062380267408289], [7.47600327715284, 4.509442254253229, 2.625, 2.6414388703852487, 2.558767549112467, 5.735034873477231, 2.449844099348183, 7.001115982470223, 4.834949442456572, 2.6695947466068914, 0.5153882032022076, 3.6666666666666665, 0.0, 5.5901699437494745, 2.0883273476902775, 7.084246139664187, 4.95455895902532, 2.880564958208381, 1.1985588710392747, 1.9487643593403092, 2.1830311495716224, 7.369290422186563, 5.354208852635629, 3.5238547696580413, 2.3572104968650156, 4.509442254253229, 2.625, 7.834240159552873, 5.977995482489272, 4.414343664539739, 3.5532124728970294, 6.587156063127699, 4.062232897202118, 8.449448267218882, 6.764191535691408, 5.431784893708447, 4.758484634882009, 5.937982445765858, 6.403666484479375, 5.25, 9.184770696925538, 7.66297095558982, 6.516987330524216, 5.967412567864069, 8.325412902673357, 6.51334100988971, 10.013781956964744, 8.639267341201093, 7.641134745097993, 7.178149419009935, 10.536395256443258, 8.686775549330399, 7.875, 8.307087143621535, 10.915155747858114, 9.669629574658542, 8.78929667897899, 8.389912097274918, 10.441054783880793, 9.062380267408289], [3.923088706618804, 4.062232897202118, 6.587156063127699, 6.107946452822533, 4.79093034079767, 2.625, 4.509442254253229, 1.875, 1.3076962355396011, 3.048508287306724, 5.125, 2.088327347690278, 5.5901699437494745, 0.0, 3.666666666666667, 1.5026549633151018, 0.6726190476190476, 2.834739796974898, 5.000797130335874, 6.813439606876333, 5.125, 1.9872841944190458, 1.4641526265496367, 3.1188261008215146, 5.167136389663791, 2.449844099348183, 5.735034873477231, 2.930802721412128, 2.6046207087177167, 3.790433005556821, 5.598178685236542, 2.625, 4.509442254253229, 4.02229913185512, 3.791218109073507, 4.685794285273333, 6.239302068831293, 4.6061549211364206, 4.628564692332938, 6.950719387228922, 5.168864054339686, 4.991152177272231, 5.7004327370843235, 7.033289103417042, 5.25, 6.403666484479375, 6.340694008561215, 6.19668015590998, 6.781016021805424, 7.934380915371034, 7.0367339725187845, 7.115246735785845, 8.804295826470167, 7.510210855474153, 7.525996611745184, 7.405070522584133, 7.9005318034786605, 8.910141693598367, 7.875, 8.686775549330399], [6.3115029465607035, 4.062232897202118, 4.062232897202118, 3.8046520243664324, 2.9177126217806957, 4.509442254253229, 2.625, 5.2877281931321365, 3.2040014044940746, 1.4000248013676206, 1.7445351179548598, 2.088327347690278, 2.0883273476902775, 3.666666666666667, 0.0, 5.167438087023391, 3.0013283623714875, 0.8381028476386152, 1.3363194665024107, 3.1643112285485273, 1.7445351179548598, 5.328577944802178, 3.270978212918539, 1.5471725546403028, 1.8646919979357268, 2.449844099348183, 2.449844099348183, 5.747525470694426, 3.9165807270930517, 2.652178168276253, 2.849102028642448, 4.509442254253229, 2.625, 6.373643757739123, 4.788412086080568, 3.8240469074747105, 3.9631638981879402, 4.226302975174858, 4.628564692332938, 4.628564692332938, 7.15273374708505, 5.785080432651295, 5.016133975153509, 5.122980908613917, 6.403666484479375, 5.25, 8.040450544257364, 6.852328108767421, 6.216819520836078, 6.303346594308604, 8.600004037466752, 7.115246735785845, 7.115246735785844, 6.943269019749361, 9.004724840018403, 7.9618229696470895, 7.421931651830569, 7.49455821098067, 8.686775549330399, 7.875], [3.7142857142857153, 4.99069428821863, 7.924387570490665, 7.419231052412091, 6.094152967047839, 3.101184763727488, 5.836248057032871, 1.2142857142857153, 2.4837339310728943, 4.500251945579953, 6.612449606304639, 3.506801174640224, 7.084246139664187, 1.5026549633151018, 5.167438087023391, 0.0, 2.1666666666666665, 4.333333333333333, 6.5, 8.306324658581225, 6.581998486905983, 1.2142857142857135, 2.4837339310728934, 4.500251945579952, 6.612449606304638, 3.6700857590059184, 7.166478798360248, 2.428571428571428, 3.2545973065984537, 4.967467862145788, 6.938873048534139, 2.9461579962343336, 5.755370655589434, 3.6428571428571423, 4.23849650320839, 5.661111723066687, 7.451201793218682, 5.44367141697453, 5.331290132646886, 8.143189999462553, 4.857142857142856, 5.318484857470058, 6.509194613196907, 8.114298289728685, 5.374288040175694, 7.302562316284603, 6.071428571428571, 6.446447808088081, 7.459223999568384, 8.89450644487704, 6.785714285714285, 7.560226813955918, 9.74914962277977, 8.141264321927963, 7.285714285714285, 7.60105763019237, 8.47699300641678, 9.763791919795363, 7.9288931723649485, 9.344077877630298], [4.3000421872106545, 3.8932029844920826, 6.095656607655821, 5.639465400305145, 4.342348771926373, 2.7949582077769892, 4.045657788144657, 2.4837339310728943, 1.2142857142857153, 2.4837339310728943, 4.500251945579953, 1.5961373620268566, 4.95455895902532, 0.6726190476190476, 3.0013283623714875, 2.1666666666666665, 0.0, 2.1666666666666665, 4.333333333333334, 6.142472950737693, 4.455387958350029, 2.4837339310728934, 1.2142857142857135, 2.4837339310728934, 4.500251945579953, 1.9286081713137189, 5.071442544134563, 3.2545973065984537, 2.428571428571428, 3.2545973065984537, 4.967467862145789, 2.621886989025261, 3.9280843853939174, 4.23849650320839, 3.6428571428571423, 4.23849650320839, 5.661111723066688, 4.2309624133914925, 4.321186697940514, 6.377511621193492, 5.318484857470058, 4.857142857142856, 5.318484857470058, 6.509194613196907, 5.203596485433891, 5.969335971343505, 6.446447808088081, 6.071428571428571, 6.446447808088081, 7.459223999568384, 7.123226994262598, 6.885276281926386, 8.331088132918655, 7.189444261425032, 7.60105763019237, 7.285714285714285, 7.60105763019237, 8.47699300641678, 7.814204462593741, 8.343701033640617], [5.707337044990836, 3.846546290810361, 4.5724205272982115, 4.236866705749756, 3.1562912123585605, 3.923662156271013, 2.839329389701019, 4.500251945579953, 2.4837339310728943, 1.2142857142857153, 2.4837339310728948, 1.4786965095471551, 2.880564958208381, 2.834739796974898, 0.8381028476386152, 4.333333333333333, 2.1666666666666665, 0.0, 2.166666666666667, 3.9816839975345606, 2.4014888144809454, 4.500251945579952, 2.4837339310728934, 1.2142857142857135, 2.483733931072894, 1.8325988015239272, 3.077260060257834, 4.967467862145788, 3.2545973065984537, 2.428571428571428, 3.2545973065984537, 3.8023183344577136, 2.6691368236229387, 5.661111723066687, 4.23849650320839, 3.6428571428571423, 4.23849650320839, 3.9442890715522516, 4.279198916543485, 4.941928214620083, 6.509194613196907, 5.318484857470058, 4.857142857142856, 5.318484857470058, 5.8873380841050125, 5.227563140051007, 7.459223999568384, 6.446447808088081, 6.071428571428571, 6.446447808088081, 8.05131642311521, 6.859002723964099, 7.290886741573897, 6.81798516467045, 8.47699300641678, 7.60105763019237, 7.285714285714285, 7.60105763019237, 8.285235344669049, 7.830184632766966], [7.4863821948486535, 4.880952380952381, 3.7477884635271166, 3.672519278673921, 3.233766297409593, 5.689230786211394, 3.0240907255823677, 6.612449606304639, 4.500251945579953, 2.4837339310728948, 1.2142857142857153, 3.3487790528974464, 1.1985588710392747, 5.000797130335874, 1.3363194665024107, 6.5, 4.333333333333334, 2.166666666666667, 0.0, 1.8348105762694604, 1.0357142857142847, 6.612449606304638, 4.500251945579953, 2.483733931072894, 1.2142857142857135, 3.5194028108650355, 1.6150598649421437, 6.938873048534139, 4.967467862145789, 3.2545973065984537, 2.428571428571428, 5.606232865193481, 2.864895236575551, 7.451201793218682, 5.661111723066688, 4.23849650320839, 3.6428571428571423, 4.754227435166557, 5.228701669164603, 4.190649516166549, 8.114298289728685, 6.509194613196907, 5.318484857470058, 4.857142857142856, 7.185608668635908, 5.33017351655209, 8.89450644487704, 7.459223999568384, 6.446447808088081, 6.071428571428571, 9.396590784286976, 7.488237185421193, 6.80411040234849, 7.118330106990279, 9.763791919795363, 8.47699300641678, 7.60105763019237, 7.285714285714285, 9.252964224440484, 7.899058470257913], [9.246339584118438, 6.425231465775025, 4.27994744217696, 4.440569555262597, 4.5075241146674765, 7.462789482232041, 4.391256441006417, 8.447098285126435, 6.331541206955511, 4.267580996425753, 2.392690944443452, 5.173328890494342, 1.9487643593403092, 6.813439606876333, 3.1643112285485273, 8.306324658581225, 6.142472950737693, 3.9816839975345606, 1.8348105762694604, 0.0, 1.9197073516546939, 8.341796498402477, 6.190356487113608, 4.0551629983550725, 1.989238381339848, 5.101403162823084, 1.7489039277996348, 8.551320827778705, 6.469932960733949, 4.470331757495203, 2.737989849622825, 7.136801923620205, 3.811016658525155, 8.922644595089544, 6.953310807598806, 5.145130192011561, 3.7396640340164784, 5.733170243186484, 6.250323723624186, 4.012592350228333, 9.436687174681387, 7.601710955409042, 5.992482203166267, 4.839686492928226, 8.3202268068501, 5.728532132404791, 10.071619665532868, 8.376900817363072, 6.949554000769884, 5.984064104284325, 10.492913102975136, 8.1172673400928, 6.55167000004952, 7.513005311888695, 10.806153808517506, 9.247048434507471, 7.976950435837349, 7.151535544928315, 10.064773049496196, 8.055405813019735], [8.050621094052309, 5.708789519484649, 4.7762432936357, 4.708148596925366, 4.213334247778054, 6.25, 3.979984645419851, 6.878408246098802, 4.882650691763418, 3.1236108023318856, 2.25, 3.813581358484145, 2.1830311495716224, 5.125, 1.7445351179548598, 6.581998486905983, 4.455387958350029, 2.4014888144809454, 1.0357142857142847, 1.9197073516546939, 0.0, 6.5024524415871, 4.337011128978092, 2.1740129253402536, 0.17857142857142883, 3.2058973436118907, 0.7071067811865476, 6.647559779378307, 4.551684171621088, 2.575751436931097, 1.3928571428571432, 5.220153254455275, 2.0069324297987157, 7.0033701799598616, 5.057170320972866, 3.389931905215128, 2.6071428571428577, 3.947495168442233, 4.448977722778322, 3.164747225293041, 7.54011381389768, 5.777637415441401, 4.392921666838035, 3.821428571428571, 6.481946081232087, 4.335135843059335, 8.222433846942579, 6.643507819301843, 5.4820491435038585, 5.0357142857142865, 8.678277478854891, 6.56431853110266, 5.771698190307598, 6.133714395301395, 9.017344398435716, 7.605279598921909, 6.6149032074887115, 6.25, 8.40014880820572, 6.880427150822671], [4.928571428571429, 5.949951885321572, 8.561005567486253, 8.08934586750242, 6.775560979650097, 4.205196008438579, 6.490617683536152, 2.428571428571429, 3.2545973065984546, 4.967467862145788, 6.93887304853414, 4.051857899487804, 7.369290422186563, 1.9872841944190458, 5.328577944802178, 1.2142857142857135, 2.4837339310728934, 4.500251945579952, 6.612449606304638, 8.341796498402477, 6.5024524415871, 0.0, 2.1666666666666665, 4.333333333333333, 6.5, 3.34879492319875, 7.007375851667343, 1.2142857142857144, 2.483733931072894, 4.500251945579952, 6.612449606304638, 1.9990431384509326, 5.33297458402271, 2.428571428571429, 3.2545973065984546, 4.967467862145788, 6.93887304853414, 4.649741587463985, 4.4488821559625205, 7.594829907676051, 3.6428571428571423, 4.23849650320839, 5.661111723066687, 7.451201793218682, 4.221883284671398, 6.5014416027395185, 4.857142857142858, 5.31848485747006, 6.509194613196909, 8.114298289728687, 5.571428571428571, 6.492451573761773, 8.946553321057815, 7.155359220233927, 6.071428571428571, 6.446447808088081, 7.459223999568384, 8.89450644487704, 6.740450539050617, 8.359313244150634], [5.383796130146001, 5.064773187186344, 6.903037551516125, 6.495852304066152, 5.255998388529955, 3.984735614044199, 4.943042936227417, 3.2545973065984546, 2.428571428571429, 3.2545973065984546, 4.967467862145789, 2.582160420586166, 5.354208852635629, 1.4641526265496367, 3.270978212918539, 2.4837339310728934, 1.2142857142857135, 2.4837339310728934, 4.500251945579953, 6.190356487113608, 4.337011128978092, 2.1666666666666665, 0.0, 2.1666666666666665, 4.333333333333334, 1.2101352972464376, 4.844009438227978, 2.483733931072894, 1.2142857142857144, 2.483733931072894, 4.500251945579953, 1.4800736177069702, 3.278135669765325, 3.2545973065984546, 2.428571428571429, 3.2545973065984546, 4.967467862145789, 3.1444524607216082, 3.1689986490438464, 5.660614139617867, 4.23849650320839, 3.6428571428571423, 4.23849650320839, 5.661111723066688, 4.002342178504007, 4.957247065598784, 5.31848485747006, 4.857142857142858, 5.31848485747006, 6.509194613196909, 5.977897688232465, 5.692269093923945, 7.375766227155097, 6.050379293831653, 6.446447808088081, 6.071428571428571, 6.446447808088081, 7.459223999568384, 6.605158432152267, 7.223826788440304], [6.562666691544558, 5.028997546880553, 5.603742270808118, 5.323867638972016, 4.328013449654573, 4.843702225278257, 4.015982807960238, 4.967467862145788, 3.2545973065984546, 2.428571428571429, 3.2545973065984546, 2.5112628947465083, 3.5238547696580413, 3.1188261008215146, 1.5471725546403028, 4.500251945579952, 2.4837339310728934, 1.2142857142857135, 2.483733931072894, 4.0551629983550725, 2.1740129253402536, 4.333333333333333, 2.1666666666666665, 0.0, 2.166666666666667, 1.0503886549894812, 2.6859686218646943, 4.500251945579952, 2.483733931072894, 1.2142857142857144, 2.4837339310728943, 3.126331915706573, 1.5622477120585583, 4.967467862145788, 3.2545973065984546, 2.428571428571429, 3.2545973065984546, 2.7466260419236432, 3.1115014585454737, 3.973984453623557, 5.661111723066687, 4.23849650320839, 3.6428571428571423, 4.23849650320839, 4.8581968102543485, 4.0334529765242335, 6.509194613196909, 5.31848485747006, 4.857142857142858, 5.31848485747006, 7.058228822042283, 5.660460787473985, 6.176724652891832, 5.603918496619649, 7.459223999568384, 6.446447808088081, 6.071428571428571, 6.446447808088081, 7.156217663484358, 6.624056001713164], [8.157255440804255, 5.858207413903027, 4.953868824114201, 4.8867090160182745, 4.384834166697887, 6.358747790987448, 4.1486686113939655, 6.93887304853414, 4.967467862145789, 3.2545973065984546, 2.428571428571429, 3.9158931426059613, 2.3572104968650156, 5.167136389663791, 1.8646919979357268, 6.612449606304638, 4.500251945579953, 2.483733931072894, 1.2142857142857135, 1.989238381339848, 0.17857142857142883, 6.5, 4.333333333333334, 2.166666666666667, 0.0, 3.182937967398735, 0.5944041777533298, 6.612449606304638, 4.500251945579953, 2.4837339310728943, 1.2142857142857144, 5.171670278487189, 1.8772190194981329, 6.93887304853414, 4.967467862145789, 3.2545973065984546, 2.428571428571429, 3.819583333231125, 4.325415483431434, 2.988551710533149, 7.451201793218682, 5.661111723066688, 4.23849650320839, 3.6428571428571423, 6.369795794951966, 4.165582341901974, 8.114298289728687, 6.509194613196909, 5.31848485747006, 4.857142857142858, 8.561005567486252, 6.408478298653152, 5.5938194756830155, 5.965702332766337, 8.89450644487704, 7.459223999568384, 6.446447808088081, 6.071428571428571, 8.257340580924813, 6.705330062507403], [6.218811068935212, 5.25, 6.403666484479375, 6.067533363252166, 4.948215915495881, 4.628564692332938, 4.628564692332938, 4.321297387488058, 2.9872413881558204, 2.9261749776799064, 4.1940765107205396, 2.625, 4.509442254253229, 2.449844099348183, 2.449844099348183, 3.6700857590059184, 1.9286081713137189, 1.8325988015239272, 3.5194028108650355, 5.101403162823084, 3.2058973436118907, 3.34879492319875, 1.2101352972464376, 1.0503886549894812, 3.182937967398735, 0.0, 3.6666666666666665, 3.450841200151368, 1.4691170779288263, 1.3405945985088186, 3.2901324677478865, 2.088327347690278, 2.088327347690278, 3.943496181248218, 2.40856017809796, 2.3323916953222423, 3.8036599214685243, 2.4148237617397843, 2.625, 4.509442254253229, 4.705634799494447, 3.520369137777053, 3.4687011625537933, 4.589081120756073, 4.062232897202118, 4.062232897202118, 5.628837819012356, 4.683355121357313, 4.6446425138682805, 5.5317702283636505, 6.218811068935212, 5.25, 6.403666484479375, 5.398175133230396, 6.646323127196805, 5.867163804693978, 5.836308764964376, 6.56431853110266, 6.513341009889711, 6.513341009889711], [8.75, 6.403666484479375, 5.25, 5.2371531116237975, 4.846578030294558, 6.950719387228922, 4.628564692332938, 7.520804478245662, 5.560900206900958, 3.830614978187068, 2.7950849718747373, 4.509442254253229, 2.625, 5.735034873477231, 2.449844099348183, 7.166478798360248, 5.071442544134563, 3.077260060257834, 1.6150598649421437, 1.7489039277996348, 0.7071067811865476, 7.007375851667343, 4.844009438227978, 2.6859686218646943, 0.5944041777533298, 3.6666666666666665, 0.0, 7.0567126820886665, 4.9151098653704715, 2.8121708676149346, 1.0233249129924578, 5.5901699437494745, 2.0883273476902775, 7.310270242638651, 5.272680734836814, 3.39870006495414, 2.165652562256505, 3.9900867064726944, 4.509442254253229, 2.625, 7.748024764745015, 5.864554447373914, 4.259459926588481, 3.35885214844328, 6.587156063127699, 4.062232897202118, 8.341025361526762, 6.6282588356780225, 5.261541142359696, 4.563190121135943, 8.75, 6.403666484479375, 5.25, 5.864337712001322, 9.058835465996719, 7.511565157216644, 6.338265623268807, 5.771698190307598, 8.325412902673357, 6.51334100988971], [6.142857142857143, 6.988977392198528, 9.31314629314664, 8.875754802320639, 7.591227330542323, 5.357142857142858, 7.289953637457593, 3.6428571428571432, 4.23849650320839, 5.661111723066688, 7.451201793218682, 4.846280015502833, 7.834240159552873, 2.930802721412128, 5.747525470694426, 2.428571428571428, 3.2545973065984537, 4.967467862145788, 6.938873048534139, 8.551320827778705, 6.647559779378307, 1.2142857142857144, 2.483733931072894, 4.500251945579952, 6.612449606304638, 3.450841200151368, 7.0567126820886665, 0.0, 2.1666666666666665, 4.333333333333333, 6.5, 1.503821662244807, 5.167777475499616, 1.2142857142857144, 2.483733931072894, 4.500251945579952, 6.612449606304638, 4.068859146767733, 3.7565183333323597, 7.2111246610740976, 2.428571428571428, 3.2545973065984537, 4.967467862145788, 6.938873048534139, 3.1168260445261833, 5.844574324643428, 3.6428571428571432, 4.23849650320839, 5.661111723066688, 7.451201793218682, 4.357142857142857, 5.48596436268612, 8.245283129010854, 6.250370066925068, 4.857142857142857, 5.318484857470059, 6.509194613196908, 8.114298289728685, 5.5631807081773585, 7.442675865324324], [6.513765295280101, 6.252663831413147, 7.816380555516865, 7.452355594245416, 6.272481554795138, 5.185887005737898, 5.9539045669070605, 4.23849650320839, 3.6428571428571432, 4.23849650320839, 5.661111723066688, 3.7062690119124024, 5.977995482489272, 2.6046207087177167, 3.9165807270930517, 3.2545973065984537, 2.428571428571428, 3.2545973065984537, 4.967467862145789, 6.469932960733949, 4.551684171621088, 2.483733931072894, 1.2142857142857144, 2.483733931072894, 4.500251945579953, 1.4691170779288263, 4.9151098653704715, 2.1666666666666665, 0.0, 2.1666666666666665, 4.333333333333334, 0.6752214720232014, 3.0019126555975504, 2.483733931072894, 1.2142857142857144, 2.483733931072894, 4.500251945579953, 2.196155550907431, 2.088403693892091, 5.13433832043255, 3.2545973065984537, 2.428571428571428, 3.2545973065984537, 4.967467862145789, 2.812303155117026, 4.0576599896783785, 4.23849650320839, 3.6428571428571432, 4.23849650320839, 5.661111723066688, 4.866121486563551, 4.51063243776991, 6.507365441456484, 4.947226495942248, 5.318484857470059, 4.857142857142857, 5.318484857470059, 6.509194613196909, 5.398464970367148, 6.139949477954744], [7.517477745582543, 6.223720260226276, 6.696701052657356, 6.4563978644545195, 5.5181705496846165, 5.871691184796295, 5.209935127838079, 5.661111723066688, 4.23849650320839, 3.6428571428571432, 4.238496503208391, 3.6572283053633696, 4.414343664539739, 3.790433005556821, 2.652178168276253, 4.967467862145788, 3.2545973065984537, 2.428571428571428, 3.2545973065984537, 4.470331757495203, 2.575751436931097, 4.500251945579952, 2.483733931072894, 1.2142857142857144, 2.4837339310728943, 1.3405945985088186, 2.8121708676149346, 4.333333333333333, 2.1666666666666665, 0.0, 2.166666666666667, 2.835358419955846, 0.8401928565997095, 4.500251945579952, 2.483733931072894, 1.2142857142857144, 2.4837339310728943, 1.5746340972481458, 2.000079717799023, 3.1798474788363875, 4.967467862145788, 3.2545973065984537, 2.428571428571428, 3.2545973065984537, 3.9360363780857655, 2.8564049146227815, 5.661111723066688, 4.23849650320839, 3.6428571428571432, 4.238496503208391, 6.145117708826153, 4.470424350948242, 5.1084053273660786, 4.389972997602836, 6.509194613196908, 5.318484857470059, 4.857142857142857, 5.31848485747006, 6.060260503444923, 5.421570255588429], [8.943416230811971, 6.911039838933704, 6.163172387460132, 6.1009369570643575, 5.562847873567719, 7.17279440607611, 5.312885973707183, 7.451201793218682, 5.661111723066688, 4.238496503208391, 3.6428571428571432, 4.733190959102411, 3.5532124728970294, 5.598178685236542, 2.849102028642448, 6.938873048534139, 4.967467862145789, 3.2545973065984537, 2.428571428571428, 2.737989849622825, 1.3928571428571432, 6.612449606304638, 4.500251945579953, 2.4837339310728943, 1.2142857142857144, 3.2901324677478865, 1.0233249129924578, 6.5, 4.333333333333334, 2.166666666666667, 0.0, 5.001147827432892, 1.337631253228823, 6.612449606304638, 4.500251945579953, 2.4837339310728943, 1.2142857142857144, 3.0862169018946704, 3.6094454775392846, 1.8028640762827959, 6.938873048534139, 4.967467862145789, 3.2545973065984537, 2.428571428571428, 5.697771897139858, 3.040128676489617, 7.451201793218682, 5.661111723066688, 4.238496503208391, 3.6428571428571432, 7.825259987856699, 5.386322646790553, 4.385737552288214, 4.843301015433579, 8.114298289728685, 6.509194613196909, 5.31848485747006, 4.857142857142857, 7.327958760243996, 5.520575818663712], [6.427480066091221, 6.513341009889711, 8.325412902673357, 7.937731620504443, 6.719005935681151, 5.25, 6.403666484479375, 4.038873605350878, 3.808798294008813, 4.700029550734524, 6.25, 4.062232897202118, 6.587156063127699, 2.625, 4.509442254253229, 2.9461579962343336, 2.621886989025261, 3.8023183344577136, 5.606232865193481, 7.136801923620205, 5.220153254455275, 1.9990431384509326, 1.4800736177069702, 3.126331915706573, 5.171670278487189, 2.088327347690278, 5.5901699437494745, 1.503821662244807, 0.6752214720232014, 2.835358419955846, 5.001147827432892, 0.0, 3.666666666666667, 1.8643404480197414, 1.2923659507147711, 3.0419636887872654, 5.121109772902984, 2.6697976620815114, 2.449844099348183, 5.735034873477231, 2.763879630563693, 2.4152587970421187, 3.6628961751628553, 5.512624657297547, 2.625, 4.509442254253229, 3.8407389276289123, 3.5980161137283044, 4.530899832040195, 6.123828501044431, 4.5069390943299865, 4.628564692332938, 6.950719387228922, 5.199617974655496, 4.981214711292819, 4.79655547705272, 5.530847835348372, 6.896557112066861, 5.25, 6.403666484479375], [8.109065571596055, 6.513341009889711, 6.51334100988971, 6.3384501603408, 5.541215947483119, 6.403666484479375, 5.25, 6.384116575098268, 4.802343178074637, 3.84147685720537, 3.979984645419851, 4.062232897202118, 4.062232897202118, 4.509442254253229, 2.625, 5.755370655589434, 3.9280843853939174, 2.6691368236229387, 2.864895236575551, 3.811016658525155, 2.0069324297987157, 5.33297458402271, 3.278135669765325, 1.5622477120585583, 1.8772190194981329, 2.088327347690278, 2.0883273476902775, 5.167777475499616, 3.0019126555975504, 0.8401928565997095, 1.337631253228823, 3.666666666666667, 0.0, 5.283957773351988, 3.197775055585126, 1.385716331204513, 1.7330733059799366, 1.9423679458121454, 2.449844099348183, 2.449844099348183, 5.664227666389245, 3.7932875731013196, 2.4664701613215074, 2.67708953716955, 4.509442254253229, 2.625, 6.260648525084964, 4.6369467875105155, 3.63259135530664, 3.7787634601787214, 6.6900631121421, 4.628564692332938, 4.628564692332938, 4.340707853483113, 7.018329177549628, 5.618051263561059, 4.822545432076763, 4.9335867052052285, 6.403666484479375, 5.25], [7.357142857142858, 8.077045383772415, 10.155173608580414, 9.750359462583624, 8.502600647497518, 6.531712279802476, 8.191929549902568, 4.857142857142858, 5.31848485747006, 6.509194613196909, 8.114298289728687, 5.788288791302597, 8.449448267218882, 4.02229913185512, 6.373643757739123, 3.6428571428571423, 4.23849650320839, 5.661111723066687, 7.451201793218682, 8.922644595089544, 7.0033701799598616, 2.428571428571429, 3.2545973065984546, 4.967467862145788, 6.93887304853414, 3.943496181248218, 7.310270242638651, 1.2142857142857144, 2.483733931072894, 4.500251945579952, 6.612449606304638, 1.8643404480197414, 5.283957773351988, 0.0, 2.1666666666666665, 4.333333333333333, 6.5, 3.8000147728812217, 3.3733198975963243, 7.019129292184905, 1.2142857142857135, 2.4837339310728934, 4.500251945579952, 6.612449606304638, 2.1339846077519975, 5.3850101903865415, 2.428571428571429, 3.2545973065984546, 4.967467862145788, 6.93887304853414, 3.1428571428571423, 4.581338465068836, 7.673170858283306, 5.466632049834325, 3.6428571428571423, 4.23849650320839, 5.661111723066687, 7.451201793218682, 4.4060487180831815, 6.622515364313388], [7.669549886717774, 7.449071226100559, 8.802764459618313, 8.475145440743605, 7.349252359396683, 6.392003578735458, 7.029456970927588, 5.31848485747006, 4.857142857142858, 5.31848485747006, 6.509194613196909, 4.873837002969968, 6.764191535691408, 3.791218109073507, 4.788412086080568, 4.23849650320839, 3.6428571428571423, 4.23849650320839, 5.661111723066688, 6.953310807598806, 5.057170320972866, 3.2545973065984546, 2.428571428571429, 3.2545973065984546, 4.967467862145789, 2.40856017809796, 5.272680734836814, 2.483733931072894, 1.2142857142857144, 2.483733931072894, 4.500251945579953, 1.2923659507147711, 3.197775055585126, 2.1666666666666665, 0.0, 2.1666666666666665, 4.333333333333334, 1.6454776576002483, 1.2764353221057754, 4.860996516303965, 2.4837339310728934, 1.2142857142857135, 2.4837339310728934, 4.500251945579953, 1.6578102275492486, 3.36212586113644, 3.2545973065984546, 2.428571428571429, 3.2545973065984546, 4.967467862145789, 3.817328315046088, 3.3524113905544577, 5.765298095633848, 3.9104974104218453, 4.23849650320839, 3.6428571428571423, 4.23849650320839, 5.661111723066688, 4.196154161916229, 5.115003939990902], [8.538461734890305, 7.4247929951216936, 7.825513537878475, 7.6141683539838425, 6.7169704184445465, 6.959959991544508, 6.4115294392654, 6.509194613196909, 5.31848485747006, 4.857142857142858, 5.31848485747006, 4.836649255466864, 5.431784893708447, 4.685794285273333, 3.8240469074747105, 5.661111723066687, 4.23849650320839, 3.6428571428571423, 4.23849650320839, 5.145130192011561, 3.389931905215128, 4.967467862145788, 3.2545973065984546, 2.428571428571429, 3.2545973065984546, 2.3323916953222423, 3.39870006495414, 4.500251945579952, 2.483733931072894, 1.2142857142857144, 2.4837339310728943, 3.0419636887872654, 1.385716331204513, 4.333333333333333, 2.1666666666666665, 0.0, 2.166666666666667, 0.6032993105387761, 1.126133216101968, 2.7164843330156123, 4.500251945579952, 2.4837339310728934, 1.2142857142857135, 2.483733931072894, 3.2142912257448333, 1.7315700247367685, 4.967467862145788, 3.2545973065984546, 2.428571428571429, 3.2545973065984546, 5.353067232735447, 3.298113251604341, 4.121730477787124, 3.176287599453956, 5.661111723066687, 4.23849650320839, 3.6428571428571423, 4.23849650320839, 5.019067949719372, 4.225838348844746], [9.817206884