totalHoles = 60;
zeroHoleID = 22;
C = [[0.0, 3.666666666666666, 4.5, 6.0, 2.0883273476902775, 5.5901699437494745, 2.872829715143639, 5.088283109261905, 6.452954749570154, 2.5, 4.4378423185647815, 3.333333333333333, 4.955356249106168, 3.9510898637098992, 6.519202405202649, 4.166666666666666, 5.550275268448903, 4.705198071164368, 7.0019838458666674, 7.652613932506983, 5.0, 6.200358412579424, 5.482294734466175, 7.54615428178118, 5.833055136070703, 5.833333333333333, 6.890008869531462, 6.27384340823957, 8.139410298049853, 6.666666666666666, 7.608474807008884, 7.074995092263708, 8.771798244627178, 9.314806761280666, 7.5, 8.348319857578796, 7.882822393590311, 9.435453236478773, 11.814540336331842, 8.333333333333334, 9.104333522498443, 8.695464973830388, 10.124228365658293, 9.166666666666666, 9.872802146413257, 9.511688715586851, 10.833333333333334, 9.5, 10.183046913593419, 11.236102527122116, 10.0, 10.651030205780305, 10.91236142295097, 10.330644811541156, 11.559027256266466, 11.815316469187238, 10.65885130354632, 11.853269591129697, 11.151731305546736, 12.298373876248844], [3.666666666666666, 0.0, 0.8333333333333339, 2.333333333333334, 2.0883273476902775, 2.0883273476902784, 2.152124202005301, 2.516956385089826, 3.3294247918288296, 4.4378423185647815, 2.5, 4.955356249106168, 3.333333333333333, 3.9510898637098992, 3.9510898637098997, 5.550275268448903, 4.166666666666666, 4.705198071164368, 4.705198071164368, 5.292158769769142, 6.200358412579424, 5.0, 5.482294734466175, 5.482294734466175, 5.6405517431417005, 6.890008869531462, 5.833333333333333, 6.27384340823957, 6.27384340823957, 7.608474807008884, 6.666666666666666, 7.074995092263708, 7.074995092263708, 7.497337490365793, 8.348319857578796, 7.5, 7.882822393590311, 7.8828223935903114, 9.418231269281824, 9.104333522498443, 8.333333333333334, 8.695464973830388, 8.695464973830388, 9.872802146413257, 9.166666666666666, 9.511688715586851, 9.511688715586851, 10.183046913593419, 9.5, 9.782353727219459, 10.651030205780305, 10.0, 10.026991334939323, 10.330644811541156, 10.330644811541156, 10.514007423910845, 10.65885130354632, 10.65885130354632, 11.151731305546736, 11.151731305546736], [4.5, 0.8333333333333339, 0.0, 1.5, 2.8480012484391772, 1.4142135623730951, 2.749284938621449, 2.375, 2.809025631780529, 5.1478150704935, 2.63523138347365, 5.600099205470481, 3.4359213546813834, 4.400126260814695, 3.640054944640259, 6.132789830991366, 4.249182927993987, 5.088112507491249, 4.447221354708778, 4.981214711292819, 6.726812023536855, 5.068968775248517, 5.814254514170802, 5.262551134615648, 5.921473196643128, 7.367345368433448, 5.892556509887895, 6.5659052011974035, 6.082762530298219, 8.043285674675769, 6.718548123582124, 7.335227028221796, 6.90611645170022, 7.281182939605349, 8.74642784226795, 7.54615428178118, 8.117197107923946, 7.731609003162134, 8.993852318847487, 9.470715096783582, 8.374896350934076, 8.908485343261844, 8.558621384311845, 10.21164912136026, 9.204467514322717, 9.70681318570736, 9.386751893552484, 10.51189802081432, 9.536479667279979, 9.617692030835672, 10.965856099730654, 10.03466214899358, 10.003855693295234, 10.510576683618375, 10.215728613814635, 10.37739893544046, 10.833333333333334, 10.547511554864494, 11.31861789756643, 11.045361017187261], [6.0, 2.333333333333334, 1.5, 0.0, 4.28498671072748, 1.118033988749895, 4.040673216297448, 2.809025631780529, 2.375, 6.5, 3.4197140881138655, 6.863753427324666, 4.068851871911234, 5.441609239104836, 3.5355339059327378, 7.304869000270375, 4.775516260631467, 6.011562932290477, 4.362084109434133, 4.75, 7.810249675906654, 5.517648452415616, 6.637435917246626, 5.1908038341324785, 6.664104017140668, 8.368260140422128, 6.2826922749902545, 7.304869000270376, 6.020797289396148, 8.969082698049139, 7.06320670013903, 8.003471469028646, 6.851601597031489, 7.125, 9.604686356149273, 7.8545811119654525, 8.72576007513895, 7.682953714410739, 8.38598344012478, 10.26861453383291, 8.65383665716478, 9.466314547441952, 8.514693182963201, 10.955718953029864, 9.458975749108474, 10.221165404307976, 9.346716595206637, 11.236102527122116, 9.782353727219459, 9.5, 11.661903789690601, 10.268614533832908, 10.136220253855205, 10.987366482566339, 10.178954323068313, 10.298218800583525, 11.296508801887029, 10.51189802081432, 11.762699992395925, 11.01135777277262], [2.0883273476902775, 2.0883273476902775, 2.8480012484391772, 4.28498671072748, 0.0, 3.666666666666667, 0.8440171446740912, 3.0002893378991153, 4.387680037458419, 2.3687784005919825, 2.3687784005919825, 2.967415635794142, 2.967415635794142, 2.5, 4.437842318564782, 3.6590830666833574, 3.6590830666833574, 3.333333333333333, 4.955356249106169, 5.605676686280713, 4.400126260814695, 4.400126260814695, 4.166666666666666, 5.550275268448904, 4.4387064247806505, 5.1693541397569405, 5.1693541397569405, 5.0, 6.200358412579424, 5.955856128401878, 5.955856128401878, 5.833333333333333, 6.890008869531462, 7.407883375911847, 6.75359986311827, 6.75359986311827, 6.666666666666666, 7.608474807008885, 9.795540730955924, 7.559026980299045, 7.559026980299045, 7.5, 8.348319857578796, 8.36991968632648, 8.36991968632648, 8.333333333333334, 9.104333522498443, 8.695464973830388, 8.695464973830388, 9.466314547441952, 9.184830488969903, 9.184830488969903, 9.351106441298391, 9.166666666666666, 9.872802146413257, 10.105420940287447, 9.5, 10.183046913593419, 10.0, 10.651030205780305], [5.5901699437494745, 2.0883273476902784, 1.4142135623730951, 1.118033988749895, 3.666666666666667, 0.0, 3.245812285637129, 1.7001838135919305, 1.4630874888399532, 5.70087712549569, 2.368778400591983, 5.97448277631164, 2.967415635794143, 4.437842318564782, 2.5, 6.346477588219923, 3.659083066683358, 4.955356249106169, 3.333333333333333, 3.783186487605389, 6.800735254367722, 4.400126260814695, 5.550275268448904, 4.166666666666666, 5.5621804102754115, 7.321960878829598, 5.1693541397569405, 6.200358412579424, 5.0, 7.896905160321422, 5.955856128401879, 6.890008869531462, 5.833333333333333, 6.145374276640927, 8.514693182963201, 6.75359986311827, 7.608474807008885, 6.666666666666666, 7.649626104531302, 9.166666666666668, 7.559026980299045, 8.348319857578796, 7.5, 9.846036991827953, 8.36991968632648, 9.104333522498443, 8.333333333333334, 10.124228365658293, 8.695464973830388, 8.514693182963201, 10.547511554864494, 9.184830488969903, 9.074610709379023, 9.872802146413257, 9.166666666666666, 9.300893810158763, 10.183046913593419, 9.5, 10.651030205780305, 10.0], [2.872829715143639, 2.152124202005301, 2.749284938621449, 4.040673216297448, 0.8440171446740912, 3.245812285637129, 0.0, 2.279914730213929, 3.73717587814907, 2.4659388191747635, 1.5682290229930385, 2.852110318154679, 2.124387270619239, 1.881507009873881, 3.6555438831032614, 3.4025139474842176, 2.8205653992540762, 2.694515596889834, 4.133200546183513, 4.784054456999312, 4.0507478257247485, 3.5758979230758876, 3.517051160340078, 4.710900266142195, 3.748970293882535, 4.756984719472178, 4.359746739196725, 4.343704906632735, 5.356370484665378, 5.498921547345326, 5.159130371729656, 5.172502745891006, 6.047951480405502, 6.5642303852660975, 6.263885506242473, 5.967809451043087, 6.002556612434702, 6.771529985060443, 8.963619920332578, 7.044378892113855, 6.782459877087656, 6.833408812855122, 7.517872601786703, 7.835762579665925, 7.6011619646957564, 7.664799737150177, 8.28082649641366, 8.154656619715825, 7.92949636446854, 8.635526275460368, 8.635042867468307, 8.422734314440884, 8.563550855347936, 8.496571244126518, 9.05619430884777, 9.28399686915101, 8.829362318636985, 9.369128636477129, 9.32862153221508, 9.841042228564815], [5.088283109261905, 2.516956385089826, 2.375, 2.809025631780529, 3.0002893378991153, 1.7001838135919305, 2.279914730213929, 0.0, 1.5, 4.501735776342277, 0.8426561840065291, 4.600913254754731, 1.2699792211773477, 2.8942591644687097, 1.505199322349037, 4.843559584070835, 1.975984283563229, 3.3085012551842192, 2.1988791336597933, 2.809025631780529, 5.209666496043677, 2.7541004782767904, 3.8606364616328337, 2.965367224776347, 3.8625390881640205, 5.675391567499501, 3.557318356415249, 4.500192897100202, 3.760402239122831, 6.218392298478585, 4.371824244205412, 5.194982889502353, 4.569106708221105, 4.981214711292819, 6.82023643285187, 5.192308681544699, 5.925609438886621, 5.385325998592017, 6.995352735896132, 7.466708519227942, 6.016326167650451, 6.680324551330655, 6.206095793653205, 8.147191915691632, 6.842600423490732, 7.451812792125746, 7.029822385933928, 8.427076895341587, 7.173567414086554, 7.281182939605349, 8.853848033482391, 7.670402169667796, 7.629154653286697, 8.235361592277266, 7.8555756914719135, 8.02646380402441, 8.551417198985856, 8.186307165016471, 9.027831196423154, 8.682777493406128], [6.452954749570154, 3.3294247918288296, 2.809025631780529, 2.375, 4.387680037458419, 1.4630874888399532, 3.73717587814907, 1.5, 0.0, 6.001301942078902, 2.336679148801659, 6.076051577939228, 2.5224684779442192, 4.315870261153724, 1.231107225224513, 6.26179442687513, 2.941855518017309, 4.603930989443213, 2.021155472605817, 2.375, 6.549093448714868, 3.512131752147753, 5.015427587842226, 2.8360893458736056, 4.926017228989596, 6.925320891081109, 4.17187174885433, 5.522837686471613, 3.659320292076112, 7.376882998785989, 4.88496133272539, 6.102282132302817, 4.486283106438013, 4.75, 7.890857051043315, 5.631169456200412, 6.735194668472635, 5.315236223453394, 6.194376370904356, 8.455869920422801, 6.398920264822462, 7.407883375911847, 6.145374276640927, 9.062380267408287, 7.18130771904084, 8.1104570702821, 6.976274276272242, 9.314806761280666, 7.497337490365793, 7.125, 9.702609185162515, 7.974024670418599, 7.801912139094817, 8.835789752792646, 7.807692965559316, 7.923826285117891, 9.131086250337969, 8.140370077582467, 9.578712654167632, 8.639480597813737], [2.5, 4.4378423185647815, 5.1478150704935, 6.5, 2.3687784005919825, 5.70087712549569, 2.4659388191747635, 4.501735776342277, 6.001301942078902, 0.0, 3.666666666666666, 0.833333333333333, 3.7601713908928254, 2.0883273476902775, 5.5901699437494745, 1.666666666666666, 4.02768199119819, 2.5927248643506737, 5.7975090436420285, 6.408002808988148, 2.5, 4.4378423185647815, 3.2360813064912657, 6.112373606964082, 3.6238310635729896, 3.333333333333333, 4.955356249106168, 3.9510898637098992, 6.519202405202649, 4.166666666666666, 5.550275268448903, 4.705198071164368, 7.0019838458666674, 7.57566003725088, 5.0, 6.200358412579424, 5.482294734466175, 7.54615428178118, 10.3082312821123, 5.833333333333334, 6.890008869531463, 6.27384340823957, 8.139410298049853, 6.666666666666666, 7.608474807008884, 7.074995092263708, 8.77179824462718, 7.0, 7.9021797274197985, 9.219544457292887, 7.5, 8.348319857578796, 8.678430444155556, 7.882822393590311, 9.435453236478773, 9.714460498373061, 8.207381501496753, 9.7082439194738, 8.695464973830388, 10.124228365658293], [4.4378423185647815, 2.5, 2.63523138347365, 3.4197140881138655, 2.3687784005919825, 2.368778400591983, 1.5682290229930385, 0.8426561840065291, 2.336679148801659, 3.666666666666666, 0.0, 3.7601713908928254, 0.833333333333333, 2.0883273476902775, 2.0883273476902784, 4.02768199119819, 1.666666666666666, 2.5927248643506737, 2.5927248643506746, 3.2414417231294546, 4.4378423185647815, 2.5, 3.2360813064912657, 3.2360813064912666, 3.305063285919745, 4.955356249106168, 3.333333333333333, 3.9510898637098992, 3.9510898637098997, 5.550275268448903, 4.166666666666666, 4.705198071164368, 4.705198071164368, 5.180257661974397, 6.200358412579424, 5.0, 5.482294734466175, 5.482294734466175, 7.441730245607161, 6.890008869531463, 5.833333333333334, 6.27384340823957, 6.27384340823957, 7.608474807008884, 6.666666666666666, 7.074995092263708, 7.074995092263709, 7.9021797274197985, 7.0, 7.378647873726218, 8.348319857578796, 7.5, 7.534990270722699, 7.882822393590311, 7.8828223935903114, 8.081670100756138, 8.207381501496753, 8.207381501496753, 8.695464973830388, 8.695464973830388], [3.333333333333333, 4.955356249106168, 5.600099205470481, 6.863753427324666, 2.967415635794142, 5.97448277631164, 2.852110318154679, 4.600913254754731, 6.076051577939228, 0.833333333333333, 3.7601713908928254, 0.0, 3.666666666666666, 1.840893502864543, 5.50252467307306, 0.833333333333333, 3.7601713908928254, 2.0883273476902775, 5.5901699437494745, 6.16497724606056, 1.666666666666667, 4.0276819911981905, 2.5927248643506737, 5.7975090436420285, 2.9909534389643895, 2.5, 4.4378423185647815, 3.2360813064912666, 6.112373606964083, 3.333333333333333, 4.955356249106168, 3.9510898637098992, 6.519202405202649, 7.097657086046854, 4.166666666666667, 5.550275268448904, 4.705198071164368, 7.0019838458666674, 9.89593348530253, 5.000000000000001, 6.200358412579425, 5.482294734466175, 7.54615428178118, 5.833333333333333, 6.890008869531462, 6.273843408239571, 8.139410298049855, 6.166666666666667, 7.174414416676961, 8.603939666093538, 6.666666666666667, 7.608474807008885, 7.968988254569684, 7.074995092263708, 8.771798244627178, 9.059334066108987, 7.397447007057382, 9.033886821911768, 7.8828223935903114, 9.435453236478775], [4.955356249106168, 3.333333333333333, 3.4359213546813834, 4.068851871911234, 2.967415635794142, 2.967415635794143, 2.124387270619239, 1.2699792211773477, 2.5224684779442192, 3.7601713908928254, 0.833333333333333, 3.666666666666666, 0.0, 1.840893502864543, 1.8408935028645441, 3.7601713908928254, 0.833333333333333, 2.0883273476902775, 2.0883273476902784, 2.729723225693201, 4.0276819911981905, 1.666666666666667, 2.5927248643506737, 2.5927248643506746, 2.5955913046300223, 4.4378423185647815, 2.5, 3.2360813064912666, 3.236081306491267, 4.955356249106168, 3.333333333333333, 3.9510898637098992, 3.9510898637098997, 4.452098444054844, 5.550275268448904, 4.166666666666667, 4.705198071164368, 4.705198071164368, 6.859243138160194, 6.200358412579425, 5.000000000000001, 5.482294734466175, 5.482294734466176, 6.890008869531462, 5.833333333333333, 6.273843408239571, 6.273843408239572, 7.174414416676961, 6.166666666666667, 6.593346814950828, 7.608474807008885, 6.666666666666667, 6.705646665856272, 7.074995092263708, 7.074995092263708, 7.281083886645447, 7.397447007057382, 7.397447007057383, 7.8828223935903114, 7.882822393590312], [3.9510898637098992, 3.9510898637098992, 4.400126260814695, 5.441609239104836, 2.5, 4.437842318564782, 1.881507009873881, 2.8942591644687097, 4.315870261153724, 2.0883273476902775, 2.0883273476902775, 1.840893502864543, 1.840893502864543, 0.0, 3.666666666666667, 1.9507833184532704, 1.9507833184532704, 0.833333333333333, 3.7601713908928263, 4.350127712046063, 2.3687784005919825, 2.3687784005919825, 1.666666666666666, 4.0276819911981905, 1.9518540115143783, 2.967415635794142, 2.967415635794142, 2.5, 4.437842318564782, 3.6590830666833574, 3.6590830666833574, 3.333333333333333, 4.955356249106169, 5.522837686471613, 4.400126260814695, 4.400126260814695, 4.166666666666666, 5.550275268448904, 8.22367843598733, 5.169354139756941, 5.169354139756941, 5.0, 6.200358412579424, 5.955856128401878, 5.955856128401878, 5.833333333333334, 6.890008869531463, 6.27384340823957, 6.27384340823957, 7.304869000270376, 6.75359986311827, 6.75359986311827, 6.977013316988131, 6.666666666666666, 7.608474807008885, 7.866928999794226, 7.0, 7.9021797274197985, 7.5, 8.348319857578796], [6.519202405202649, 3.9510898637098997, 3.640054944640259, 3.5355339059327378, 4.437842318564782, 2.5, 3.6555438831032614, 1.505199322349037, 1.231107225224513, 5.5901699437494745, 2.0883273476902784, 5.50252467307306, 1.8408935028645441, 3.666666666666667, 0.0, 5.540256712864887, 1.9507833184532712, 3.7601713908928263, 0.833333333333333, 1.346291201783626, 5.70087712549569, 2.368778400591983, 4.0276819911981905, 1.666666666666666, 3.8788490913320266, 5.97448277631164, 2.967415635794143, 4.437842318564782, 2.5, 6.346477588219923, 3.659083066683358, 4.955356249106169, 3.333333333333333, 3.659320292076112, 6.800735254367722, 4.400126260814695, 5.550275268448904, 4.166666666666666, 5.494820137714541, 7.321960878829599, 5.169354139756942, 6.200358412579424, 5.0, 7.896905160321422, 5.955856128401879, 6.890008869531463, 5.833333333333334, 8.139410298049853, 6.27384340823957, 6.020797289396148, 8.514693182963201, 6.75359986311827, 6.601824193032857, 7.608474807008885, 6.666666666666666, 6.802621933876155, 7.9021797274197985, 7.0, 8.348319857578796, 7.5], [4.166666666666666, 5.550275268448903, 6.132789830991366, 7.304869000270375, 3.6590830666833574, 6.346477588219923, 3.4025139474842176, 4.843559584070835, 6.26179442687513, 1.666666666666666, 4.02768199119819, 0.833333333333333, 3.7601713908928254, 1.9507833184532704, 5.540256712864887, 0.0, 3.666666666666666, 1.840893502864543, 5.50252467307306, 6.028289788802275, 0.8333333333333339, 3.7601713908928254, 2.0883273476902775, 5.5901699437494745, 2.4795850982932923, 1.666666666666667, 4.0276819911981905, 2.5927248643506746, 5.797509043642029, 2.5, 4.4378423185647815, 3.2360813064912666, 6.112373606964083, 6.689673841908222, 3.333333333333334, 4.955356249106169, 3.9510898637098992, 6.519202405202649, 9.538776431725092, 4.166666666666668, 5.550275268448905, 4.705198071164369, 7.001983845866669, 5.0, 6.200358412579424, 5.482294734466177, 7.546154281781181, 5.333333333333334, 6.472162612982533, 8.027729719194864, 5.833333333333334, 6.890008869531463, 7.2858274422183555, 6.27384340823957, 8.139410298049853, 8.43571061364506, 6.593346814950828, 8.388153021441079, 7.074995092263708, 8.77179824462718], [5.550275268448903, 4.166666666666666, 4.249182927993987, 4.775516260631467, 3.6590830666833574, 3.659083066683358, 2.8205653992540762, 1.975984283563229, 2.941855518017309, 4.02768199119819, 1.666666666666666, 3.7601713908928254, 0.833333333333333, 1.9507833184532704, 1.9507833184532712, 3.666666666666666, 0.0, 1.840893502864543, 1.8408935028645441, 2.4051449482769693, 3.7601713908928254, 0.8333333333333339, 2.0883273476902775, 2.0883273476902784, 1.9848511295047366, 4.0276819911981905, 1.666666666666667, 2.5927248643506746, 2.592724864350675, 4.4378423185647815, 2.5, 3.2360813064912666, 3.236081306491267, 3.767781914542767, 4.955356249106169, 3.333333333333334, 3.9510898637098992, 3.9510898637098997, 6.3330855589751724, 5.550275268448905, 4.166666666666668, 4.705198071164369, 4.705198071164369, 6.200358412579424, 5.0, 5.482294734466177, 5.482294734466177, 6.472162612982533, 5.333333333333334, 5.821416398857661, 6.890008869531463, 5.833333333333334, 5.877431830623119, 6.27384340823957, 6.27384340823957, 6.4887489087010515, 6.593346814950828, 6.593346814950829, 7.074995092263708, 7.074995092263709], [4.705198071164368, 4.705198071164368, 5.088112507491249, 6.011562932290477, 3.333333333333333, 4.955356249106169, 2.694515596889834, 3.3085012551842192, 4.603930989443213, 2.5927248643506737, 2.5927248643506737, 2.0883273476902775, 2.0883273476902775, 0.833333333333333, 3.7601713908928263, 1.840893502864543, 1.840893502864543, 0.0, 3.666666666666667, 4.187448175467038, 1.9507833184532706, 1.9507833184532706, 0.833333333333333, 3.7601713908928263, 1.1358044046700109, 2.3687784005919825, 2.3687784005919825, 1.666666666666667, 4.027681991198191, 2.967415635794142, 2.967415635794142, 2.5, 4.437842318564782, 5.015427587842226, 3.6590830666833583, 3.6590830666833583, 3.333333333333333, 4.955356249106169, 7.8080356726389875, 4.400126260814696, 4.400126260814696, 4.166666666666667, 5.550275268448905, 5.1693541397569405, 5.1693541397569405, 5.000000000000001, 6.200358412579426, 5.482294734466175, 5.482294734466175, 6.637435917246626, 5.955856128401879, 5.955856128401879, 6.207656588401133, 5.833333333333333, 6.890008869531462, 7.159331637896255, 6.166666666666667, 7.174414416676962, 6.666666666666667, 7.608474807008886], [7.0019838458666674, 4.705198071164368, 4.447221354708778, 4.362084109434133, 4.955356249106169, 3.333333333333333, 4.133200546183513, 2.1988791336597933, 2.021155472605817, 5.7975090436420285, 2.5927248643506746, 5.5901699437494745, 2.0883273476902784, 3.7601713908928263, 0.833333333333333, 5.50252467307306, 1.8408935028645441, 3.666666666666667, 0.0, 0.650854139658888, 5.540256712864887, 1.9507833184532715, 3.7601713908928263, 0.833333333333333, 3.5391789777758227, 5.70087712549569, 2.368778400591983, 4.027681991198191, 1.666666666666667, 5.97448277631164, 2.967415635794143, 4.437842318564782, 2.5, 2.836089345873606, 6.346477588219924, 3.6590830666833587, 4.955356249106169, 3.333333333333333, 4.850730088606579, 6.800735254367722, 4.400126260814696, 5.550275268448905, 4.166666666666667, 7.321960878829598, 5.1693541397569405, 6.200358412579426, 5.000000000000001, 7.54615428178118, 5.482294734466176, 5.190803834132479, 7.896905160321423, 5.95585612840188, 5.782764751380104, 6.890008869531462, 5.833333333333333, 5.970186160316265, 7.174414416676962, 6.166666666666667, 7.608474807008886, 6.666666666666667], [7.652613932506983, 5.292158769769142, 4.981214711292819, 4.75, 5.605676686280713, 3.783186487605389, 4.784054456999312, 2.809025631780529, 2.375, 6.408002808988148, 3.2414417231294546, 6.16497724606056, 2.729723225693201, 4.350127712046063, 1.346291201783626, 6.028289788802275, 2.4051449482769693, 4.187448175467038, 0.650854139658888, 0.0, 6.005206074732157, 2.346687973388121, 4.187448175467038, 0.6508541396588875, 3.9245712032442848, 6.097016574613448, 2.5725581734055223, 4.350127712046063, 1.346291201783626, 6.298699160232302, 3.0196118219989065, 4.658474953124562, 2.1424933553637397, 2.375, 6.600189391222043, 3.606514168063734, 5.086064839889043, 2.959213484094117, 4.2067955727357855, 6.988581957577502, 4.2760638702225, 5.605676686280713, 3.783186487605389, 7.450298278890882, 4.995136523548569, 6.194195311382711, 4.610525397874352, 7.652613932506983, 5.292158769769142, 4.75, 7.9726093595509875, 5.745167051047728, 5.502540778371902, 6.833841444523635, 5.4396946401225295, 5.549953651045961, 7.1009584642575625, 5.771698190307598, 7.511565157216644, 6.269968101992227], [5.0, 6.200358412579424, 6.726812023536855, 7.810249675906654, 4.400126260814695, 6.800735254367722, 4.0507478257247485, 5.209666496043677, 6.549093448714868, 2.5, 4.4378423185647815, 1.666666666666667, 4.0276819911981905, 2.3687784005919825, 5.70087712549569, 0.8333333333333339, 3.7601713908928254, 1.9507833184532706, 5.540256712864887, 6.005206074732157, 0.0, 3.666666666666666, 1.840893502864543, 5.50252467307306, 2.1771014983671044, 0.833333333333333, 3.7601713908928254, 2.0883273476902775, 5.5901699437494745, 1.666666666666666, 4.02768199119819, 2.5927248643506737, 5.7975090436420285, 6.365188528237008, 2.5, 4.4378423185647815, 3.2360813064912657, 6.112373606964082, 9.24315427612377, 3.333333333333334, 4.955356249106169, 3.9510898637098992, 6.519202405202649, 4.166666666666666, 5.550275268448903, 4.705198071164369, 7.001983845866669, 4.5, 5.804691589089333, 7.5, 5.0, 6.200358412579424, 6.637068488646433, 5.482294734466175, 7.54615428178118, 7.8511007051147885, 5.7975090436420285, 7.7781745930520225, 6.27384340823957, 8.139410298049853], [6.200358412579424, 5.0, 5.068968775248517, 5.517648452415616, 4.400126260814695, 4.400126260814695, 3.5758979230758876, 2.7541004782767904, 3.512131752147753, 4.4378423185647815, 2.5, 4.0276819911981905, 1.666666666666667, 2.3687784005919825, 2.368778400591983, 3.7601713908928254, 0.8333333333333339, 1.9507833184532706, 1.9507833184532715, 2.346687973388121, 3.666666666666666, 0.0, 1.840893502864543, 1.8408935028645441, 1.5909313878386977, 3.7601713908928254, 0.833333333333333, 2.0883273476902775, 2.0883273476902784, 4.02768199119819, 1.666666666666666, 2.5927248643506737, 2.5927248643506746, 3.15595776974985, 4.4378423185647815, 2.5, 3.2360813064912657, 3.2360813064912666, 5.878402661870903, 4.955356249106169, 3.333333333333334, 3.9510898637098992, 3.9510898637098997, 5.550275268448903, 4.166666666666666, 4.705198071164369, 4.705198071164369, 5.804691589089333, 4.5, 5.068968775248517, 6.200358412579424, 5.0, 5.050901061080409, 5.482294734466175, 5.482294734466175, 5.708102234969087, 5.7975090436420285, 5.797509043642029, 6.27384340823957, 6.27384340823957], [5.482294734466175, 5.482294734466175, 5.814254514170802, 6.637435917246626, 4.166666666666666, 5.550275268448904, 3.517051160340078, 3.8606364616328337, 5.015427587842226, 3.2360813064912657, 3.2360813064912657, 2.5927248643506737, 2.5927248643506737, 1.666666666666666, 4.0276819911981905, 2.0883273476902775, 2.0883273476902775, 0.833333333333333, 3.7601713908928263, 4.187448175467038, 1.840893502864543, 1.840893502864543, 0.0, 3.666666666666667, 0.39907154491358104, 1.9507833184532706, 1.9507833184532706, 0.8333333333333339, 3.7601713908928263, 2.3687784005919825, 2.3687784005919825, 1.666666666666667, 4.027681991198191, 4.603930989443213, 2.967415635794143, 2.967415635794143, 2.5, 4.437842318564782, 7.4626298314181305, 3.659083066683359, 3.659083066683359, 3.333333333333334, 4.955356249106169, 4.400126260814695, 4.400126260814695, 4.166666666666668, 5.550275268448905, 4.705198071164369, 4.705198071164369, 6.011562932290479, 5.169354139756941, 5.169354139756941, 5.457121466716602, 5.0, 6.200358412579424, 6.481695457505703, 5.333333333333334, 6.472162612982534, 5.833333333333334, 6.890008869531463], [7.54615428178118, 5.482294734466175, 5.262551134615648, 5.1908038341324785, 5.550275268448904, 4.166666666666666, 4.710900266142195, 2.965367224776347, 2.8360893458736056, 6.112373606964082, 3.2360813064912666, 5.7975090436420285, 2.5927248643506746, 4.0276819911981905, 1.666666666666666, 5.5901699437494745, 2.0883273476902784, 3.7601713908928263, 0.833333333333333, 0.6508541396588875, 5.50252467307306, 1.8408935028645441, 3.666666666666667, 0.0, 3.375647240015199, 5.540256712864887, 1.9507833184532715, 3.7601713908928263, 0.8333333333333339, 5.70087712549569, 2.368778400591983, 4.027681991198191, 1.666666666666667, 2.021155472605818, 5.974482776311641, 2.9674156357941435, 4.437842318564782, 2.5, 4.272587661837031, 6.3464775882199245, 3.6590830666833596, 4.955356249106169, 3.333333333333334, 6.800735254367722, 4.400126260814695, 5.550275268448905, 4.166666666666668, 7.001983845866669, 4.705198071164369, 4.362084109434134, 7.321960878829599, 5.169354139756942, 4.968454744966825, 6.200358412579424, 5.0, 5.138041386686143, 6.472162612982534, 5.333333333333334, 6.890008869531463, 5.833333333333334], [5.833055136070703, 5.6405517431417005, 5.921473196643128, 6.664104017140668, 4.4387064247806505, 5.5621804102754115, 3.748970293882535, 3.8625390881640205, 4.926017228989596, 3.6238310635729896, 3.305063285919745, 2.9909534389643895, 2.5955913046300223, 1.9518540115143783, 3.8788490913320266, 2.4795850982932923, 1.9848511295047366, 1.1358044046700109, 3.5391789777758227, 3.9245712032442848, 2.1771014983671044, 1.5909313878386977, 0.39907154491358104, 3.375647240015199, 0.0, 2.1725764653045743, 1.5847334931190766, 0.6460289770130406, 3.4136622021229686, 2.4676496813541484, 1.969920479741582, 1.4367803134822692, 3.6469266321483254, 4.221388695484728, 2.9744563017580266, 2.5765639983680027, 2.258364626930024, 4.041775226213267, 7.087435731853101, 3.6047710774940662, 3.2841538130477086, 3.0862554651253773, 4.556392101990212, 4.304677414173599, 4.039992498348775, 3.916455501183771, 5.155032481354035, 4.597117115820374, 4.350261776397681, 5.614199489455127, 5.045295793899876, 4.821441837724671, 5.087657055436815, 4.747753519126478, 5.81178971311251, 6.090885595859931, 5.080459455749732, 6.086608618317706, 5.579658784629397, 6.509095816160223], [5.833333333333333, 6.890008869531462, 7.367345368433448, 8.368260140422128, 5.1693541397569405, 7.321960878829598, 4.756984719472178, 5.675391567499501, 6.925320891081109, 3.333333333333333, 4.955356249106168, 2.5, 4.4378423185647815, 2.967415635794142, 5.97448277631164, 1.666666666666667, 4.0276819911981905, 2.3687784005919825, 5.70087712549569, 6.097016574613448, 0.833333333333333, 3.7601713908928254, 1.9507833184532706, 5.540256712864887, 2.1725764653045743, 0.0, 3.666666666666666, 1.840893502864543, 5.50252467307306, 0.833333333333333, 3.7601713908928254, 2.0883273476902775, 5.5901699437494745, 6.137458983795963, 1.666666666666667, 4.0276819911981905, 2.5927248643506737, 5.7975090436420285, 9.015122573703868, 2.500000000000001, 4.437842318564782, 3.2360813064912666, 6.112373606964083, 3.333333333333333, 4.955356249106168, 3.9510898637099, 6.519202405202649, 3.666666666666667, 5.185449728701348, 7.031674369909662, 4.166666666666667, 5.550275268448904, 6.033818328146259, 4.705198071164368, 7.0019838458666674, 7.31486431148472, 5.013869652163775, 7.213028336127468, 5.482294734466175, 7.54615428178118], [6.890008869531462, 5.833333333333333, 5.892556509887895, 6.2826922749902545, 5.1693541397569405, 5.1693541397569405, 4.359746739196725, 3.557318356415249, 4.17187174885433, 4.955356249106168, 3.333333333333333, 4.4378423185647815, 2.5, 2.967415635794142, 2.967415635794143, 4.0276819911981905, 1.666666666666667, 2.3687784005919825, 2.368778400591983, 2.5725581734055223, 3.7601713908928254, 0.833333333333333, 1.9507833184532706, 1.9507833184532715, 1.5847334931190766, 3.666666666666666, 0.0, 1.840893502864543, 1.8408935028645441, 3.7601713908928254, 0.833333333333333, 2.0883273476902775, 2.0883273476902784, 2.6669921676342105, 4.0276819911981905, 1.666666666666667, 2.5927248643506737, 2.5927248643506746, 5.512907753787548, 4.437842318564782, 2.500000000000001, 3.2360813064912666, 3.236081306491267, 4.955356249106168, 3.333333333333333, 3.9510898637099, 3.9510898637099006, 5.185449728701348, 3.666666666666667, 4.346134936801766, 5.550275268448904, 4.166666666666667, 4.2270423493163, 4.705198071164368, 4.705198071164368, 4.94468287541658, 5.013869652163775, 5.013869652163775, 5.482294734466175, 5.482294734466176], [6.27384340823957, 6.27384340823957, 6.5659052011974035, 7.304869000270376, 5.0, 6.200358412579424, 4.343704906632735, 4.500192897100202, 5.522837686471613, 3.9510898637098992, 3.9510898637098992, 3.2360813064912666, 3.2360813064912666, 2.5, 4.437842318564782, 2.5927248643506746, 2.5927248643506746, 1.666666666666667, 4.027681991198191, 4.350127712046063, 2.0883273476902775, 2.0883273476902775, 0.8333333333333339, 3.7601713908928263, 0.6460289770130406, 1.840893502864543, 1.840893502864543, 0.0, 3.666666666666667, 1.9507833184532704, 1.9507833184532704, 0.833333333333333, 3.7601713908928263, 4.315870261153724, 2.3687784005919825, 2.3687784005919825, 1.666666666666666, 4.0276819911981905, 7.197579858899067, 2.967415635794143, 2.967415635794143, 2.5, 4.437842318564782, 3.6590830666833574, 3.6590830666833574, 3.333333333333334, 4.955356249106169, 3.9510898637098992, 3.9510898637098992, 5.441609239104836, 4.400126260814695, 4.400126260814695, 4.734367748112433, 4.166666666666666, 5.550275268448904, 5.8444513339753925, 4.5, 5.804691589089333, 5.0, 6.200358412579424], [8.139410298049853, 6.27384340823957, 6.082762530298219, 6.020797289396148, 6.200358412579424, 5.0, 5.356370484665378, 3.760402239122831, 3.659320292076112, 6.519202405202649, 3.9510898637098997, 6.112373606964083, 3.236081306491267, 4.437842318564782, 2.5, 5.797509043642029, 2.592724864350675, 4.027681991198191, 1.666666666666667, 1.346291201783626, 5.5901699437494745, 2.0883273476902784, 3.7601713908928263, 0.8333333333333339, 3.4136622021229686, 5.50252467307306, 1.8408935028645441, 3.666666666666667, 0.0, 5.540256712864887, 1.9507833184532712, 3.7601713908928263, 0.833333333333333, 1.231107225224513, 5.70087712549569, 2.368778400591983, 4.0276819911981905, 1.666666666666666, 3.7906882162134816, 5.974482776311641, 2.9674156357941435, 4.437842318564782, 2.5, 6.346477588219923, 3.659083066683358, 4.955356249106169, 3.333333333333334, 6.519202405202649, 3.9510898637098997, 3.5355339059327378, 6.800735254367722, 4.400126260814695, 4.16168305192159, 5.550275268448904, 4.166666666666666, 4.3063563116231265, 5.804691589089333, 4.5, 6.200358412579424, 5.0], [6.666666666666666, 7.608474807008884, 8.043285674675769, 8.969082698049139, 5.955856128401878, 7.896905160321422, 5.498921547345326, 6.218392298478585, 7.376882998785989, 4.166666666666666, 5.550275268448903, 3.333333333333333, 4.955356249106168, 3.6590830666833574, 6.346477588219923, 2.5, 4.4378423185647815, 2.967415635794142, 5.97448277631164, 6.298699160232302, 1.666666666666666, 4.02768199119819, 2.3687784005919825, 5.70087712549569, 2.4676496813541484, 0.833333333333333, 3.7601713908928254, 1.9507833184532704, 5.540256712864887, 0.0, 3.666666666666666, 1.840893502864543, 5.50252467307306, 6.0174803235610534, 0.8333333333333339, 3.7601713908928254, 2.0883273476902775, 5.5901699437494745, 8.859901689887643, 1.6666666666666679, 4.0276819911981905, 2.5927248643506746, 5.797509043642029, 2.5, 4.4378423185647815, 3.2360813064912675, 6.112373606964083, 2.833333333333334, 4.633812924819281, 6.635343079131461, 3.333333333333334, 4.955356249106169, 5.491096247567772, 3.9510898637098992, 6.519202405202649, 6.838390629227071, 4.249182927993988, 6.704061787039589, 4.705198071164369, 7.001983845866669], [7.608474807008884, 6.666666666666666, 6.718548123582124, 7.06320670013903, 5.955856128401878, 5.955856128401879, 5.159130371729656, 4.371824244205412, 4.88496133272539, 5.550275268448903, 4.166666666666666, 4.955356249106168, 3.333333333333333, 3.6590830666833574, 3.659083066683358, 4.4378423185647815, 2.5, 2.967415635794142, 2.967415635794143, 3.0196118219989065, 4.02768199119819, 1.666666666666666, 2.3687784005919825, 2.368778400591983, 1.969920479741582, 3.7601713908928254, 0.833333333333333, 1.9507833184532704, 1.9507833184532712, 3.666666666666666, 0.0, 1.840893502864543, 1.8408935028645441, 2.3779221788967133, 3.7601713908928254, 0.8333333333333339, 2.0883273476902775, 2.0883273476902784, 5.25524260499358, 4.0276819911981905, 1.6666666666666679, 2.5927248643506746, 2.592724864350675, 4.4378423185647815, 2.5, 3.2360813064912675, 3.236081306491268, 4.633812924819281, 2.833333333333334, 3.6704525909242074, 4.955356249106169, 3.333333333333334, 3.407794214135094, 3.9510898637098992, 3.9510898637098997, 4.2078777597389605, 4.249182927993988, 4.249182927993988, 4.705198071164369, 4.705198071164369], [7.074995092263708, 7.074995092263708, 7.335227028221796, 8.003471469028646, 5.833333333333333, 6.890008869531462, 5.172502745891006, 5.194982889502353, 6.102282132302817, 4.705198071164368, 4.705198071164368, 3.9510898637098992, 3.9510898637098992, 3.333333333333333, 4.955356249106169, 3.2360813064912666, 3.2360813064912666, 2.5, 4.437842318564782, 4.658474953124562, 2.5927248643506737, 2.5927248643506737, 1.666666666666667, 4.027681991198191, 1.4367803134822692, 2.0883273476902775, 2.0883273476902775, 0.833333333333333, 3.7601713908928263, 1.840893502864543, 1.840893502864543, 0.0, 3.666666666666667, 4.1768625253359195, 1.9507833184532706, 1.9507833184532706, 0.833333333333333, 3.7601713908928263, 7.021990924130857, 2.368778400591983, 2.368778400591983, 1.666666666666667, 4.027681991198191, 2.967415635794142, 2.967415635794142, 2.500000000000001, 4.437842318564783, 3.2360813064912666, 3.2360813064912666, 4.946940693218611, 3.6590830666833583, 3.6590830666833583, 4.054280470703048, 3.333333333333333, 4.955356249106169, 5.262293765598069, 3.666666666666667, 5.185449728701349, 4.166666666666667, 5.550275268448905], [8.771798244627178, 7.074995092263708, 6.90611645170022, 6.851601597031489, 6.890008869531462, 5.833333333333333, 6.047951480405502, 4.569106708221105, 4.486283106438013, 7.0019838458666674, 4.705198071164368, 6.519202405202649, 3.9510898637098997, 4.955356249106169, 3.333333333333333, 6.112373606964083, 3.236081306491267, 4.437842318564782, 2.5, 2.1424933553637397, 5.7975090436420285, 2.5927248643506746, 4.027681991198191, 1.666666666666667, 3.6469266321483254, 5.5901699437494745, 2.0883273476902784, 3.7601713908928263, 0.833333333333333, 5.50252467307306, 1.8408935028645441, 3.666666666666667, 0.0, 0.578851832893742, 5.540256712864887, 1.9507833184532715, 3.7601713908928263, 0.833333333333333, 3.4456520233311956, 5.70087712549569, 2.3687784005919834, 4.027681991198191, 1.666666666666667, 5.97448277631164, 2.967415635794143, 4.437842318564783, 2.500000000000001, 6.112373606964083, 3.236081306491267, 2.713136766016618, 6.346477588219924, 3.6590830666833587, 3.367871432434488, 4.955356249106169, 3.333333333333333, 3.4754609712816373, 5.185449728701349, 3.666666666666667, 5.550275268448905, 4.166666666666667], [9.314806761280666, 7.497337490365793, 7.281182939605349, 7.125, 7.407883375911847, 6.145374276640927, 6.5642303852660975, 4.981214711292819, 4.75, 7.57566003725088, 5.180257661974397, 7.097657086046854, 4.452098444054844, 5.522837686471613, 3.659320292076112, 6.689673841908222, 3.767781914542767, 5.015427587842226, 2.836089345873606, 2.375, 6.365188528237008, 3.15595776974985, 4.603930989443213, 2.021155472605818, 4.221388695484728, 6.137458983795963, 2.6669921676342105, 4.315870261153724, 1.231107225224513, 6.0174803235610534, 2.3779221788967133, 4.1768625253359195, 0.578851832893742, 0.0, 6.0117073282055244, 2.363275152081206, 4.201727488651411, 0.7371585838730884, 2.8818760134954777, 6.1204631723787415, 2.627644170904594, 4.387680037458419, 1.4630874888399532, 6.337854745714655, 3.1004591953809393, 4.715702198212078, 2.264229694865588, 6.452954749570154, 3.3294247918288296, 2.375, 6.653241691085632, 3.702711093839816, 3.311695488588323, 5.158764117714845, 3.0824886230302795, 3.1777662061252365, 5.362064538133714, 3.4118360159890453, 5.690055897011129, 3.907124902021946], [7.5, 8.348319857578796, 8.74642784226795, 9.604686356149273, 6.75359986311827, 8.514693182963201, 6.263885506242473, 6.82023643285187, 7.890857051043315, 5.0, 6.200358412579424, 4.166666666666667, 5.550275268448904, 4.400126260814695, 6.800735254367722, 3.333333333333334, 4.955356249106169, 3.6590830666833583, 6.346477588219924, 6.600189391222043, 2.5, 4.4378423185647815, 2.967415635794143, 5.974482776311641, 2.9744563017580266, 1.666666666666667, 4.0276819911981905, 2.3687784005919825, 5.70087712549569, 0.8333333333333339, 3.7601713908928254, 1.9507833184532706, 5.540256712864887, 6.0117073282055244, 0.0, 3.666666666666666, 1.840893502864543, 5.50252467307306, 8.781353527727466, 0.8333333333333339, 3.7601713908928254, 2.0883273476902775, 5.5901699437494745, 1.666666666666666, 4.02768199119819, 2.5927248643506746, 5.797509043642029, 2.0, 4.176654695380555, 6.324555320336759, 2.5, 4.4378423185647815, 5.0285386815575865, 3.2360813064912657, 6.112373606964082, 6.434968670417696, 3.515837184954831, 6.264982043070834, 3.9510898637098992, 6.519202405202649], [8.348319857578796, 7.5, 7.54615428178118, 7.8545811119654525, 6.75359986311827, 6.75359986311827, 5.967809451043087, 5.192308681544699, 5.631169456200412, 6.200358412579424, 5.0, 5.550275268448904, 4.166666666666667, 4.400126260814695, 4.400126260814695, 4.955356249106169, 3.333333333333334, 3.6590830666833583, 3.6590830666833587, 3.606514168063734, 4.4378423185647815, 2.5, 2.967415635794143, 2.9674156357941435, 2.5765639983680027, 4.0276819911981905, 1.666666666666667, 2.3687784005919825, 2.368778400591983, 3.7601713908928254, 0.8333333333333339, 1.9507833184532706, 1.9507833184532715, 2.363275152081206, 3.666666666666666, 0.0, 1.840893502864543, 1.8408935028645441, 5.121707397128171, 3.7601713908928254, 0.8333333333333339, 2.0883273476902775, 2.0883273476902784, 4.02768199119819, 1.666666666666666, 2.5927248643506746, 2.592724864350675, 4.176654695380555, 2.0, 3.0731814857642963, 4.4378423185647815, 2.5, 2.597522796389026, 3.2360813064912657, 3.2360813064912666, 3.514465909958787, 3.515837184954831, 3.5158371849548313, 3.9510898637098992, 3.9510898637098997], [7.882822393590311, 7.882822393590311, 8.117197107923946, 8.72576007513895, 6.666666666666666, 7.608474807008885, 6.002556612434702, 5.925609438886621, 6.735194668472635, 5.482294734466175, 5.482294734466175, 4.705198071164368, 4.705198071164368, 4.166666666666666, 5.550275268448904, 3.9510898637098992, 3.9510898637098992, 3.333333333333333, 4.955356249106169, 5.086064839889043, 3.2360813064912657, 3.2360813064912657, 2.5, 4.437842318564782, 2.258364626930024, 2.5927248643506737, 2.5927248643506737, 1.666666666666666, 4.027681991198190