totalHoles = 60;
zeroHoleID = 52;
C = [[0.0, 0.8333333333333335, 1.666666666666667, 2.5, 3.0, 3.5, 4.0, 4.5, 1.125, 1.4000248013676202, 2.0108214186689426, 2.7414640249326636, 3.204001404494074, 3.6763602924631855, 4.155192534648665, 4.638493828819868, 6.809239612541012, 7.77165797615525, 2.25, 2.3993633414813282, 2.8000496027352404, 3.3634060117684275, 3.75, 4.16082924427331, 4.589389937671455, 5.031152949374527, 3.375, 3.4763586472693584, 3.764093885356445, 4.20007440410286, 4.5155979670471105, 4.862162584694181, 5.23360535386458, 5.625, 4.5, 4.576510072581994, 4.7987266829626565, 5.1478150704935, 5.408326913195984, 5.70087712549569, 6.020797289396148, 5.0, 5.068968775248516, 5.270462766947299, 5.5901699437494745, 7.892647429125719, 6.476582928172048, 5.833333333333333, 5.892556509887895, 6.066758241067098, 6.346477588219923, 6.666666666666667, 6.718548123582125, 6.871842709362768, 7.120003121097943, 7.5, 7.54615428178118, 7.68295371441074, 7.905694150420948, 10.882541633238288], [0.8333333333333335, 0.0, 0.8333333333333335, 1.6666666666666665, 2.1666666666666665, 2.6666666666666665, 3.1666666666666665, 3.6666666666666665, 1.4000248013676202, 1.125, 1.4000248013676202, 2.010821418668942, 2.4413253458817086, 2.8942591644687092, 3.3605658419048683, 3.835370835322765, 5.992818467092551, 6.951639407363696, 2.3993633414813282, 2.25, 2.3993633414813282, 2.8000496027352404, 3.123610802331885, 3.48907023590972, 3.8846206736022215, 4.301969833046769, 3.4763586472693584, 3.375, 3.4763586472693584, 3.764093885356445, 4.010619583611047, 4.301364447603936, 4.628002028713663, 4.983479652255484, 4.576510072581994, 4.5, 4.576510072581994, 4.7987266829626565, 4.994441354590566, 5.230784942158405, 5.50252467307306, 5.068968775248516, 5.0, 5.068968775248516, 5.270462766947299, 7.313376703789716, 6.0846155145212935, 5.892556509887895, 5.833333333333333, 5.892556509887895, 6.066758241067098, 6.718548123582125, 6.666666666666667, 6.718548123582125, 6.871842709362768, 7.54615428178118, 7.5, 7.54615428178118, 7.68295371441074, 10.340708352707944], [1.666666666666667, 0.8333333333333335, 0.0, 0.833333333333333, 1.333333333333333, 1.833333333333333, 2.333333333333333, 2.833333333333333, 2.0108214186689426, 1.4000248013676202, 1.125, 1.40002480136762, 1.7445351179548598, 2.150984916523384, 2.5903801737282586, 3.048508287306724, 5.181784552347025, 6.135210028236616, 2.8000496027352404, 2.3993633414813282, 2.25, 2.399363341481328, 2.6153924710792023, 2.9023457945446665, 3.2414417231294537, 3.6180488910154014, 3.764093885356445, 3.4763586472693584, 3.375, 3.4763586472693584, 3.628829394967167, 3.840798889698745, 4.103056110321237, 4.406631681656385, 4.7987266829626565, 4.576510072581994, 4.5, 4.576510072581994, 4.693375946776241, 4.85912657903775, 5.068968775248516, 5.270462766947299, 5.068968775248516, 5.0, 5.068968775248516, 6.78719110320848, 5.786869134731294, 6.066758241067098, 5.892556509887895, 5.833333333333333, 5.892556509887895, 6.871842709362768, 6.718548123582125, 6.666666666666667, 6.718548123582125, 7.68295371441074, 7.54615428178118, 7.5, 7.54615428178118, 9.83969892635196], [2.5, 1.6666666666666665, 0.833333333333333, 0.0, 0.5, 1.0, 1.5, 2.0, 2.7414640249326636, 2.010821418668942, 1.40002480136762, 1.125, 1.231107225224513, 1.505199322349037, 1.875, 2.2946949688357274, 4.379132106165318, 5.324021282830047, 3.3634060117684275, 2.8000496027352404, 2.399363341481328, 2.25, 2.3048861143232218, 2.462214450449026, 2.704163456597992, 3.010398644698074, 4.20007440410286, 3.764093885356445, 3.4763586472693584, 3.375, 3.4118360159890453, 3.5200319600821808, 3.6933216756735394, 3.923088706618804, 5.1478150704935, 4.7987266829626565, 4.576510072581994, 4.5, 4.527692569068709, 4.6097722286464435, 4.743416490252569, 5.5901699437494745, 5.270462766947299, 5.068968775248516, 5.0, 6.327348277145761, 5.598397243349841, 6.346477588219923, 6.066758241067098, 5.892556509887895, 5.833333333333333, 7.120003121097943, 6.871842709362768, 6.718548123582125, 6.666666666666667, 7.905694150420948, 7.68295371441074, 7.54615428178118, 7.5, 9.386052928448086], [3.0, 2.1666666666666665, 1.333333333333333, 0.5, 0.0, 0.5, 1.0, 1.5, 3.204001404494074, 2.4413253458817086, 1.7445351179548598, 1.231107225224513, 1.125, 1.231107225224513, 1.505199322349037, 1.875, 3.903717303250574, 4.840920326174069, 3.75, 3.123610802331885, 2.6153924710792023, 2.3048861143232218, 2.25, 2.3048861143232218, 2.462214450449026, 2.704163456597992, 4.5155979670471105, 4.010619583611047, 3.628829394967167, 3.4118360159890453, 3.375, 3.4118360159890453, 3.5200319600821808, 3.6933216756735394, 5.408326913195984, 4.994441354590566, 4.693375946776241, 4.527692569068709, 4.5, 4.527692569068709, 4.6097722286464435, 5.830951894845301, 5.449260908090605, 5.174724898753341, 5.024937810560445, 6.089632729176888, 5.542674151356779, 6.559556218051475, 6.2227182341981555, 5.983774357005413, 5.854722690083431, 7.31057073315377, 7.009913614937697, 6.79869268479038, 6.685390373377193, 8.077747210701755, 7.806692285753579, 7.617596588017626, 7.516648189186454, 9.139564815182489], [3.5, 2.6666666666666665, 1.833333333333333, 1.0, 0.5, 0.0, 0.5, 1.0, 3.6763602924631855, 2.8942591644687092, 2.150984916523384, 1.505199322349037, 1.231107225224513, 1.125, 1.231107225224513, 1.505199322349037, 3.435290317301869, 4.361630038036606, 4.16082924427331, 3.48907023590972, 2.9023457945446665, 2.462214450449026, 2.3048861143232218, 2.25, 2.3048861143232218, 2.462214450449026, 4.862162584694181, 4.301364447603936, 3.840798889698745, 3.5200319600821808, 3.4118360159890453, 3.375, 3.4118360159890453, 3.5200319600821808, 5.70087712549569, 5.230784942158405, 4.85912657903775, 4.6097722286464435, 4.527692569068709, 4.5, 4.527692569068709, 6.103277807866851, 5.666666666666667, 5.325515102890153, 5.0990195135927845, 5.884888897186189, 5.531764799943152, 6.80277721065285, 6.413960468297952, 6.114645442614713, 5.918426968188234, 7.529571332051012, 7.180219742846005, 6.91415617089718, 6.741249472052228, 8.276472678623424, 7.959969290839703, 7.720823214600313, 7.566372975210778, 8.914331183337007], [4.0, 3.1666666666666665, 2.333333333333333, 1.5, 1.0, 0.5, 0.0, 0.5, 4.155192534648665, 3.3605658419048683, 2.5903801737282586, 1.875, 1.505199322349037, 1.231107225224513, 1.125, 1.231107225224513, 2.9771513808669554, 3.8875601053927324, 4.589389937671455, 3.8846206736022215, 3.2414417231294537, 2.704163456597992, 2.462214450449026, 2.3048861143232218, 2.25, 2.3048861143232218, 5.23360535386458, 4.628002028713663, 4.103056110321237, 3.6933216756735394, 3.5200319600821808, 3.4118360159890453, 3.375, 3.4118360159890453, 6.020797289396148, 5.50252467307306, 5.068968775248516, 4.743416490252569, 4.6097722286464435, 4.527692569068709, 4.5, 6.4031242374328485, 5.918426968188235, 5.517648452415616, 5.220153254455275, 5.716660553871306, 5.565932703120079, 7.073031724640981, 6.637435917246625, 6.2826922749902545, 6.023103666530884, 7.774602526460401, 7.3805299418281765, 7.06320670013903, 6.833333333333334, 8.5, 8.14111649454654, 7.8545811119654525, 7.648529270389178, 8.71200068190467], [4.5, 3.6666666666666665, 2.833333333333333, 2.0, 1.5, 1.0, 0.5, 0.0, 4.638493828819868, 3.835370835322765, 3.048508287306724, 2.2946949688357274, 1.875, 1.505199322349037, 1.231107225224513, 1.125, 2.5348848346715993, 3.4208815468208056, 5.031152949374527, 4.301969833046769, 3.6180488910154014, 3.010398644698074, 2.704163456597992, 2.462214450449026, 2.3048861143232218, 2.25, 5.625, 4.983479652255484, 4.406631681656385, 3.923088706618804, 3.6933216756735394, 3.5200319600821808, 3.4118360159890453, 3.375, 6.363961030678928, 5.804691589089333, 5.317685377847939, 4.924428900898052, 4.743416490252569, 4.6097722286464435, 4.527692569068709, 6.726812023536855, 6.200358412579424, 5.74697988318889, 5.385164807134504, 5.588246455208567, 5.644359300171551, 7.367345368433448, 6.890008869531462, 6.485025486114573, 6.166666666666666, 8.04328567467577, 7.608474807008885, 7.243771270700244, 6.960204339273701, 8.74642784226795, 8.348319857578796, 8.017342313870461, 7.762087348130012, 8.534202441751676], [1.125, 1.4000248013676202, 2.0108214186689426, 2.7414640249326636, 3.204001404494074, 3.6763602924631855, 4.155192534648665, 4.638493828819868, 0.0, 0.8333333333333335, 1.666666666666667, 2.5, 3.0, 3.5, 4.0, 4.5, 6.689592585961157, 7.662892973368724, 1.125, 1.4000248013676202, 2.0108214186689426, 2.7414640249326636, 3.204001404494074, 3.6763602924631855, 4.155192534648665, 4.638493828819868, 2.25, 2.3993633414813282, 2.8000496027352404, 3.3634060117684275, 3.75, 4.16082924427331, 4.589389937671455, 5.031152949374527, 3.375, 3.4763586472693584, 3.764093885356445, 4.20007440410286, 4.5155979670471105, 4.862162584694181, 5.23360535386458, 3.875, 3.9635929968204913, 4.218222703672458, 4.611466686424179, 7.161013586610929, 5.546951874711572, 4.708333333333333, 4.781510976900735, 4.994615155900958, 5.330891368033846, 5.541666666666667, 5.603973044982363, 5.786868516064818, 6.079479372811823, 6.375, 6.429235525662786, 6.589264206099022, 6.847672962401169, 10.078149779949404], [1.4000248013676202, 1.125, 1.4000248013676202, 2.010821418668942, 2.4413253458817086, 2.8942591644687092, 3.3605658419048683, 3.835370835322765, 0.8333333333333335, 0.0, 0.8333333333333335, 1.6666666666666665, 2.1666666666666665, 2.6666666666666665, 3.1666666666666665, 3.6666666666666665, 5.856515862240478, 6.829828070528431, 1.4000248013676202, 1.125, 1.4000248013676202, 2.010821418668942, 2.4413253458817086, 2.8942591644687092, 3.3605658419048683, 3.835370835322765, 2.3993633414813282, 2.25, 2.3993633414813282, 2.8000496027352404, 3.123610802331885, 3.48907023590972, 3.8846206736022215, 4.301969833046769, 3.4763586472693584, 3.375, 3.4763586472693584, 3.764093885356445, 4.010619583611047, 4.301364447603936, 4.628002028713663, 3.9635929968204913, 3.875, 3.9635929968204913, 4.218222703672458, 6.517032373609605, 5.0838071004346554, 4.781510976900735, 4.708333333333333, 4.781510976900735, 4.994615155900958, 5.603973044982363, 5.541666666666667, 5.603973044982363, 5.786868516064818, 6.429235525662786, 6.375, 6.429235525662786, 6.589264206099022, 9.490502611753152], [2.0108214186689426, 1.4000248013676202, 1.125, 1.40002480136762, 1.7445351179548598, 2.150984916523384, 2.5903801737282586, 3.048508287306724, 1.666666666666667, 0.8333333333333335, 0.0, 0.833333333333333, 1.333333333333333, 1.833333333333333, 2.333333333333333, 2.833333333333333, 5.023524262118286, 5.996837759481356, 2.0108214186689426, 1.4000248013676202, 1.125, 1.40002480136762, 1.7445351179548598, 2.150984916523384, 2.5903801737282586, 3.048508287306724, 2.8000496027352404, 2.3993633414813282, 2.25, 2.399363341481328, 2.6153924710792023, 2.9023457945446665, 3.2414417231294537, 3.6180488910154014, 3.764093885356445, 3.4763586472693584, 3.375, 3.4763586472693584, 3.628829394967167, 3.840798889698745, 4.103056110321237, 4.218222703672458, 3.9635929968204913, 3.875, 3.9635929968204913, 5.920489440799116, 4.723388937763046, 4.994615155900958, 4.781510976900735, 4.708333333333333, 4.7815109769007345, 5.786868516064818, 5.603973044982363, 5.541666666666667, 5.603973044982363, 6.589264206099022, 6.429235525662786, 6.375, 6.429235525662786, 8.941983311837562], [2.7414640249326636, 2.010821418668942, 1.40002480136762, 1.125, 1.231107225224513, 1.505199322349037, 1.875, 2.2946949688357274, 2.5, 1.6666666666666665, 0.833333333333333, 0.0, 0.5, 1.0, 1.5, 2.0, 4.190668546711455, 5.163958137223183, 2.7414640249326636, 2.010821418668942, 1.40002480136762, 1.125, 1.231107225224513, 1.505199322349037, 1.875, 2.2946949688357274, 3.3634060117684275, 2.8000496027352404, 2.399363341481328, 2.25, 2.3048861143232218, 2.462214450449026, 2.704163456597992, 3.010398644698074, 4.20007440410286, 3.764093885356445, 3.4763586472693584, 3.375, 3.4118360159890453, 3.5200319600821808, 3.6933216756735394, 4.611466686424179, 4.218222703672458, 3.9635929968204913, 3.875, 5.387167007569092, 4.490501126736714, 5.330891368033846, 4.994615155900958, 4.7815109769007345, 4.708333333333333, 6.079479372811823, 5.786868516064818, 5.603973044982363, 5.541666666666667, 6.847672962401169, 6.589264206099022, 6.429235525662786, 6.375, 8.44022394036784], [3.204001404494074, 2.4413253458817086, 1.7445351179548598, 1.231107225224513, 1.125, 1.231107225224513, 1.505199322349037, 1.875, 3.0, 2.1666666666666665, 1.333333333333333, 0.5, 0.0, 0.5, 1.0, 1.5, 3.6910586081565735, 4.664308161703242, 3.204001404494074, 2.4413253458817086, 1.7445351179548598, 1.231107225224513, 1.125, 1.231107225224513, 1.505199322349037, 1.875, 3.75, 3.123610802331885, 2.6153924710792023, 2.3048861143232218, 2.25, 2.3048861143232218, 2.462214450449026, 2.704163456597992, 4.5155979670471105, 4.010619583611047, 3.628829394967167, 3.4118360159890453, 3.375, 3.4118360159890453, 3.5200319600821808, 4.900573945978165, 4.439602397112206, 4.097975448654833, 3.907124902021946, 5.1058651493555764, 4.420835376147272, 5.582866895939556, 5.182938087824533, 4.893483478622928, 4.734807575580847, 6.3015926117485925, 5.950169231953734, 5.699811156715827, 5.564177337616447, 7.045610335520976, 6.733132216468383, 6.5129411772084795, 6.394577781214331, 8.16523334625847], [3.6763602924631855, 2.8942591644687092, 2.150984916523384, 1.505199322349037, 1.231107225224513, 1.125, 1.231107225224513, 1.505199322349037, 3.5, 2.6666666666666665, 1.833333333333333, 1.0, 0.5, 0.0, 0.5, 1.0, 3.1915708404008183, 4.164742202306096, 3.6763602924631855, 2.8942591644687092, 2.150984916523384, 1.505199322349037, 1.231107225224513, 1.125, 1.231107225224513, 1.505199322349037, 4.16082924427331, 3.48907023590972, 2.9023457945446665, 2.462214450449026, 2.3048861143232218, 2.25, 2.3048861143232218, 2.462214450449026, 4.862162584694181, 4.301364447603936, 3.840798889698745, 3.5200319600821808, 3.4118360159890453, 3.375, 3.4118360159890453, 5.2216496435513555, 4.70390647346555, 4.286809549199861, 4.00195264839553, 4.859850767190981, 4.407149926740261, 5.866719933470301, 5.411054785241865, 5.052673934550783, 4.813356705852764, 6.554393140821234, 6.149892727158382, 5.8370523858841254, 5.631169456200412, 7.272594103894428, 6.910263099992005, 6.633380443718806, 6.452954749570154, 7.912312622371801], [4.155192534648665, 3.3605658419048683, 2.5903801737282586, 1.875, 1.505199322349037, 1.231107225224513, 1.125, 1.231107225224513, 4.0, 3.1666666666666665, 2.333333333333333, 1.5, 1.0, 0.5, 0.0, 0.5, 2.692273242029276, 3.665294612443505, 4.155192534648665, 3.3605658419048683, 2.5903801737282586, 1.875, 1.505199322349037, 1.231107225224513, 1.125, 1.231107225224513, 4.589389937671455, 3.8846206736022215, 3.2414417231294537, 2.704163456597992, 2.462214450449026, 2.3048861143232218, 2.25, 2.3048861143232218, 5.23360535386458, 4.628002028713663, 4.103056110321237, 3.6933216756735394, 3.5200319600821808, 3.4118360159890453, 3.375, 5.569167352486366, 5.004338395610131, 4.523280827501698, 4.155192534648665, 4.654722337081954, 4.4499612953977685, 6.178058172094025, 5.674167829343396, 5.254792785850096, 4.941498029725174, 6.834476530389467, 6.382620717403018, 6.012862370692422, 5.741086085789382, 7.525996611745184, 7.118174118253766, 6.788598488969902, 6.549093448714868, 7.683641484962516], [4.638493828819868, 3.835370835322765, 3.048508287306724, 2.2946949688357274, 1.875, 1.505199322349037, 1.231107225224513, 1.125, 4.5, 3.6666666666666665, 2.833333333333333, 2.0, 1.5, 1.0, 0.5, 0.0, 2.19329569146453, 3.1660214118583183, 4.638493828819868, 3.835370835322765, 3.048508287306724, 2.2946949688357274, 1.875, 1.505199322349037, 1.231107225224513, 1.125, 5.031152949374527, 4.301969833046769, 3.6180488910154014, 3.010398644698074, 2.704163456597992, 2.462214450449026, 2.3048861143232218, 2.25, 5.625, 4.983479652255484, 4.406631681656385, 3.923088706618804, 3.6933216756735394, 3.5200319600821808, 3.4118360159890453, 5.938486760109852, 5.33479797597289, 4.800354442932082, 4.360690885628102, 4.496079468969895, 4.5476741950484625, 6.5129411772084795, 5.967650058626278, 5.495105145086447, 5.11550611159617, 7.138632183019689, 6.644886296159543, 6.223973587847415, 5.8915252222531, 7.803244517506804, 7.3542551930460265, 6.976274276272241, 6.681364007446383, 7.481443838239368], [6.809239612541012, 5.992818467092551, 5.181784552347025, 4.379132106165318, 3.903717303250574, 3.435290317301869, 2.9771513808669554, 2.5348848346715993, 6.689592585961157, 5.856515862240478, 5.023524262118286, 4.190668546711455, 3.6910586081565735, 3.1915708404008183, 2.692273242029276, 2.19329569146453, 0.0, 0.9733149042775778, 6.7577217929784075, 5.93421712695307, 5.11389781646445, 4.2985878766806085, 3.813144176922183, 3.332008297475502, 2.8573571836393916, 2.3930526227698548, 7.008153016055236, 6.217904612887845, 5.44052899471997, 4.682441948246056, 4.241164153760659, 3.8144048237692867, 3.407623063081427, 3.0288786242592303, 7.422456706616274, 6.681391519745027, 5.9647305561557005, 5.2824158738065226, 4.895521243370635, 4.5308210100094675, 4.1941089405490235, 7.6526167747809675, 6.936185737145949, 6.248815131495221, 5.601213922348375, 4.291998586202575, 5.3911292929003, 8.090516331661433, 7.416507506327235, 6.778023425662157, 6.186073747954399, 8.587156363604347, 7.955336793091695, 7.363721984087612, 6.822778635954769, 9.132959170060367, 8.541608295895896, 7.9935030023097084, 7.498132907880465, 6.804875627537272], [7.77165797615525, 6.951639407363696, 6.135210028236616, 5.324021282830047, 4.840920326174069, 4.361630038036606, 3.8875601053927324, 3.4208815468208056, 7.662892973368724, 6.829828070528431, 5.996837759481356, 5.163958137223183, 4.664308161703242, 4.164742202306096, 3.665294612443505, 3.1660214118583183, 0.9733149042775778, 0.0, 7.718318453152214, 6.8919563620168365, 6.067501473960069, 5.2458530922967865, 4.754816678937024, 4.265863175798734, 3.77980100256265, 3.297908822771116, 7.934494361157251, 7.133219716152768, 6.34021570291373, 5.559022907753302, 5.098239173799513, 4.6455731247717855, 4.203648015942801, 3.776236701569143, 8.2988681029525, 7.536433807967586, 6.790680833498219, 6.067762908345399, 5.64863290506917, 5.243697233876888, 4.85650776432058, 8.503681883642368, 7.7613934528447786, 7.039512765129776, 6.345009101638642, 4.58813710972074, 6.018752528809552, 8.89715533204894, 8.190604114122548, 7.510093700803239, 6.863374383224088, 9.34853086404036, 8.678804760310578, 8.039724106469874, 7.4391911010273795, 9.849851497261895, 9.216626132690138, 8.617523362912921, 8.060155670940988, 6.756278911208706], [2.25, 2.3993633414813282, 2.8000496027352404, 3.3634060117684275, 3.75, 4.16082924427331, 4.589389937671455, 5.031152949374527, 1.125, 1.4000248013676202, 2.0108214186689426, 2.7414640249326636, 3.204001404494074, 3.6763602924631855, 4.155192534648665, 4.638493828819868, 6.7577217929784075, 7.718318453152214, 0.0, 0.8333333333333335, 1.666666666666667, 2.5, 3.0, 3.5, 4.0, 4.5, 1.125, 1.4000248013676202, 2.0108214186689426, 2.7414640249326636, 3.204001404494074, 3.6763602924631855, 4.155192534648665, 4.638493828819868, 2.25, 2.3993633414813282, 2.8000496027352404, 3.3634060117684275, 3.75, 4.16082924427331, 4.589389937671455, 2.75, 2.873489941594445, 3.2156302302624566, 3.7165171868296265, 6.541987292464563, 4.703453388228995, 3.583333333333333, 3.678956675774019, 3.9519685671264586, 4.369242242972776, 4.416666666666667, 4.494595520053934, 4.7206696794228495, 5.075129992861704, 5.25, 5.315726144605687, 5.508200956553581, 5.814851674806504, 9.340221816157461], [2.3993633414813282, 2.25, 2.3993633414813282, 2.8000496027352404, 3.123610802331885, 3.48907023590972, 3.8846206736022215, 4.301969833046769, 1.4000248013676202, 1.125, 1.4000248013676202, 2.010821418668942, 2.4413253458817086, 2.8942591644687092, 3.3605658419048683, 3.835370835322765, 5.93421712695307, 6.8919563620168365, 0.8333333333333335, 0.0, 0.8333333333333335, 1.6666666666666665, 2.1666666666666665, 2.6666666666666665, 3.1666666666666665, 3.6666666666666665, 1.4000248013676202, 1.125, 1.4000248013676202, 2.010821418668942, 2.4413253458817086, 2.8942591644687092, 3.3605658419048683, 3.835370835322765, 2.3993633414813282, 2.25, 2.3993633414813282, 2.8000496027352404, 3.123610802331885, 3.48907023590972, 3.8846206736022215, 2.873489941594445, 2.75, 2.873489941594445, 3.215630230262456, 5.830025137665972, 4.1471548451084415, 3.678956675774019, 3.583333333333333, 3.678956675774019, 3.951968567126458, 4.494595520053934, 4.416666666666667, 4.494595520053934, 4.7206696794228495, 5.315726144605687, 5.25, 5.315726144605687, 5.508200956553581, 8.70288919908917], [2.8000496027352404, 2.3993633414813282, 2.25, 2.399363341481328, 2.6153924710792023, 2.9023457945446665, 3.2414417231294537, 3.6180488910154014, 2.0108214186689426, 1.4000248013676202, 1.125, 1.40002480136762, 1.7445351179548598, 2.150984916523384, 2.5903801737282586, 3.048508287306724, 5.11389781646445, 6.067501473960069, 1.666666666666667, 0.8333333333333335, 0.0, 0.833333333333333, 1.333333333333333, 1.833333333333333, 2.333333333333333, 2.833333333333333, 2.0108214186689426, 1.4000248013676202, 1.125, 1.40002480136762, 1.7445351179548598, 2.150984916523384, 2.5903801737282586, 3.048508287306724, 2.8000496027352404, 2.3993633414813282, 2.25, 2.399363341481328, 2.6153924710792023, 2.9023457945446665, 3.2414417231294537, 3.2156302302624566, 2.873489941594445, 2.75, 2.873489941594445, 5.154578291747573, 3.69651210362673, 3.9519685671264586, 3.678956675774019, 3.583333333333333, 3.678956675774019, 4.7206696794228495, 4.494595520053934, 4.416666666666667, 4.494595520053934, 5.508200956553581, 5.315726144605687, 5.25, 5.315726144605687, 8.101216336891087], [3.3634060117684275, 2.8000496027352404, 2.399363341481328, 2.25, 2.3048861143232218, 2.462214450449026, 2.704163456597992, 3.010398644698074, 2.7414640249326636, 2.010821418668942, 1.40002480136762, 1.125, 1.231107225224513, 1.505199322349037, 1.875, 2.2946949688357274, 4.2985878766806085, 5.2458530922967865, 2.5, 1.6666666666666665, 0.833333333333333, 0.0, 0.5, 1.0, 1.5, 2.0, 2.7414640249326636, 2.010821418668942, 1.40002480136762, 1.125, 1.231107225224513, 1.505199322349037, 1.875, 2.2946949688357274, 3.3634060117684275, 2.8000496027352404, 2.399363341481328, 2.25, 2.3048861143232218, 2.462214450449026, 2.704163456597992, 3.7165171868296265, 3.215630230262456, 2.873489941594445, 2.75, 4.5320029252619, 3.3938766984232496, 4.369242242972776, 3.951968567126458, 3.678956675774019, 3.583333333333333, 5.075129992861704, 4.7206696794228495, 4.494595520053934, 4.416666666666667, 5.814851674806504, 5.508200956553581, 5.315726144605687, 5.25, 7.543740501335396], [3.75, 3.123610802331885, 2.6153924710792023, 2.3048861143232218, 2.25, 2.3048861143232218, 2.462214450449026, 2.704163456597992, 3.204001404494074, 2.4413253458817086, 1.7445351179548598, 1.231107225224513, 1.125, 1.231107225224513, 1.505199322349037, 1.875, 3.813144176922183, 4.754816678937024, 3.0, 2.1666666666666665, 1.333333333333333, 0.5, 0.0, 0.5, 1.0, 1.5, 3.204001404494074, 2.4413253458817086, 1.7445351179548598, 1.231107225224513, 1.125, 1.231107225224513, 1.505199322349037, 1.875, 3.75, 3.123610802331885, 2.6153924710792023, 2.3048861143232218, 2.25, 2.3048861143232218, 2.462214450449026, 4.0697051490249265, 3.5009919229333337, 3.056186803482041, 2.7950849718747373, 4.1937263943353935, 3.301148905740514, 4.6733582976033174, 4.187448175467037, 3.8233565823181537, 3.6180488910154014, 5.339189493213782, 4.919490714381814, 4.613536845222137, 4.44487845103153, 6.046693311223912, 5.679519737129579, 5.416666666666667, 5.273755777432247, 7.234754742683463], [4.16082924427331, 3.48907023590972, 2.9023457945446665, 2.462214450449026, 2.3048861143232218, 2.25, 2.3048861143232218, 2.462214450449026, 3.6763602924631855, 2.8942591644687092, 2.150984916523384, 1.505199322349037, 1.231107225224513, 1.125, 1.231107225224513, 1.505199322349037, 3.332008297475502, 4.265863175798734, 3.5, 2.6666666666666665, 1.833333333333333, 1.0, 0.5, 0.0, 0.5, 1.0, 3.6763602924631855, 2.8942591644687092, 2.150984916523384, 1.505199322349037, 1.231107225224513, 1.125, 1.231107225224513, 1.505199322349037, 4.16082924427331, 3.48907023590972, 2.9023457945446665, 2.462214450449026, 2.3048861143232218, 2.25, 2.3048861143232218, 4.451123453691214, 3.830614978187068, 3.3050886691753236, 2.9261749776799064, 3.8904539100866193, 3.2827989813028893, 5.009019642382906, 4.466697761085799, 4.025094891911107, 3.720252380924952, 5.635330020898905, 5.159268897388036, 4.782055578467857, 4.528459389731175, 6.309714732061981, 5.888430275643171, 5.560900206900957, 5.344389581607987, 6.948045165517687], [4.589389937671455, 3.8846206736022215, 3.2414417231294537, 2.704163456597992, 2.462214450449026, 2.3048861143232218, 2.25, 2.3048861143232218, 4.155192534648665, 3.3605658419048683, 2.5903801737282586, 1.875, 1.505199322349037, 1.231107225224513, 1.125, 1.231107225224513, 2.8573571836393916, 3.77980100256265, 4.0, 3.1666666666666665, 2.333333333333333, 1.5, 1.0, 0.5, 0.0, 0.5, 4.155192534648665, 3.3605658419048683, 2.5903801737282586, 1.875, 1.505199322349037, 1.231107225224513, 1.125, 1.231107225224513, 4.589389937671455, 3.8846206736022215, 3.2414417231294537, 2.704163456597992, 2.462214450449026, 2.3048861143232218, 2.25, 4.8541219597369, 4.1940765107205396, 3.6065141680637334, 3.132491021535417, 3.6309671139341355, 3.340053024341797, 5.370314495239341, 4.782055578467857, 4.276063870222499, 3.884620673602221, 5.958770380241585, 5.43458574522679, 4.995136523548569, 4.664433989718844, 6.600189391222043, 6.131091075638803, 5.745167051047727, 5.460082416960389, 6.686477926185544], [5.031152949374527, 4.301969833046769, 3.6180488910154014, 3.010398644698074, 2.704163456597992, 2.462214450449026, 2.3048861143232218, 2.25, 4.638493828819868, 3.835370835322765, 3.048508287306724, 2.2946949688357274, 1.875, 1.505199322349037, 1.231107225224513, 1.125, 2.3930526227698548, 3.297908822771116, 4.5, 3.6666666666666665, 2.833333333333333, 2.0, 1.5, 1.0, 0.5, 0.0, 4.638493828819868, 3.835370835322765, 3.048508287306724, 2.2946949688357274, 1.875, 1.505199322349037, 1.231107225224513, 1.125, 5.031152949374527, 4.301969833046769, 3.6180488910154014, 3.010398644698074, 2.704163456597992, 2.462214450449026, 2.3048861143232218, 5.273755777432247, 4.583333333333333, 3.948452580160711, 3.400367627183861, 3.4252317787901747, 3.4691698227654237, 5.752414951807438, 5.126862805090674, 4.5681566912219145, 4.103690750748377, 6.305310812675648, 5.740330033098174, 5.247353830477055, 4.848396069262952, 6.914658342969665, 6.403666484479375, 5.965758776365147, 5.618051263561058, 6.453111070844773], [3.375, 3.4763586472693584, 3.764093885356445, 4.20007440410286, 4.5155979670471105, 4.862162584694181, 5.23360535386458, 5.625, 2.25, 2.3993633414813282, 2.8000496027352404, 3.3634060117684275, 3.75, 4.16082924427331, 4.589389937671455, 5.031152949374527, 7.008153016055236, 7.934494361157251, 1.125, 1.4000248013676202, 2.0108214186689426, 2.7414640249326636, 3.204001404494074, 3.6763602924631855, 4.155192534648665, 4.638493828819868, 0.0, 0.8333333333333335, 1.666666666666667, 2.5, 3.0, 3.5, 4.0, 4.5, 1.125, 1.4000248013676202, 2.0108214186689426, 2.7414640249326636, 3.204001404494074, 3.6763602924631855, 4.155192534648665, 1.625, 1.826217250067594, 2.3277462872439036, 2.981715110469141, 6.070117781551633, 4.000940195768917, 2.458333333333333, 2.595736354528753, 2.9700472311994557, 3.5061949144019042, 3.291666666666667, 3.3955137886465563, 3.689559217877147, 4.133408937480593, 4.125, 4.208333333333333, 4.448977722778322, 4.823445345393685, 8.685714372632418], [3.4763586472693584, 3.375, 3.4763586472693584, 3.764093885356445, 4.010619583611047, 4.301364447603936, 4.628002028713663, 4.983479652255484, 2.3993633414813282, 2.25, 2.3993633414813282, 2.8000496027352404, 3.123610802331885, 3.48907023590972, 3.8846206736022215, 4.301969833046769, 6.217904612887845, 7.133219716152768, 1.4000248013676202, 1.125, 1.4000248013676202, 2.010821418668942, 2.4413253458817086, 2.8942591644687092, 3.3605658419048683, 3.835370835322765, 0.8333333333333335, 0.0, 0.8333333333333335, 1.6666666666666665, 2.1666666666666665, 2.6666666666666665, 3.1666666666666665, 3.6666666666666665, 1.4000248013676202, 1.125, 1.4000248013676202, 2.010821418668942, 2.4413253458817086, 2.8942591644687092, 3.3605658419048683, 1.826217250067594, 1.625, 1.826217250067594, 2.327746287243903, 5.295085009039858, 3.329255469948652, 2.595736354528753, 2.458333333333333, 2.595736354528753, 2.9700472311994557, 3.3955137886465563, 3.291666666666667, 3.3955137886465563, 3.6895592178771466, 4.208333333333333, 4.125, 4.208333333333333, 4.448977722778322, 7.9963848706495195], [3.764093885356445, 3.4763586472693584, 3.375, 3.4763586472693584, 3.628829394967167, 3.840798889698745, 4.103056110321237, 4.406631681656385, 2.8000496027352404, 2.3993633414813282, 2.25, 2.399363341481328, 2.6153924710792023, 2.9023457945446665, 3.2414417231294537, 3.6180488910154014, 5.44052899471997, 6.34021570291373, 2.0108214186689426, 1.4000248013676202, 1.125, 1.40002480136762, 1.7445351179548598, 2.150984916523384, 2.5903801737282586, 3.048508287306724, 1.666666666666667, 0.8333333333333335, 0.0, 0.833333333333333, 1.333333333333333, 1.833333333333333, 2.333333333333333, 2.833333333333333, 2.0108214186689426, 1.4000248013676202, 1.125, 1.40002480136762, 1.7445351179548598, 2.150984916523384, 2.5903801737282586, 2.3277462872439036, 1.826217250067594, 1.625, 1.8262172500675937, 4.540749884424028, 2.7475899270334194, 2.9700472311994557, 2.595736354528753, 2.458333333333333, 2.595736354528753, 3.689559217877147, 3.3955137886465563, 3.291666666666667, 3.3955137886465563, 4.448977722778322, 4.208333333333333, 4.125, 4.208333333333333, 7.337001889398735], [4.20007440410286, 3.764093885356445, 3.4763586472693584, 3.375, 3.4118360159890453, 3.5200319600821808, 3.6933216756735394, 3.923088706618804, 3.3634060117684275, 2.8000496027352404, 2.399363341481328, 2.25, 2.3048861143232218, 2.462214450449026, 2.704163456597992, 3.010398644698074, 4.682441948246056, 5.559022907753302, 2.7414640249326636, 2.010821418668942, 1.40002480136762, 1.125, 1.231107225224513, 1.505199322349037, 1.875, 2.2946949688357274, 2.5, 1.6666666666666665, 0.833333333333333, 0.0, 0.5, 1.0, 1.5, 2.0, 2.7414640249326636, 2.010821418668942, 1.40002480136762, 1.125, 1.231107225224513, 1.505199322349037, 1.875, 2.981715110469141, 2.327746287243903, 1.8262172500675937, 1.625, 3.819395588535432, 2.3245317203636726, 3.5061949144019042, 2.9700472311994557, 2.595736354528753, 2.458333333333333, 4.133408937480593, 3.6895592178771466, 3.3955137886465563, 3.291666666666667, 4.823445345393685, 4.448977722778322, 4.208333333333333, 4.125, 6.716391243772029], [4.5155979670471105, 4.010619583611047, 3.628829394967167, 3.4118360159890453, 3.375, 3.4118360159890453, 3.5200319600821808, 3.6933216756735394, 3.75, 3.123610802331885, 2.6153924710792023, 2.3048861143232218, 2.25, 2.3048861143232218, 2.462214450449026, 2.704163456597992, 4.241164153760659, 5.098239173799513, 3.204001404494074, 2.4413253458817086, 1.7445351179548598, 1.231107225224513, 1.125, 1.231107225224513, 1.505199322349037, 1.875, 3.0, 2.1666666666666665, 1.333333333333333, 0.5, 0.0, 0.5, 1.0, 1.5, 3.204001404494074, 2.4413253458817086, 1.7445351179548598, 1.231107225224513, 1.125, 1.231107225224513, 1.505199322349037, 3.4118360159890453, 2.708333333333333, 2.1019997092715728, 1.7001838135919305, 3.4111688931635795, 2.1869231291356335, 3.878582573283412, 3.2768654568386264, 2.796637365758305, 2.5086655372483944, 4.453657984673323, 3.9407504220502076, 3.5514570562266727, 3.3294247918288296, 5.100551440775791, 4.659406554964317, 4.335135843059335, 4.155192534648665, 6.367383039735432], [4.862162584694181, 4.301364447603936, 3.840798889698745, 3.5200319600821808, 3.4118360159890453, 3.375, 3.4118360159890453, 3.5200319600821808, 4.16082924427331, 3.48907023590972, 2.9023457945446665, 2.462214450449026, 2.3048861143232218, 2.25, 2.3048861143232218, 2.462214450449026, 3.8144048237692867, 4.6455731247717855, 3.6763602924631855, 2.8942591644687092, 2.150984916523384, 1.505199322349037, 1.231107225224513, 1.125, 1.231107225224513, 1.505199322349037, 3.5, 2.6666666666666665, 1.833333333333333, 1.0, 0.5, 0.0, 0.5, 1.0, 3.6763602924631855, 2.8942591644687092, 2.150984916523384, 1.505199322349037, 1.231107225224513, 1.125, 1.231107225224513, 3.8588372601082828, 3.1227769870919553, 2.449844099348183, 1.9080421903092184, 3.030571525908894, 2.159124319375771, 4.277078766842829, 3.6269152028809395, 3.0666779891095324, 2.6539409898823627, 4.804692440151029, 4.2362932565576195, 3.7677819145427667, 3.440213575411336, 5.4097712520956005, 4.911897404375535, 4.514059825823215, 4.244481711587412, 6.039637589293191], [5.23360535386458, 4.628002028713663, 4.103056110321237, 3.6933216756735394, 3.5200319600821808, 3.4118360159890453, 3.375, 3.4118360159890453, 4.589389937671455, 3.8846206736022215, 3.2414417231294537, 2.704163456597992, 2.462214450449026, 2.3048861143232218, 2.25, 2.3048861143232218, 3.407623063081427, 4.203648015942801, 4.155192534648665, 3.3605658419048683, 2.5903801737282586, 1.875, 1.505199322349037, 1.231107225224513, 1.125, 1.231107225224513, 4.0, 3.1666666666666665, 2.333333333333333, 1.5, 1.0, 0.5, 0.0, 0.5, 4.155192534648665, 3.3605658419048683, 2.5903801737282586, 1.875, 1.505199322349037, 1.231107225224513, 1.125, 4.317479009792636, 3.5592699782087025, 2.8434256530538025, 2.2114757516192665, 2.689359464558928, 2.2452177801477036, 4.6950402317528415, 4.0088876955529145, 3.3893726885992073, 2.8798268659379116, 5.180257661974397, 4.567586586176799, 4.03478796083374, 3.617329048406358, 5.745922467280602, 5.200327179877991, 4.73920557102606, 4.38926246651986, 5.7368002967940335], [5.625, 4.983479652255484, 4.406631681656385, 3.923088706618804, 3.6933216756735394, 3.5200319600821808, 3.4118360159890453, 3.375, 5.031152949374527, 4.301969833046769, 3.6180488910154014, 3.010398644698074, 2.704163456597992, 2.462214450449026, 2.3048861143232218, 2.25, 3.0288786242592303, 3.776236701569143, 4.638493828819868, 3.835370835322765, 3.048508287306724, 2.2946949688357274, 1.875, 1.505199322349037, 1.231107225224513, 1.125, 4.5, 3.6666666666666665, 2.833333333333333, 2.0, 1.5, 1.0, 0.5, 0.0, 4.638493828819868, 3.835370835322765, 3.048508287306724, 2.2946949688357274, 1.875, 1.505199322349037, 1.231107225224513, 4.78441480225116, 4.010619583611047, 3.266252099544335, 2.576941016011038, 2.4043595582973034, 2.4331436320248088, 5.127709310967011, 4.414504187586894, 3.751157228850259, 3.1691328116344026, 5.575398590634077, 4.927424671051694, 4.343137946487795, 3.8516320494622076, 6.10455772353739, 5.519064181946469, 5.004338395610131, 4.584280205223062, 5.4630150174229755], [4.5, 4.576510072581994, 4.7987266829626565, 5.1478150704935, 5.408326913195984, 5.70087712549569, 6.020797289396148, 6.363961030678928, 3.375, 3.4763586472693584, 3.764093885356445, 4.20007440410286, 4.5155979670471105, 4.862162584694181, 5.23360535386458, 5.625, 7.422456706616274, 8.2988681029525, 2.25, 2.3993633414813282, 2.8000496027352404, 3.3634060117684275, 3.75, 4.16082924427331, 4.589389937671455, 5.031152949374527, 1.125, 1.4000248013676202, 2.0108214186689426, 2.7414640249326636, 3.204001404494074, 3.6763602924631855, 4.155192534648665, 4.638493828819868, 0.0, 0.8333333333333335, 1.666666666666667, 2.5, 3.0, 3.5, 4.0, 0.5, 0.9718253158075502, 1.7400510848184252, 2.5495097567963922, 5.781549275847333, 3.524744121918074, 1.333333333333333, 1.5723301886761003, 2.1343747458109497, 2.833333333333333, 2.166666666666667, 2.3213980461973533, 2.7335365778094545, 3.308238873546535, 3.0, 3.1135902820449006, 3.4318767136623336, 3.905124837953327, 8.134787935212751], [4.576510072581994, 4.5, 4.576510072581994, 4.7987266829626565, 4.994441354590566, 5.230784942158405, 5.50252467307306, 5.804691589089333, 3.4763586472693584, 3.375, 3.4763586472693584, 3.764093885356445, 4.010619583611047, 4.301364447603936, 4.628002028713663, 4.983479652255484, 6.681391519745027, 7.536433807967586, 2.3993633414813282, 2.25, 2.3993633414813282, 2.8000496027352404, 3.123610802331885, 3.48907023590972, 3.8846206736022215, 4.301969833046769, 1.4000248013676202, 1.125, 1.4000248013676202, 2.010821418668942, 2.4413253458817086, 2.8942591644687092, 3.3605658419048683, 3.835370835322765, 0.8333333333333335, 0.0, 0.8333333333333335, 1.6666666666666665, 2.1666666666666665, 2.6666666666666665, 3.1666666666666665, 0.9718253158075502, 0.5, 0.9718253158075502, 1.740051084818425, 4.961643618812231, 2.7386567253052396, 1.5723301886761003, 1.333333333333333, 1.5723301886761003, 2.134374745810949, 2.3213980461973533, 2.166666666666667, 2.3213980461973533, 2.7335365778094545, 3.1135902820449006, 3.0, 3.1135902820449006, 3.431876713662333, 7.39427559585671], [4.7987266829626565, 4.576510072581994, 4.5, 4.576510072581994, 4.693375946776241, 4.85912657903775, 5.068968775248516, 5.317685377847939, 3.764093885356445, 3.4763586472693584, 3.375, 3.4763586472693584, 3.628829394967167, 3.840798889698745, 4.103056110321237, 4.406631681656385, 5.9647305561557005, 6.790680833498219, 2.8000496027352404, 2.3993633414813282, 2.25, 2.399363341481328, 2.6153924710792023, 2.9023457945446665, 3.2414417231294537, 3.6180488910154014, 2.0108214186689426, 1.4000248013676202, 1.125, 1.40002480136762, 1.7445351179548598, 2.150984916523384, 2.5903801737282586, 3.048508287306724, 1.666666666666667, 0.8333333333333335, 0.0, 0.833333333333333, 1.333333333333333, 1.833333333333333, 2.333333333333333, 1.7400510848184252, 0.9718253158075502, 0.5, 0.9718253158075498, 4.147094363531933, 1.9913686454326107, 2.1343747458109497, 1.5723301886761003, 1.333333333333333, 1.5723301886761003, 2.7335365778094545, 2.3213980461973533, 2.166666666666667, 2.3213980461973533, 3.4318767136623336, 3.1135902820449006, 3.0, 3.1135902820449006, 6.675682535364468], [5.1478150704935, 4.7987266829626565, 4.576510072581994, 4.5, 4.527692569068709, 4.6097722286464435, 4.743416490252569, 4.924428900898052, 4.20007440410286, 3.764093885356445, 3.4763586472693584, 3.375, 3.4118360159890453, 3.5200319600821808, 3.6933216756735394, 3.923088706618804, 5.2824158738065226, 6.067762908345399, 3.3634060117684275, 2.8000496027352404, 2.399363341481328, 2.25, 2.3048861143232218, 2.462214450449026, 2.704163456597992, 3.010398644698074, 2.7414640249326636, 2.010821418668942, 1.40002480136762, 1.125, 1.231107225224513, 1.505199322349037, 1.875, 2.2946949688357274, 2.5, 1.6666666666666665, 0.833333333333333, 0.0, 0.5, 1.0, 1.5, 2.5495097567963922, 1.740051084818425, 0.9718253158075498, 0.5, 3.3418205829854806, 1.3489797603572462, 2.833333333333333, 2.134374745810949, 1.5723301886761003, 1.333333333333333, 3.308238873546535, 2.7335365778094545, 2.3213980461973533, 2.166666666666667, 3.905124837953327, 3.431876713662333, 3.1135902820449006, 3.0, 5.986906707753775], [5.408326913195984, 4.994441354590566, 4.693375946776241, 4.527692569068709, 4.5, 4.527692569068709, 4.6097722286464435, 4.743416490252569, 4.5155979670471105, 4.010619583611047, 3.628829394967167, 3.4118360159890453, 3.375, 3.4118360159890453, 3.5200319600821808, 3.6933216756735394, 4.895521243370635, 5.64863290506917, 3.75, 3.123610802331885, 2.6153924710792023, 2.3048861143232218, 2.25, 2.3048861143232218, 2.462214450449026, 2.704163456597992, 3.204001404494074, 2.4413253458817086, 1.7445351179548598, 1.231107225224513, 1.125, 1.231107225224513, 1.505199322349037, 1.875, 3.0, 2.1666666666666665, 1.333333333333333, 0.5, 0.0, 0.5, 1.0, 3.0413812651491097, 2.223610677354389, 1.4240006242195882, 0.7071067811865476, 2.8663662300599935, 1.0949572811872568, 3.2829526005987013, 2.5440562537456244, 1.8856180831641263, 1.4240006242195882, 3.70060055186242, 3.064129385141706, 2.544056253745625, 2.2236106773543893, 4.242640687119285, 3.7006005518624194, 3.2829526005987013, 3.0413812651491097, 5.592558212718039], [5.70087712549569, 5.230784942158405, 4.85912657903775, 4.6097722286464435, 4.527692569068709, 4.5, 4.527692569068709, 4.6097722286464435, 4.862162584694181