totalHoles = 60;
zeroHoleID = 44;
C = [[0.0, 1.5, 3.0, 4.5, 8.449741074574803, 0.9375, 1.7688714622606132, 3.1430727401700396, 4.5966190020492235, 1.875, 2.401171589037318, 3.5377429245212264, 4.875, 2.8125, 3.1875, 4.112196037398995, 5.30661438678184, 3.75, 4.038873605350878, 4.802343178074636, 5.8576872569299905, 4.6875, 4.921651780652508, 5.565308279870936, 6.4978962941862966, 5.728991699623622, 5.5, 5.70087712549569, 6.264982043070834, 5.625, 5.821565511097509, 6.375, 7.203514767111955, 5.920351301660039, 6.125, 6.30599912781472, 6.82023643285187, 7.600370056780131, 6.5625, 6.731746151631091, 7.215705526835197, 7.957160690221104, 6.75, 6.914658342969665, 7.386643351347079, 8.112490369793976, 8.145144398149501, 7.375, 7.525996611745184, 7.9618229696470895, 8.639480597813737, 7.5, 7.648529270389178, 8.077747210701755, 8.74642784226795, 8.0, 8.139410298049853, 8.54400374531753, 9.17877987534291, 15.484333946488617], [1.5, 0.0, 1.5, 3.0, 6.950197180205686, 1.7688714622606132, 0.9375, 1.7688714622606132, 3.1430727401700396, 2.401171589037318, 1.875, 2.401171589037318, 3.5377429245212264, 3.1875, 2.8125, 3.1875, 4.112196037398995, 4.038873605350878, 3.75, 4.038873605350878, 4.802343178074636, 4.921651780652508, 4.6875, 4.921651780652508, 5.565308279870936, 5.2434016199971305, 5.70087712549569, 5.5, 5.70087712549569, 5.821565511097509, 5.625, 5.821565511097509, 6.375, 5.709400138960661, 6.30599912781472, 6.125, 6.30599912781472, 6.82023643285187, 6.731746151631091, 6.5625, 6.731746151631091, 7.215705526835197, 6.914658342969665, 6.75, 6.914658342969665, 7.386643351347079, 7.466873243994742, 7.525996611745184, 7.375, 7.525996611745184, 7.9618229696470895, 7.648529270389178, 7.5, 7.648529270389178, 8.077747210701755, 8.139410298049853, 8.0, 8.139410298049853, 8.54400374531753, 14.73075704999977], [3.0, 1.5, 0.0, 1.5, 5.450904279119346, 3.1430727401700396, 1.7688714622606132, 0.9375, 1.7688714622606132, 3.5377429245212264, 2.401171589037318, 1.875, 2.401171589037318, 4.112196037398995, 3.1875, 2.8125, 3.1875, 4.802343178074636, 4.038873605350878, 3.75, 4.038873605350878, 5.565308279870936, 4.921651780652508, 4.6875, 4.921651780652508, 5.16383338255803, 6.264982043070834, 5.70087712549569, 5.5, 6.375, 5.821565511097509, 5.625, 5.821565511097509, 5.885910325383858, 6.82023643285187, 6.30599912781472, 6.125, 6.30599912781472, 7.215705526835197, 6.731746151631091, 6.5625, 6.731746151631091, 7.386643351347079, 6.914658342969665, 6.75, 6.914658342969665, 7.047340974939622, 7.9618229696470895, 7.525996611745184, 7.375, 7.525996611745184, 8.077747210701755, 7.648529270389178, 7.5, 7.648529270389178, 8.54400374531753, 8.139410298049853, 8.0, 8.139410298049853, 14.09701417910389], [4.5, 3.0, 1.5, 0.0, 3.952148033222456, 4.5966190020492235, 3.1430727401700396, 1.7688714622606132, 0.9375, 4.875, 3.5377429245212264, 2.401171589037318, 1.875, 5.30661438678184, 4.112196037398995, 3.1875, 2.8125, 5.8576872569299905, 4.802343178074636, 4.038873605350878, 3.75, 6.4978962941862966, 5.565308279870936, 4.921651780652508, 4.6875, 5.507911569465588, 7.106335201775948, 6.264982043070834, 5.70087712549569, 7.203514767111955, 6.375, 5.821565511097509, 5.625, 6.4179927368419945, 7.600370056780131, 6.82023643285187, 6.30599912781472, 6.125, 7.957160690221104, 7.215705526835197, 6.731746151631091, 6.5625, 8.112490369793976, 7.386643351347079, 6.914658342969665, 6.75, 6.933673888512591, 8.639480597813737, 7.9618229696470895, 7.525996611745184, 7.375, 8.74642784226795, 8.077747210701755, 7.648529270389178, 7.5, 9.17877987534291, 8.54400374531753, 8.139410298049853, 8.0, 13.599868170890273], [8.449741074574803, 6.950197180205686, 5.450904279119346, 3.952148033222456, 0.0, 8.480726126917125, 6.987834589925357, 5.498813405866742, 4.01796783074757, 8.614239348438895, 7.149282213521542, 5.7025742244146205, 4.292606364592558, 8.845639375681735, 7.426469725313211, 6.046450958816768, 4.7399035658712245, 9.167516832655906, 7.8070789347496605, 6.508271514756773, 5.316456971158232, 9.570747425851733, 8.27685465051973, 7.064944410412061, 5.985027663979103, 7.719987987467213, 9.978450640265251, 8.745089696314873, 7.608134489674527, 10.045539318616287, 8.821563173171086, 7.6959140740155645, 6.7181999115100295, 8.820610884694883, 10.324673955553697, 9.138162227979505, 8.056868220422492, 7.12883175125044, 10.582264720478504, 9.42822587927689, 8.384423644297147, 7.497044515236093, 10.696240339332677, 9.55597582736322, 8.527824495704206, 7.65708216267236, 7.925607713178994, 11.090602891865096, 9.995428411100196, 9.0175221506693, 8.198952515668939, 11.172000963422004, 10.085669147016707, 9.117446943057429, 8.308727662876537, 11.505417750491516, 10.453791380628742, 9.523070452647628, 8.751913360087201, 12.858030301356932], [0.9375, 1.7688714622606132, 3.1430727401700396, 4.5966190020492235, 8.480726126917125, 0.0, 1.5, 3.0, 4.5, 0.9375, 1.7688714622606132, 3.1430727401700396, 4.5966190020492235, 1.875, 2.401171589037318, 3.5377429245212264, 4.875, 2.8125, 3.1875, 4.112196037398995, 5.30661438678184, 3.75, 4.038873605350878, 4.802343178074636, 5.8576872569299905, 4.904990939112122, 4.5625, 4.802749863359532, 5.460440115045673, 4.6875, 4.921651780652508, 5.565308279870936, 6.4978962941862966, 5.022459028664004, 5.1875, 5.400014467573212, 5.992508343757228, 6.8673252617012395, 5.625, 5.821565511097509, 6.375, 7.203514767111955, 5.8125, 6.0029289725932955, 6.541036328442153, 7.350860918967247, 7.3639803794249685, 6.4375, 6.609947522484577, 7.1022113633712705, 7.854387706880785, 6.5625, 6.731746151631091, 7.215705526835197, 7.957160690221104, 7.0625, 7.220035058779147, 7.6732591673942565, 8.374300343909335, 14.70310273850041], [1.7688714622606132, 0.9375, 1.7688714622606132, 3.1430727401700396, 6.987834589925357, 1.5, 0.0, 1.5, 3.0, 1.7688714622606132, 0.9375, 1.7688714622606132, 3.1430727401700396, 2.401171589037318, 1.875, 2.401171589037318, 3.5377429245212264, 3.1875, 2.8125, 3.1875, 4.112196037398995, 4.038873605350878, 3.75, 4.038873605350878, 4.802343178074636, 4.32791529110774, 4.802749863359532, 4.5625, 4.802749863359532, 4.921651780652508, 4.6875, 4.921651780652508, 5.565308279870936, 4.77197916029658, 5.400014467573212, 5.1875, 5.400014467573212, 5.992508343757228, 5.821565511097509, 5.625, 5.821565511097509, 6.375, 6.0029289725932955, 5.8125, 6.0029289725932955, 6.541036328442153, 6.605984090484497, 6.609947522484577, 6.4375, 6.609947522484577, 7.1022113633712705, 6.731746151631091, 6.5625, 6.731746151631091, 7.215705526835197, 7.220035058779147, 7.0625, 7.220035058779147, 7.6732591673942565, 13.907258379660476], [3.1430727401700396, 1.7688714622606132, 0.9375, 1.7688714622606132, 5.498813405866742, 3.0, 1.5, 0.0, 1.5, 3.1430727401700396, 1.7688714622606132, 0.9375, 1.7688714622606132, 3.5377429245212264, 2.401171589037318, 1.875, 2.401171589037318, 4.112196037398995, 3.1875, 2.8125, 3.1875, 4.802343178074636, 4.038873605350878, 3.75, 4.038873605350878, 4.2311659647473485, 5.460440115045673, 4.802749863359532, 4.5625, 5.565308279870936, 4.921651780652508, 4.6875, 4.921651780652508, 4.981814480488123, 5.992508343757228, 5.400014467573212, 5.1875, 5.400014467573212, 6.375, 5.821565511097509, 5.625, 5.821565511097509, 6.541036328442153, 6.0029289725932955, 5.8125, 6.0029289725932955, 6.1277927983012495, 7.1022113633712705, 6.609947522484577, 6.4375, 6.609947522484577, 7.215705526835197, 6.731746151631091, 6.5625, 6.731746151631091, 7.6732591673942565, 7.220035058779147, 7.0625, 7.220035058779147, 13.234139229219812], [4.5966190020492235, 3.1430727401700396, 1.7688714622606132, 0.9375, 4.01796783074757, 4.5, 3.0, 1.5, 0.0, 4.5966190020492235, 3.1430727401700396, 1.7688714622606132, 0.9375, 4.875, 3.5377429245212264, 2.401171589037318, 1.875, 5.30661438678184, 4.112196037398995, 3.1875, 2.8125, 5.8576872569299905, 4.802343178074636, 4.038873605350878, 3.75, 4.6448552265348955, 6.408307596393918, 5.460440115045673, 4.802749863359532, 6.4978962941862966, 5.565308279870936, 4.921651780652508, 4.6875, 5.600461224729392, 6.8673252617012395, 5.992508343757228, 5.400014467573212, 5.1875, 7.203514767111955, 6.375, 5.821565511097509, 5.625, 7.350860918967247, 6.541036328442153, 6.0029289725932955, 5.8125, 5.996721050214946, 7.854387706880785, 7.1022113633712705, 6.609947522484577, 6.4375, 7.957160690221104, 7.215705526835197, 6.731746151631091, 6.5625, 8.374300343909335, 7.6732591673942565, 7.220035058779147, 7.0625, 12.70326913192478], [1.875, 2.401171589037318, 3.5377429245212264, 4.875, 8.614239348438895, 0.9375, 1.7688714622606132, 3.1430727401700396, 4.5966190020492235, 0.0, 1.5, 3.0, 4.5, 0.9375, 1.7688714622606132, 3.1430727401700396, 4.5966190020492235, 1.875, 2.401171589037318, 3.5377429245212264, 4.875, 2.8125, 3.1875, 4.112196037398995, 5.30661438678184, 4.129689919496097, 3.625, 3.923088706618804, 4.705382556179678, 3.75, 4.038873605350878, 4.802343178074636, 5.8576872569299905, 4.142154313174416, 4.25, 4.5069390943299865, 5.202163011671203, 6.189709201569974, 4.6875, 4.921651780652508, 5.565308279870936, 6.4978962941862966, 4.875, 5.100551440775791, 5.724126570927655, 6.634427254857799, 6.623507325458743, 5.5, 5.70087712549569, 6.264982043070834, 7.106335201775948, 5.625, 5.821565511097509, 6.375, 7.203514767111955, 6.125, 6.30599912781472, 6.82023643285187, 7.600370056780131, 13.941150419223547], [2.401171589037318, 1.875, 2.401171589037318, 3.5377429245212264, 7.149282213521542, 1.7688714622606132, 0.9375, 1.7688714622606132, 3.1430727401700396, 1.5, 0.0, 1.5, 3.0, 1.7688714622606132, 0.9375, 1.7688714622606132, 3.1430727401700396, 2.401171589037318, 1.875, 2.401171589037318, 3.5377429245212264, 3.1875, 2.8125, 3.1875, 4.112196037398995, 3.4243617632224326, 3.923088706618804, 3.625, 3.923088706618804, 4.038873605350878, 3.75, 4.038873605350878, 4.802343178074636, 3.8345968192035134, 4.5069390943299865, 4.25, 4.5069390943299865, 5.202163011671203, 4.921651780652508, 4.6875, 4.921651780652508, 5.565308279870936, 5.100551440775791, 4.875, 5.100551440775791, 5.724126570927655, 5.769026613353764, 5.70087712549569, 5.5, 5.70087712549569, 6.264982043070834, 5.821565511097509, 5.625, 5.821565511097509, 6.375, 6.30599912781472, 6.125, 6.30599912781472, 6.82023643285187, 13.09909464471324], [3.5377429245212264, 2.401171589037318, 1.875, 2.401171589037318, 5.7025742244146205, 3.1430727401700396, 1.7688714622606132, 0.9375, 1.7688714622606132, 3.0, 1.5, 0.0, 1.5, 3.1430727401700396, 1.7688714622606132, 0.9375, 1.7688714622606132, 3.5377429245212264, 2.401171589037318, 1.875, 2.401171589037318, 4.112196037398995, 3.1875, 2.8125, 3.1875, 3.3012373649363687, 4.705382556179678, 3.923088706618804, 3.625, 4.802343178074636, 4.038873605350878, 3.75, 4.038873605350878, 4.092776951843576, 5.202163011671203, 4.5069390943299865, 4.25, 4.5069390943299865, 5.565308279870936, 4.921651780652508, 4.6875, 4.921651780652508, 5.724126570927655, 5.100551440775791, 4.875, 5.100551440775791, 5.2146415831543385, 6.264982043070834, 5.70087712549569, 5.5, 5.70087712549569, 6.375, 5.821565511097509, 5.625, 5.821565511097509, 6.82023643285187, 6.30599912781472, 6.125, 6.30599912781472, 12.382119608972177], [4.875, 3.5377429245212264, 2.401171589037318, 1.875, 4.292606364592558, 4.5966190020492235, 3.1430727401700396, 1.7688714622606132, 0.9375, 4.5, 3.0, 1.5, 0.0, 4.5966190020492235, 3.1430727401700396, 1.7688714622606132, 0.9375, 4.875, 3.5377429245212264, 2.401171589037318, 1.875, 5.30661438678184, 4.112196037398995, 3.1875, 2.8125, 3.8170777820060455, 5.77846216566311, 4.705382556179678, 3.923088706618804, 5.8576872569299905, 4.802343178074636, 4.038873605350878, 3.75, 4.826749795591054, 6.189709201569974, 5.202163011671203, 4.5069390943299865, 4.25, 6.4978962941862966, 5.565308279870936, 4.921651780652508, 4.6875, 6.634427254857799, 5.724126570927655, 5.100551440775791, 4.875, 5.059970910582468, 7.106335201775948, 6.264982043070834, 5.70087712549569, 5.5, 7.203514767111955, 6.375, 5.821565511097509, 5.625, 7.600370056780131, 6.82023643285187, 6.30599912781472, 6.125, 11.813022115895302], [2.8125, 3.1875, 4.112196037398995, 5.30661438678184, 8.845639375681735, 1.875, 2.401171589037318, 3.5377429245212264, 4.875, 0.9375, 1.7688714622606132, 3.1430727401700396, 4.5966190020492235, 0.0, 1.5, 3.0, 4.5, 0.9375, 1.7688714622606132, 3.1430727401700396, 4.5966190020492235, 1.875, 2.401171589037318, 3.5377429245212264, 4.875, 3.436212165976271, 2.6875, 3.0777680630612827, 4.027735871429506, 2.8125, 3.1875, 4.112196037398995, 5.30661438678184, 3.293569873813254, 3.3125, 3.636297051947214, 4.469077785181189, 5.587723709168162, 3.75, 4.038873605350878, 4.802343178074636, 5.8576872569299905, 3.9375, 4.2135384476707936, 4.950142043416532, 5.97945701966324, 5.938964897375245, 4.5625, 4.802749863359532, 5.460440115045673, 6.408307596393918, 4.6875, 4.921651780652508, 5.565308279870936, 6.4978962941862966, 5.1875, 5.400014467573212, 5.992508343757228, 6.8673252617012395, 13.201815495754191], [3.1875, 2.8125, 3.1875, 4.112196037398995, 7.426469725313211, 2.401171589037318, 1.875, 2.401171589037318, 3.5377429245212264, 1.7688714622606132, 0.9375, 1.7688714622606132, 3.1430727401700396, 1.5, 0.0, 1.5, 3.0, 1.7688714622606132, 0.9375, 1.7688714622606132, 3.1430727401700396, 2.401171589037318, 1.875, 2.401171589037318, 3.5377429245212264, 2.545480053710009, 3.0777680630612827, 2.6875, 3.0777680630612827, 3.1875, 2.8125, 3.1875, 4.112196037398995, 2.8972906180406794, 3.636297051947214, 3.3125, 3.636297051947214, 4.469077785181189, 4.038873605350878, 3.75, 4.038873605350878, 4.802343178074636, 4.2135384476707936, 3.9375, 4.2135384476707936, 4.950142043416532, 4.968110589291841, 4.802749863359532, 4.5625, 4.802749863359532, 5.460440115045673, 4.921651780652508, 4.6875, 4.921651780652508, 5.565308279870936, 5.400014467573212, 5.1875, 5.400014467573212, 5.992508343757228, 12.309286652104324], [4.112196037398995, 3.1875, 2.8125, 3.1875, 6.046450958816768, 3.5377429245212264, 2.401171589037318, 1.875, 2.401171589037318, 3.1430727401700396, 1.7688714622606132, 0.9375, 1.7688714622606132, 3.0, 1.5, 0.0, 1.5, 3.1430727401700396, 1.7688714622606132, 0.9375, 1.7688714622606132, 3.5377429245212264, 2.401171589037318, 1.875, 2.401171589037318, 2.3772638385479388, 4.027735871429506, 3.0777680630612827, 2.6875, 4.112196037398995, 3.1875, 2.8125, 3.1875, 3.231251048291177, 4.469077785181189, 3.636297051947214, 3.3125, 3.636297051947214, 4.802343178074636, 4.038873605350878, 3.75, 4.038873605350878, 4.950142043416532, 4.2135384476707936, 3.9375, 4.2135384476707936, 4.311953339568055, 5.460440115045673, 4.802749863359532, 4.5625, 4.802749863359532, 5.565308279870936, 4.921651780652508, 4.6875, 4.921651780652508, 5.992508343757228, 5.400014467573212, 5.1875, 5.400014467573212, 11.543359276372364], [5.30661438678184, 4.112196037398995, 3.1875, 2.8125, 4.7399035658712245, 4.875, 3.5377429245212264, 2.401171589037318, 1.875, 4.5966190020492235, 3.1430727401700396, 1.7688714622606132, 0.9375, 4.5, 3.0, 1.5, 0.0, 4.5966190020492235, 3.1430727401700396, 1.7688714622606132, 0.9375, 4.875, 3.5377429245212264, 2.401171589037318, 1.875, 3.0534076066421028, 5.241436468183126, 4.027735871429506, 3.0777680630612827, 5.30661438678184, 4.112196037398995, 3.1875, 2.8125, 4.121610577041349, 5.587723709168162, 4.469077785181189, 3.636297051947214, 3.3125, 5.8576872569299905, 4.802343178074636, 4.038873605350878, 3.75, 5.97945701966324, 4.950142043416532, 4.2135384476707936, 3.9375, 4.123561613191986, 6.408307596393918, 5.460440115045673, 4.802749863359532, 4.5625, 6.4978962941862966, 5.565308279870936, 4.921651780652508, 4.6875, 6.8673252617012395, 5.992508343757228, 5.400014467573212, 5.1875, 10.930679250767087], [3.75, 4.038873605350878, 4.802343178074636, 5.8576872569299905, 9.167516832655906, 2.8125, 3.1875, 4.112196037398995, 5.30661438678184, 1.875, 2.401171589037318, 3.5377429245212264, 4.875, 0.9375, 1.7688714622606132, 3.1430727401700396, 4.5966190020492235, 0.0, 1.5, 3.0, 4.5, 0.9375, 1.7688714622606132, 3.1430727401700396, 4.5966190020492235, 2.884195168156794, 1.75, 2.3048861143232218, 3.473110997362451, 1.875, 2.401171589037318, 3.5377429245212264, 4.875, 2.509098478185162, 2.375, 2.809025631780529, 3.8263069662534916, 5.088283109261905, 2.8125, 3.1875, 4.112196037398995, 5.30661438678184, 3.0, 3.3541019662496847, 4.242640687119285, 5.408326913195984, 5.33193879504492, 3.625, 3.923088706618804, 4.705382556179678, 5.77846216566311, 3.75, 4.038873605350878, 4.802343178074636, 5.8576872569299905, 4.25, 4.5069390943299865, 5.202163011671203, 6.189709201569974, 12.489115351235013], [4.038873605350878, 3.75, 4.038873605350878, 4.802343178074636, 7.8070789347496605, 3.1875, 2.8125, 3.1875, 4.112196037398995, 2.401171589037318, 1.875, 2.401171589037318, 3.5377429245212264, 1.7688714622606132, 0.9375, 1.7688714622606132, 3.1430727401700396, 1.5, 0.0, 1.5, 3.0, 1.7688714622606132, 0.9375, 1.7688714622606132, 3.1430727401700396, 1.7293051848216874, 2.3048861143232218, 1.75, 2.3048861143232218, 2.401171589037318, 1.875, 2.401171589037318, 3.5377429245212264, 1.960169784719524, 2.809025631780529, 2.375, 2.809025631780529, 3.8263069662534916, 3.1875, 2.8125, 3.1875, 4.112196037398995, 3.3541019662496847, 3.0, 3.3541019662496847, 4.242640687119285, 4.223788594293452, 3.923088706618804, 3.625, 3.923088706618804, 4.705382556179678, 4.038873605350878, 3.75, 4.038873605350878, 4.802343178074636, 4.5069390943299865, 4.25, 4.5069390943299865, 5.202163011671203, 11.54160334425821], [4.802343178074636, 4.038873605350878, 3.75, 4.038873605350878, 6.508271514756773, 4.112196037398995, 3.1875, 2.8125, 3.1875, 3.5377429245212264, 2.401171589037318, 1.875, 2.401171589037318, 3.1430727401700396, 1.7688714622606132, 0.9375, 1.7688714622606132, 3.0, 1.5, 0.0, 1.5, 3.1430727401700396, 1.7688714622606132, 0.9375, 1.7688714622606132, 1.4705138817717234, 3.473110997362451, 2.3048861143232218, 1.75, 3.5377429245212264, 2.401171589037318, 1.875, 2.401171589037318, 2.426717123321891, 3.8263069662534916, 2.809025631780529, 2.375, 2.809025631780529, 4.112196037398995, 3.1875, 2.8125, 3.1875, 4.242640687119285, 3.3541019662496847, 3.0, 3.3541019662496847, 3.4280036266698772, 4.705382556179678, 3.923088706618804, 3.625, 3.923088706618804, 4.802343178074636, 4.038873605350878, 3.75, 4.038873605350878, 5.202163011671203, 4.5069390943299865, 4.25, 4.5069390943299865, 10.720970723583312], [5.8576872569299905, 4.802343178074636, 4.038873605350878, 3.75, 5.316456971158232, 5.30661438678184, 4.112196037398995, 3.1875, 2.8125, 4.875, 3.5377429245212264, 2.401171589037318, 1.875, 4.5966190020492235, 3.1430727401700396, 1.7688714622606132, 0.9375, 4.5, 3.0, 1.5, 0.0, 4.5966190020492235, 3.1430727401700396, 1.7688714622606132, 0.9375, 2.415434894737491, 4.828301978956992, 3.473110997362451, 2.3048861143232218, 4.875, 3.5377429245212264, 2.401171589037318, 1.875, 3.5264211898637354, 5.088283109261905, 3.8263069662534916, 2.809025631780529, 2.375, 5.30661438678184, 4.112196037398995, 3.1875, 2.8125, 5.408326913195984, 4.242640687119285, 3.3541019662496847, 3.0, 3.187793537800121, 5.77846216566311, 4.705382556179678, 3.923088706618804, 3.625, 5.8576872569299905, 4.802343178074636, 4.038873605350878, 3.75, 6.189709201569974, 5.202163011671203, 4.5069390943299865, 4.25, 10.05832087158034], [4.6875, 4.921651780652508, 5.565308279870936, 6.4978962941862966, 9.570747425851733, 3.75, 4.038873605350878, 4.802343178074636, 5.8576872569299905, 2.8125, 3.1875, 4.112196037398995, 5.30661438678184, 1.875, 2.401171589037318, 3.5377429245212264, 4.875, 0.9375, 1.7688714622606132, 3.1430727401700396, 4.5966190020492235, 0.0, 1.5, 3.0, 4.5, 2.566597355728915, 0.8125, 1.7059180079945226, 3.108079189789089, 0.9375, 1.7688714622606132, 3.1430727401700396, 4.5966190020492235, 1.8711922222935669, 1.4375, 2.0775962673243327, 3.326620845542816, 4.724024370174226, 1.875, 2.401171589037318, 3.5377429245212264, 4.875, 2.0625, 2.5502757203878956, 3.6405914698026747, 4.950142043416532, 4.8317337546635155, 2.6875, 3.0777680630612827, 4.027735871429506, 5.241436468183126, 2.8125, 3.1875, 4.112196037398995, 5.30661438678184, 3.3125, 3.636297051947214, 4.469077785181189, 5.587723709168162, 11.80787384032251], [4.921651780652508, 4.6875, 4.921651780652508, 5.565308279870936, 8.27685465051973, 4.038873605350878, 3.75, 4.038873605350878, 4.802343178074636, 3.1875, 2.8125, 3.1875, 4.112196037398995, 2.401171589037318, 1.875, 2.401171589037318, 3.5377429245212264, 1.7688714622606132, 0.9375, 1.7688714622606132, 3.1430727401700396, 1.5, 0.0, 1.5, 3.0, 1.1222016933986647, 1.7059180079945226, 0.8125, 1.7059180079945226, 1.7688714622606132, 0.9375, 1.7688714622606132, 3.1430727401700396, 1.0237434954461138, 2.0775962673243327, 1.4375, 2.0775962673243327, 3.326620845542816, 2.401171589037318, 1.875, 2.401171589037318, 3.5377429245212264, 2.5502757203878956, 2.0625, 2.5502757203878956, 3.6405914698026747, 3.5716200597394416, 3.0777680630612827, 2.6875, 3.0777680630612827, 4.027735871429506, 3.1875, 2.8125, 3.1875, 4.112196037398995, 3.636297051947214, 3.3125, 3.636297051947214, 4.469077785181189, 10.800763404903881], [5.565308279870936, 4.921651780652508, 4.6875, 4.921651780652508, 7.064944410412061, 4.802343178074636, 4.038873605350878, 3.75, 4.038873605350878, 4.112196037398995, 3.1875, 2.8125, 3.1875, 3.5377429245212264, 2.401171589037318, 1.875, 2.401171589037318, 3.1430727401700396, 1.7688714622606132, 0.9375, 1.7688714622606132, 3.0, 1.5, 0.0, 1.5, 0.6566972627466955, 3.108079189789089, 1.7059180079945226, 0.8125, 3.1430727401700396, 1.7688714622606132, 0.9375, 1.7688714622606132, 1.759187640976515, 3.326620845542816, 2.0775962673243327, 1.4375, 2.0775962673243327, 3.5377429245212264, 2.401171589037318, 1.875, 2.401171589037318, 3.6405914698026747, 2.5502757203878956, 2.0625, 2.5502757203878956, 2.5821093366299483, 4.027735871429506, 3.0777680630612827, 2.6875, 3.0777680630612827, 4.112196037398995, 3.1875, 2.8125, 3.1875, 4.469077785181189, 3.636297051947214, 3.3125, 3.636297051947214, 9.919026949678537], [6.4978962941862966, 5.565308279870936, 4.921651780652508, 4.6875, 5.985027663979103, 5.8576872569299905, 4.802343178074636, 4.038873605350878, 3.75, 5.30661438678184, 4.112196037398995, 3.1875, 2.8125, 4.875, 3.5377429245212264, 2.401171589037318, 1.875, 4.5966190020492235, 3.1430727401700396, 1.7688714622606132, 0.9375, 4.5, 3.0, 1.5, 0.0, 2.0256272976861203, 4.572762430960086, 3.108079189789089, 1.7059180079945226, 4.5966190020492235, 3.1430727401700396, 1.7688714622606132, 0.9375, 3.1050654691746526, 4.724024370174226, 3.326620845542816, 2.0775962673243327, 1.4375, 4.875, 3.5377429245212264, 2.401171589037318, 1.875, 4.950142043416532, 3.6405914698026747, 2.5502757203878956, 2.0625, 2.253465642402815, 5.241436468183126, 4.027735871429506, 3.0777680630612827, 2.6875, 5.30661438678184, 4.112196037398995, 3.1875, 2.8125, 5.587723709168162, 4.469077785181189, 3.636297051947214, 3.3125, 9.198788024962164], [5.728991699623622, 5.2434016199971305, 5.16383338255803, 5.507911569465588, 7.719987987467213, 4.904990939112122, 4.32791529110774, 4.2311659647473485, 4.6448552265348955, 4.129689919496097, 3.4243617632224326, 3.3012373649363687, 3.8170777820060455, 3.436212165976271, 2.545480053710009, 2.3772638385479388, 3.0534076066421028, 2.884195168156794, 1.7293051848216874, 1.4705138817717234, 2.415434894737491, 2.566597355728915, 1.1222016933986647, 0.6566972627466955, 2.0256272976861203, 0.0, 2.5512660600301107, 1.086679880780783, 0.5939594409771666, 2.5717843426015174, 1.1340147084947758, 0.6766860522536747, 2.032195528866953, 1.1134209528742045, 2.710542286703039, 1.420899061241688, 1.091269351017283, 2.2051719775794933, 2.898023451124228, 1.7522712625327599, 1.4974542502962567, 2.431930074233734, 2.9943898321609885, 1.907428929523007, 1.6763650483750416, 2.5459996916036003, 2.504575739346867, 3.3714909826207284, 2.45741044600308, 2.2827134630428825, 2.980385110785081, 3.4555488191720922, 2.5715233415067056, 2.405129300088871, 3.075152289623744, 3.814286620698117, 3.0365600733509015, 2.897000471746769, 3.4734027102444043, 9.812298921848997], [5.5, 5.70087712549569, 6.264982043070834, 7.106335201775948, 9.978450640265251, 4.5625, 4.802749863359532, 5.460440115045673, 6.408307596393918, 3.625, 3.923088706618804, 4.705382556179678, 5.77846216566311, 2.6875, 3.0777680630612827, 4.027735871429506, 5.241436468183126, 1.75, 2.3048861143232218, 3.473110997362451, 4.828301978956992, 0.8125, 1.7059180079945226, 3.108079189789089, 4.572762430960086, 2.5512660600301107, 0.0, 1.5, 3.0, 0.125, 1.505199322349037, 3.0026030373660784, 4.501735776342277, 1.5816391722010008, 0.625, 1.625, 3.0644126680328156, 4.543195461346562, 1.0625, 1.8381801462315928, 3.182594264118504, 4.62373293454542, 1.25, 1.9525624189766635, 3.25, 4.670385423067351, 4.512367656736083, 1.875, 2.401171589037318, 3.5377429245212264, 4.875, 2.0, 2.5, 3.605551275463989, 4.924428900898052, 2.5, 2.9154759474226504, 3.905124837953327, 5.1478150704935, 11.247337063433672], [5.70087712549569, 5.5, 5.70087712549569, 6.264982043070834, 8.745089696314873, 4.802749863359532, 4.5625, 4.802749863359532, 5.460440115045673, 3.923088706618804, 3.625, 3.923088706618804, 4.705382556179678, 3.0777680630612827, 2.6875, 3.0777680630612827, 4.027735871429506, 2.3048861143232218, 1.75, 2.3048861143232218, 3.473110997362451, 1.7059180079945226, 0.8125, 1.7059180079945226, 3.108079189789089, 1.086679880780783, 1.5, 0.0, 1.5, 1.505199322349037, 0.125, 1.505199322349037, 3.0026030373660784, 0.2197109071870498, 1.625, 0.625, 1.625, 3.0644126680328156, 1.8381801462315928, 1.0625, 1.8381801462315928, 3.182594264118504, 1.9525624189766635, 1.25, 1.9525624189766635, 3.25, 3.1260647217766087, 2.401171589037318, 1.875, 2.401171589037318, 3.5377429245212264, 2.5, 2.0, 2.5, 3.605551275463989, 2.9154759474226504, 2.5, 2.9154759474226504, 3.905124837953327, 10.18494950985163], [6.264982043070834, 5.70087712549569, 5.5, 5.70087712549569, 7.608134489674527, 5.460440115045673, 4.802749863359532, 4.5625, 4.802749863359532, 4.705382556179678, 3.923088706618804, 3.625, 3.923088706618804, 4.027735871429506, 3.0777680630612827, 2.6875, 3.0777680630612827, 3.473110997362451, 2.3048861143232218, 1.75, 2.3048861143232218, 3.108079189789089, 1.7059180079945226, 0.8125, 1.7059180079945226, 0.5939594409771666, 3.0, 1.5, 0.0, 3.0026030373660784, 1.505199322349037, 0.125, 1.505199322349037, 1.447398802829837, 3.0644126680328156, 1.625, 0.625, 1.625, 3.182594264118504, 1.8381801462315928, 1.0625, 1.8381801462315928, 3.25, 1.9525624189766635, 1.25, 1.9525624189766635, 1.9191402814579879, 3.5377429245212264, 2.401171589037318, 1.875, 2.401171589037318, 3.605551275463989, 2.5, 2.0, 2.5, 3.905124837953327, 2.9154759474226504, 2.5, 2.9154759474226504, 9.244663434542396], [5.625, 5.821565511097509, 6.375, 7.203514767111955, 10.045539318616287, 4.6875, 4.921651780652508, 5.565308279870936, 6.4978962941862966, 3.75, 4.038873605350878, 4.802343178074636, 5.8576872569299905, 2.8125, 3.1875, 4.112196037398995, 5.30661438678184, 1.875, 2.401171589037318, 3.5377429245212264, 4.875, 0.9375, 1.7688714622606132, 3.1430727401700396, 4.5966190020492235, 2.5717843426015174, 0.125, 1.505199322349037, 3.0026030373660784, 0.0, 1.5, 3.0, 4.5, 1.5700184687807908, 0.5, 1.5811388300841898, 3.0413812651491097, 4.527692569068709, 0.9375, 1.7688714622606132, 3.1430727401700396, 4.5966190020492235, 1.125, 1.875, 3.204001404494074, 4.638493828819868, 4.4743204330718775, 1.75, 2.3048861143232218, 3.473110997362451, 4.828301978956992, 1.875, 2.401171589037318, 3.5377429245212264, 4.875, 2.375, 2.809025631780529, 3.8263069662534916, 5.088283109261905, 11.163851463607497], [5.821565511097509, 5.625, 5.821565511097509, 6.375, 8.821563173171086, 4.921651780652508, 4.6875, 4.921651780652508, 5.565308279870936, 4.038873605350878, 3.75, 4.038873605350878, 4.802343178074636, 3.1875, 2.8125, 3.1875, 4.112196037398995, 2.401171589037318, 1.875, 2.401171589037318, 3.5377429245212264, 1.7688714622606132, 0.9375, 1.7688714622606132, 3.1430727401700396, 1.1340147084947758, 1.505199322349037, 0.125, 1.505199322349037, 1.5, 0.0, 1.5, 3.0, 0.10792777218616462, 1.5811388300841898, 0.5, 1.5811388300841898, 3.0413812651491097, 1.7688714622606132, 0.9375, 1.7688714622606132, 3.1430727401700396, 1.875, 1.125, 1.875, 3.204001404494074, 3.070889466096573, 2.3048861143232218, 1.75, 2.3048861143232218, 3.473110997362451, 2.401171589037318, 1.875, 2.401171589037318, 3.5377429245212264, 2.809025631780529, 2.375, 2.809025631780529, 3.8263069662534916, 10.09267977304489], [6.375, 5.821565511097509, 5.625, 5.821565511097509, 7.6959140740155645, 5.565308279870936, 4.921651780652508, 4.6875, 4.921651780652508, 4.802343178074636, 4.038873605350878, 3.75, 4.038873605350878, 4.112196037398995, 3.1875, 2.8125, 3.1875, 3.5377429245212264, 2.401171589037318, 1.875, 2.401171589037318, 3.1430727401700396, 1.7688714622606132, 0.9375, 1.7688714622606132, 0.6766860522536747, 3.0026030373660784, 1.505199322349037, 0.125, 3.0, 1.5, 0.0, 1.5, 1.4346911917570826, 3.0413812651491097, 1.5811388300841898, 0.5, 1.5811388300841898, 3.1430727401700396, 1.7688714622606132, 0.9375, 1.7688714622606132, 3.204001404494074, 1.875, 1.125, 1.875, 1.8278897363247255, 3.473110997362451, 2.3048861143232218, 1.75, 2.3048861143232218, 3.5377429245212264, 2.401171589037318, 1.875, 2.401171589037318, 3.8263069662534916, 2.809025631780529, 2.375, 2.809025631780529, 9.142909301801462], [7.203514767111955, 6.375, 5.821565511097509, 5.625, 6.7181999115100295, 6.4978962941862966, 5.565308279870936, 4.921651780652508, 4.6875, 5.8576872569299905, 4.802343178074636, 4.038873605350878, 3.75, 5.30661438678184, 4.112196037398995, 3.1875, 2.8125, 4.875, 3.5377429245212264, 2.401171589037318, 1.875, 4.5966190020492235, 3.1430727401700396, 1.7688714622606132, 0.9375, 2.032195528866953, 4.501735776342277, 3.0026030373660784, 1.505199322349037, 4.5, 3.0, 1.5, 0.0, 2.933433010552933, 4.527692569068709, 3.0413812651491097, 1.5811388300841898, 0.5, 4.5966190020492235, 3.1430727401700396, 1.7688714622606132, 0.9375, 4.638493828819868, 3.204001404494074, 1.875, 1.125, 1.3236312414489368, 4.828301978956992, 3.473110997362451, 2.3048861143232218, 1.75, 4.875, 3.5377429245212264, 2.401171589037318, 1.875, 5.088283109261905, 3.8263069662534916, 2.809025631780529, 2.375, 8.356039492529096], [5.920351301660039, 5.709400138960661, 5.885910325383858, 6.4179927368419945, 8.820610884694883, 5.022459028664004, 4.77197916029658, 4.981814480488123, 5.600461224729392, 4.142154313174416, 3.8345968192035134, 4.092776951843576, 4.826749795591054, 3.293569873813254, 2.8972906180406794, 3.231251048291177, 4.121610577041349, 2.509098478185162, 1.960169784719524, 2.426717123321891, 3.5264211898637354, 1.8711922222935669, 1.0237434954461138, 1.759187640976515, 3.1050654691746526, 1.1134209528742045, 1.5816391722010008, 0.2197109071870498, 1.447398802829837, 1.5700184687807908, 0.10792777218616462, 1.4346911917570826, 2.933433010552933, 0.0, 1.6220234515571061, 0.4214860485206095, 1.491422442098082, 2.9615926986150702, 1.7850400981080567, 0.8561883925573334, 1.6672579210326757, 3.053921968050672, 1.8819106471248281, 1.0432056822401221, 1.7705842276362818, 3.111536424156185, 2.974219773597573, 2.2876768325360883, 1.6673798912721238, 2.197008446391349, 3.372467423891774, 2.3802501573142396, 1.792283800934091, 2.2932447830066116, 3.4359368513526745, 2.776075088408617, 2.2920042120771074, 2.7018463538616495, 3.721110604587262, 9.984987744045258], [6.125, 6.30599912781472, 6.82023643285187, 7.600370056780131, 10.324673955553697, 5.1875, 5.400014467573212, 5.992508343757228, 6.8673252617012395, 4.25, 4.5069390943299865, 5.202163011671203, 6.189709201569974, 3.3125, 3.636297051947214, 4.469077785181189, 5.587723709168162, 2.375, 2.809025631780529, 3.8263069662534916, 5.088283109261905, 1.4375, 2.0775962673243327, 3.326620845542816, 4.724024370174226, 2.710542286703039, 0.625, 1.625, 3.0644126680328156, 0.5, 1.5811388300841898, 3.0413812651491097, 4.527692569068709, 1.6220234515571061, 0.0, 1.5, 3.0, 4.5, 0.4375, 1.5625, 3.031733208908726, 4.521217341601706, 0.625, 1.625, 3.0644126680328156, 4.543195461346562, 4.3548098937601205, 1.25, 1.9525624189766635, 3.25, 4.670385423067351, 1.375, 2.0348525745124633, 3.3000946956110213, 4.705382556179678, 1.875, 2.401171589037318, 3.5377429245212264, 4.875, 10.837898017304886], [6.30599912781472, 6.125, 6.30599912781472, 6.82023643285187, 9.138162227979505, 5.400014467573212, 5.1875, 5.400014467573212, 5.992508343757228, 4.5069390943299865, 4.25, 4.5069390943299865, 5.202163011671203, 3.636297051947214, 3.3125, 3.636297051947214, 4.469077785181189, 2.809025631780529, 2.375, 2.809025631780529, 3.8263069662534916, 2.0775962673243327, 1.4375, 2.0775962673243327, 3.326620845542816, 1.420899061241688, 1.625, 0.625, 1.625, 1.5811388300841898, 0.5, 1.5811388300841898, 3.0413812651491097, 0.4214860485206095, 1.5, 0.0, 1.5, 3.0, 1.5625, 0.4375, 1.5625, 3.031733208908726, 1.625, 0.625, 1.625, 3.0644126680328156, 2.893991704543988, 1.9525624189766635, 1.25, 1.9525624189766635, 3.25, 2.0348525745124633, 1.375, 2.0348525745124633, 3.3000946956110213, 2.401171589037318, 1.875, 2.401171589037318, 3.5377429245212264, 9.730911516052306], [6.82023643285187, 6.30599912781472, 6.125, 6.30599912781472, 8.056868220422492, 5.992508343757228, 5.400014467573212, 5.1875, 5.400014467573212, 5.202163011671203, 4.5069390943299865, 4.25, 4.5069390943299865, 4.469077785181189, 3.636297051947214, 3.3125, 3.636297051947214, 3.8263069662534916, 2.809025631780529, 2.375, 2.809025631780529, 3.326620845542816, 2.0775962673243327, 1.4375, 2.0775962673243327, 1.091269351017283, 3.0644126680328156, 1.625, 0.625, 3.0413812651491097, 1.5811388300841898, 0.5, 1.5811388300841898, 1.491422442098082, 3.0, 1.5, 0.0, 1.5, 3.031733208908726, 1.5625, 0.4375, 1.5625, 3.0644126680328156, 1.625, 0.625, 1.625, 1.5119546161005606, 3.25, 1.9525624189766635, 1.25, 1.9525624189766635, 3.3000946956110213, 2.0348525745124633, 1.375, 2.0348525745124633, 3.5377429245212264, 2.401171589037318, 1.875, 2.401171589037318, 8.74192452684062], [7.600370056780131, 6.82023643285187, 6.30599912781472, 6.125, 7.12883175125044, 6.8673252617012395, 5.992508343757228, 5.400014467573212, 5.1875, 6.189709201569974, 5.202163011671203, 4.5069390943299865, 4.25, 5.587723709168162, 4.469077785181189, 3.636297051947214, 3.3125, 5.088283109261905, 3.8263069662534916, 2.809025631780529, 2.375, 4.724024370174226, 3.326620845542816, 2.0775962673243327, 1.4375, 2.2051719775794933, 4.543195461346562, 3.0644126680328156, 1.625, 4.527692569068709, 3.0413812651491097, 1.5811388300841898, 0.5, 2.9615926986150702, 4.5, 3.0, 1.5, 0.0, 4.521217341601706, 3.031733208908726, 1.5625, 0.4375, 4.543195461346562, 3.0644126680328156, 1.625, 0.625, 0.8347607659240894, 4.670385423067351, 3.25, 1.9525624189766635, 1.25, 4.705382556179678, 3.3000946956110213, 2.0348525745124633, 1.375, 4.875, 3.5377429245212264, 2.401171589037318, 1.875, 7.915292157129503], [6.5625, 6.731746151631091, 7.215705526835197, 7.957160690221104, 10.582264720478504, 5.625, 5.821565511097509, 6.375, 7.203514767111955, 4.6875, 4.921651780652508, 5.565308279870936, 6.4978962941862966, 3.75, 4.038873605350878, 4.802343178074636, 5.8576872569299905, 2.8125, 3.1875, 4.112196037398995, 5.30661438678184, 1.875, 2.401171589037318, 3.5377429245212264, 4.875, 2.898023451124228, 1.0625, 1.8381801462315928, 3.182594264118504, 0.9375, 1.7688714622606132, 3.1430727401700396, 4.5966190020492235, 1.7850400981080567, 0.4375, 1.5625, 3.031733208908726, 4.521217341601706, 0.0, 1.5, 3.0, 4.5, 0.1875, 1.511673327805978, 3.0058536641027622, 4.503904556049117, 4.295491601627716, 0.8125, 1.7059180079945226, 3.108079189789089, 4.572762430960086, 0.9375, 1.7688714622606132, 3.1430727401700396, 4.5966190020492235, 1.4375, 2.0775962673243327, 3.326620845542816, 4.724024370174226, 10.563857575431895], [6.731746151631091, 6.5625, 6.731746151631091, 7.215705526835197, 9.42822587927689, 5.821565511097509, 5.625, 5.821565511097509, 6.375, 4.921651780652508, 4.6875, 4.921651780652508, 5.565308279870936, 4.038873605350878, 3.75, 4.038873605350878, 4.802343178074636, 3.1875, 2.8125, 3.1875, 4.112196037398995, 2.401171589037318, 1.875, 2.401171589037318, 3.5377429245212264, 1.7522712625327599, 1.8381801462315928, 1.0625, 1.8381801462315928, 1.7688714622606132, 0.9375, 1.7688714622606132, 3.1430727401700396, 0.8561883925573334, 1.5625, 0.4375, 1.5625, 3.031733208908726, 1.5, 0.0, 1.5, 3.0, 1.511673327805978, 0.1875, 1.511673327805978, 3.0058536641027622, 2.8039377444644913, 1.7059180079945226, 0.8125, 1.7059180079945226, 3.108079189789089, 1.7688714622606132, 0.9375, 1.7688714622606132, 3.1430727401700396, 2.0775962673243327, 1.4375, 2.0775962673243327, 3.326620845542816, 9.42473831858201], [7.215705526835197, 6.731746151631091, 6.5625, 6.731746151631091, 8.384423644297147, 6.375, 5.821565511097509, 5.625, 5.821565511097509, 5.565308279870936, 4.921651780652508, 4.6875, 4.921651780652508, 4.802343178074636, 4.038873605350878, 3.75, 4.038873605350878, 4.112196037398995, 3.1875, 2.8125, 3.1875, 3.5377429245212264, 2.401171589037318, 1.875, 2.401171589037318, 1.4974542502962567, 3.182594264118504, 1.8381801462315928, 1.0625, 3.1430727401700396, 1.7688714622606132, 0.9375, 1.7688714622606132, 1.6672579210326757, 3.031733208908726, 1.5625, 0.4375, 1.5625, 3.0, 1.5, 0.0, 1.5, 3.0058536641027622, 1.511673327805978, 0.1875, 1.511673327805978, 1.3314975215940121, 3.108079189789089, 1.7059180079945226, 0.8125, 1.7059180079945226, 3.1430727401700396, 1.7688714622606132, 0.9375, 1.7688714622606132, 3.326620845542816, 2.0775962673243327, 1.4375, 2.0775962673243327, 8.399779632435976], [7.957160690221104, 7.215705526835197, 6.731746151631091, 6.5625, 7.497044515236093, 7.203514767111955, 6.375, 5.821565511097509, 5.625, 6.4978962941862966, 5.565308279870936, 4.921651780652508, 4.6875, 5.8576872569299905, 4.802343178074636, 4.038873605350878, 3.75, 5.30661438678184, 4.112196037398995, 3.1875, 2.8125, 4.875, 3.5377429245212264, 2.401171589037318, 1.875, 2.431930074233734, 4.62373293454542, 3.182594264118504, 1.8381801462315928, 4.5966190020492235, 3.1430727401700396, 1.7688714622606132, 0.9375, 3.053921968050672, 4.521217341601706, 3.031733208908726, 1.5625, 0.4375, 4.5, 3.0, 1.5, 0.0, 4.503904556049117, 3.0058536641027622, 1.511673327805978, 0.1875, 0.428607542151764, 4.572762430960086, 3.108079189789089, 1.7059180079945226, 0.8125, 4.5966190020492235, 3.1430727401700396, 1.7688714622606132, 0.9375, 4.724024370174226, 3.326620845542816, 2.0775962673243327, 1.4375, 7.535708551504928], [6.75, 6.914658342969665, 7.386643351347079, 8.112490369793976, 10.696240339332677, 5.8125, 6.0029289725932955, 6.541036328442153, 7.350860918967247, 4.875, 5.100551440775791, 5.724126570927655, 6.634427254857799, 3.9375, 4.2135384476707936, 4.950142043416532, 5.97945701966324, 3.0, 3.3541019662496847, 4.242640687119285, 5.408326913195984, 2.0625, 2.5502757203878956, 3.6405914698026747, 4.950142043416532, 2.9943898321609885, 1.25, 1.9525624189766635, 3.25, 1.125, 1.875, 3.204001404494074, 4.638493828819868, 1.8819106471248281, 0.625, 1.625, 3.0644126680328156, 4.543195461346562, 0.1875, 1.511673327805978, 3.0058536641027622, 4.503904556049117, 0.0, 1.5, 3.0, 4.5, 4.283518011170746, 0.625, 1.625, 3.0644126680328156, 4.543195461346562, 0.75, 1.6770509831248424, 3.092329219213245, 4.562071897723665, 1.25, 1.9525624189766635, 3.25, 4.670385423067351, 10.449819417028868], [6.914658342969665, 6.75, 6.914658342969665, 7.386643351347079, 9.55597582736322, 6.0029289725932955, 5.8125, 6.0029289725932955, 6.541036328442153, 5.100551440775791, 4.875, 5.100551440775791, 5.724126570927655, 4.2135384476707936, 3.9375, 4.2135384476707936, 4.950142043416532, 3.3541019662496847, 3.0, 3.3541019662496847, 4.242640687119285, 2.5502757203878956, 2.0625, 2.5502757203878956, 3.6405914698026747, 1.907428929523007, 1.9525624189766635, 1.25, 1.9525624189766635, 1.875, 1.125, 1.875, 3.2