totalHoles = 60;
zeroHoleID = 9;
C = [[0.0, 3.0, 3.5, 4.0, 4.5, 1.61631806171357, 0.7808532309241765, 3.204001404494074, 3.6763602924631855, 4.155192534648665, 4.638493828819868, 2.7950849718747373, 3.0516389039334255, 3.75, 4.16082924427331, 4.589389937671455, 5.031152949374527, 4.5155979670471105, 4.862162584694181, 5.23360535386458, 5.625, 4.5, 5.408326913195984, 5.70087712549569, 6.020797289396148, 6.363961030678928, 5.0, 5.830951894845301, 6.103277807866851, 6.4031242374328485, 8.11145023203536, 6.167667586437366, 6.425739137001293, 6.711193892057517, 6.510200922351223, 6.755199186506843, 7.027283689263065, 6.857680203813661, 7.090682462060882, 7.350359023733316, 7.209390310003704, 7.431373267571432, 7.679538309167765, 9.831001764558216, 7.564741148378793, 7.7765872104654825, 8.014069418340181, 7.923242882669809, 8.125747828832605, 8.353309390761112, 8.284486468658315, 8.478367534459846, 8.696707195794435, 8.648128321017797, 8.8340321177133, 9.043789220055391, 8.5, 9.013878188659973, 9.192388155425117, 12.971684136150072], [3.0, 0.0, 0.5, 1.0, 1.5, 1.416678452220856, 2.4582948956000887, 1.125, 1.231107225224513, 1.505199322349037, 1.875, 1.346291201783626, 1.8200274723201295, 2.25, 2.3048861143232218, 2.462214450449026, 2.704163456597992, 3.375, 3.4118360159890453, 3.5200319600821808, 3.6933216756735394, 5.408326913195984, 4.5, 4.527692569068709, 4.6097722286464435, 4.743416490252569, 5.830951894845301, 5.0, 5.024937810560445, 5.0990195135927845, 6.164975312595365, 5.388888888888889, 5.412035056870025, 5.480887104911953, 5.777777777777778, 5.799372039228275, 5.86367768975945, 6.166666666666667, 6.1869037310901955, 6.24722160466377, 6.555555555555555, 6.574595701788461, 6.631388138389677, 7.889643692662901, 6.944444444444445, 6.962421176715418, 7.016075016843486, 7.333333333333334, 7.350359023733316, 7.40120110372484, 7.722222222222221, 7.738392342688674, 7.786701230263217, 8.11111111111111, 8.1265074574992, 8.172522465970351, 9.013878188659973, 8.5, 8.514693182963201, 11.875749311386189], [3.5, 0.5, 0.0, 0.5, 1.0, 1.9120826682915955, 2.9493718197804264, 1.231107225224513, 1.125, 1.231107225224513, 1.505199322349037, 1.6007810593582121, 2.0155644370746373, 2.3048861143232218, 2.25, 2.3048861143232218, 2.462214450449026, 3.4118360159890453, 3.375, 3.4118360159890453, 3.5200319600821808, 5.70087712549569, 4.527692569068709, 4.5, 4.527692569068709, 4.6097722286464435, 6.103277807866851, 5.024937810560445, 5.0, 5.024937810560445, 5.926674438046822, 5.412035056870025, 5.388888888888889, 5.412035056870025, 5.799372039228275, 5.777777777777778, 5.799372039228275, 6.1869037310901955, 6.166666666666667, 6.1869037310901955, 6.574595701788461, 6.555555555555555, 6.574595701788461, 7.633006697729296, 6.962421176715418, 6.944444444444445, 6.962421176715418, 7.350359023733316, 7.333333333333334, 7.350359023733316, 7.738392342688674, 7.722222222222221, 7.738392342688674, 8.1265074574992, 8.11111111111111, 8.1265074574992, 9.192388155425117, 8.514693182963201, 8.5, 11.7577588753142], [4.0, 1.0, 0.5, 0.0, 0.5, 2.4093863168398992, 3.4430182208196864, 1.505199322349037, 1.231107225224513, 1.125, 1.231107225224513, 1.9525624189766635, 2.3048861143232218, 2.462214450449026, 2.3048861143232218, 2.25, 2.3048861143232218, 3.5200319600821808, 3.4118360159890453, 3.375, 3.4118360159890453, 6.020797289396148, 4.6097722286464435, 4.527692569068709, 4.5, 4.527692569068709, 6.4031242374328485, 5.0990195135927845, 5.024937810560445, 5.0, 5.7222390009754855, 5.480887104911953, 5.412035056870025, 5.388888888888889, 5.86367768975945, 5.799372039228275, 5.777777777777778, 6.24722160466377, 6.1869037310901955, 6.166666666666667, 6.631388138389677, 6.574595701788461, 6.555555555555555, 7.4012907589139525, 7.016075016843486, 6.962421176715418, 6.944444444444445, 7.40120110372484, 7.350359023733316, 7.333333333333334, 7.786701230263217, 7.738392342688674, 7.722222222222221, 8.172522465970351, 8.1265074574992, 8.11111111111111, 9.394147114027968, 8.558621384311845, 8.514693182963201, 11.660032840141156], [4.5, 1.5, 1.0, 0.5, 0.0, 2.907614953388699, 3.9382679957663895, 1.875, 1.505199322349037, 1.231107225224513, 1.125, 2.358495283014151, 2.6575364531836625, 2.704163456597992, 2.462214450449026, 2.3048861143232218, 2.25, 3.6933216756735394, 3.5200319600821808, 3.4118360159890453, 3.375, 6.363961030678928, 4.743416490252569, 4.6097722286464435, 4.527692569068709, 4.5, 6.726812023536855, 5.220153254455275, 5.0990195135927845, 5.024937810560445, 5.555408938500588, 5.5937575436186115, 5.480887104911953, 5.412035056870025, 5.969314537648583, 5.86367768975945, 5.799372039228275, 6.346477588219924, 6.24722160466377, 6.1869037310901955, 6.724976478916139, 6.631388138389677, 6.574595701788461, 7.196903399962366, 7.104597711480595, 7.016075016843486, 6.962421176715418, 7.485170524295207, 7.40120110372484, 7.350359023733316, 7.866556810281274, 7.786701230263217, 7.738392342688674, 8.24864373438386, 8.172522465970351, 8.1265074574992, 9.617692030835672, 8.631338250816034, 8.558621384311845, 11.583084127136026], [1.61631806171357, 1.416678452220856, 1.9120826682915955, 2.4093863168398992, 2.907614953388699, 0.0, 1.0457348962188648, 1.6648645580478778, 2.1025832421186523, 2.563189143124715, 3.036284057334992, 1.3652542086815687, 1.7723793213121084, 2.463294573594687, 2.777931325590188, 3.1410165142974793, 3.5376640649563824, 3.4489297348537136, 3.6802443681571386, 3.9614745869116166, 4.282798523879076, 4.567183893303379, 4.5004069233365085, 4.680036834150925, 4.904266210393114, 5.167292265374377, 5.038509513689722, 4.978059047450845, 5.141026568040807, 5.345955150082693, 6.812642515349218, 5.352389122421254, 5.504284841031357, 5.6961595750647485, 5.728659170479772, 5.870827725705824, 6.051090850277365, 6.106510591248743, 6.240076433380228, 6.4099638211008285, 6.485667000883303, 6.611577628655724, 6.772151876112575, 8.551971146199355, 6.86591220650706, 6.984971919833098, 7.137150342696383, 7.2470748267408664, 7.3599711845750715, 7.504549162419393, 7.629017354620586, 7.736342035516289, 7.874012343392062, 8.011628248091991, 8.113893607819847, 8.24526238347901, 8.430803280209192, 8.394816121270999, 8.49246842816302, 12.100901605957338], [0.7808532309241765, 2.4582948956000887, 2.9493718197804264, 3.4430182208196864, 3.9382679957663895, 1.0457348962188648, 0.0, 2.4838551455681017, 2.9707098009981703, 3.461314354306474, 3.954273308322213, 2.0455419550732707, 2.275496706982933, 2.971045098041566, 3.3886117086763234, 3.8259991701201046, 4.277131046313777, 3.74378572637758, 4.083076279303383, 4.452762315708241, 4.84589234071217, 4.03763818710536, 4.662188773039996, 4.93878370583706, 5.248539304475398, 5.585941744075439, 4.5327878290845085, 5.097023398905029, 5.351189388030182, 5.638333814536727, 7.330626051164397, 5.442971436088277, 5.681682707759588, 5.952906746223713, 5.794367758001113, 6.019159247980094, 6.275815356599153, 6.150278571874226, 6.362507905632553, 6.605837356975888, 6.509963474870667, 6.710827428993508, 6.941958305789014, 9.050773048040478, 6.87282994933292, 7.063382465223655, 7.283333864900775, 7.238399527281386, 7.4195692633823995, 7.629258705255072, 7.606282472827951, 7.778888956273327, 7.97914116503854, 7.976158695271456, 8.140926720572782, 8.332482715692688, 8.015713886995531, 8.347763241950608, 8.505335471411058, 12.250268409420682], [3.204001404494074, 1.125, 1.231107225224513, 1.505199322349037, 1.875, 1.6648645580478778, 2.4838551455681017, 0.0, 0.5, 1.0, 1.5, 0.5153882032022076, 0.8003905296791061, 1.125, 1.231107225224513, 1.505199322349037, 1.875, 2.25, 2.3048861143232218, 2.462214450449026, 2.704163456597992, 4.5155979670471105, 3.375, 3.4118360159890453, 3.5200319600821808, 3.6933216756735394, 4.900573945978165, 3.875, 3.907124902021946, 4.00195264839553, 5.227238357806678, 4.263888888888889, 4.293104757257867, 4.3795831373305525, 4.652777777777778, 4.6795663313369875, 4.759027321773086, 5.041666666666667, 5.066399389880133, 5.139883537374926, 5.430555555555555, 5.453524882310092, 5.521859618097449, 6.96654258286028, 5.819444444444445, 5.840884662615357, 5.904738236533039, 6.208333333333334, 6.228435018347529, 6.288354536584096, 6.597222222222221, 6.616142459876654, 6.6725812883308295, 6.986111111111111, 7.0039809006585765, 7.057318786677425, 7.9618229696470895, 7.375, 7.391929720986259, 10.792035513933213], [3.6763602924631855, 1.231107225224513, 1.125, 1.231107225224513, 1.505199322349037, 2.1025832421186523, 2.9707098009981703, 0.5, 0.0, 0.5, 1.0, 1.0077822185373186, 1.1792476415070754, 1.231107225224513, 1.125, 1.231107225224513, 1.505199322349037, 2.3048861143232218, 2.25, 2.3048861143232218, 2.462214450449026, 4.862162584694181, 3.4118360159890453, 3.375, 3.4118360159890453, 3.5200319600821808, 5.2216496435513555, 3.907124902021946, 3.875, 3.907124902021946, 4.943942772627203, 4.293104757257867, 4.263888888888889, 4.293104757257867, 4.6795663313369875, 4.652777777777778, 4.6795663313369875, 5.066399389880133, 5.041666666666667, 5.066399389880133, 5.453524882310092, 5.430555555555555, 5.453524882310092, 6.674505914988042, 5.840884662615357, 5.819444444444445, 5.840884662615357, 6.228435018347529, 6.208333333333334, 6.228435018347529, 6.616142459876654, 6.597222222222221, 6.616142459876654, 7.0039809006585765, 6.986111111111111, 7.0039809006585765, 8.163370933627847, 7.391929720986259, 7.375, 10.662059022399756], [4.155192534648665, 1.505199322349037, 1.231107225224513, 1.125, 1.231107225224513, 2.563189143124715, 3.461314354306474, 1.0, 0.5, 0.0, 0.5, 1.505199322349037, 1.625, 1.505199322349037, 1.231107225224513, 1.125, 1.231107225224513, 2.462214450449026, 2.3048861143232218, 2.25, 2.3048861143232218, 5.23360535386458, 3.5200319600821808, 3.4118360159890453, 3.375, 3.4118360159890453, 5.569167352486366, 4.00195264839553, 3.907124902021946, 3.875, 4.696926593922888, 4.3795831373305525, 4.293104757257867, 4.263888888888889, 4.759027321773086, 4.6795663313369875, 4.652777777777778, 5.139883537374926, 5.066399389880133, 5.041666666666667, 5.521859618097449, 5.453524882310092, 5.430555555555555, 6.408224626182758, 5.904738236533039, 5.840884662615357, 5.819444444444445, 6.288354536584096, 6.228435018347529, 6.208333333333334, 6.6725812883308295, 6.616142459876654, 6.597222222222221, 7.057318786677425, 7.0039809006585765, 6.986111111111111, 8.389912097274918, 7.442487823302098, 7.391929720986259, 10.554192278913455], [4.638493828819868, 1.875, 1.505199322349037, 1.231107225224513, 1.125, 3.036284057334992, 3.954273308322213, 1.5, 1.0, 0.5, 0.0, 2.003902442735175, 2.0953818267800264, 1.875, 1.505199322349037, 1.231107225224513, 1.125, 2.704163456597992, 2.462214450449026, 2.3048861143232218, 2.25, 5.625, 3.6933216756735394, 3.5200319600821808, 3.4118360159890453, 3.375, 5.938486760109852, 4.155192534648665, 4.00195264839553, 3.907124902021946, 4.49217861603781, 4.5200385459407455, 4.3795831373305525, 4.293104757257867, 4.888592951901673, 4.759027321773086, 4.6795663313369875, 5.260076309121169, 5.139883537374926, 5.066399389880133, 5.633909268170309, 5.521859618097449, 5.453524882310092, 6.171033666252351, 6.009653371199982, 5.904738236533039, 5.840884662615357, 6.386971330589937, 6.288354536584096, 6.228435018347529, 6.765599829237812, 6.6725812883308295, 6.616142459876654, 7.145330535167013, 7.057318786677425, 7.0039809006585765, 8.639480597813737, 7.525996611745184, 7.442487823302098, 10.469118717610224], [2.7950849718747373, 1.346291201783626, 1.6007810593582121, 1.9525624189766635, 2.358495283014151, 1.3652542086815687, 2.0455419550732707, 0.5153882032022076, 1.0077822185373186, 1.505199322349037, 2.003902442735175, 0.0, 0.5, 1.118033988749895, 1.4142135623730951, 1.8027756377319946, 2.23606797749979, 2.1830311495716224, 2.348536778506992, 2.6010815058356016, 2.918154382482188, 4.100304866714182, 3.2882366094914763, 3.400367627183861, 3.5794552658190883, 3.816084380618437, 4.5069390943299865, 3.783186487605389, 3.881043674065006, 4.038873605350878, 5.447451945442612, 4.168980838834344, 4.257980887059958, 4.4023177116796, 4.555301483429859, 4.636892451301655, 4.769776892574565, 4.942025001060912, 5.0173310744967905, 5.140390171097046, 5.329063684465257, 5.398973953732915, 5.513521538280813, 7.186716953575125, 5.716353516960283, 5.781582614722737, 5.888692344728514, 6.103846692409996, 6.16497724606056, 6.2655362455614645, 6.4915067968713664, 6.549019811683818, 6.643768546075876, 6.879305610235116, 6.933602647903349, 7.023164933205851, 7.668930825088983, 7.267220926874317, 7.318640584152224, 10.825124505646853], [3.0516389039334255, 1.8200274723201295, 2.0155644370746373, 2.3048861143232218, 2.6575364531836625, 1.7723793213121084, 2.275496706982933, 0.8003905296791061, 1.1792476415070754, 1.625, 2.0953818267800264, 0.5, 0.0, 0.7071067811865476, 1.118033988749895, 1.5811388300841898, 2.0615528128088303, 1.7001838135919305, 1.9080421903092184, 2.2114757516192665, 2.576941016011038, 3.7165171868296265, 2.7950849718747373, 2.9261749776799064, 3.132491021535417, 3.400367627183861, 4.100304866714182, 3.2882366094914763, 3.400367627183861, 3.5794552658190883, 5.0856933893993155, 3.6730794091169625, 3.7737928329041877, 3.9359258562222705, 4.058693610900002, 4.150059496821761, 4.298022083140162, 4.44487845103153, 4.528459389731175, 4.664433989718844, 4.831497096918393, 4.908499179742304, 5.034219323542715, 6.818459886251255, 5.218453131572589, 5.289825430618647, 5.4066859615128156, 5.605676686280713, 5.672178691747212, 5.781315690317483, 5.993115906738741, 6.055364421040647, 6.1577137211472355, 6.380731507272597, 6.439234004747865, 6.5355745400003835, 7.198090024443984, 6.768493185340442, 6.823672031978091, 10.353881829070621], [3.75, 2.25, 2.3048861143232218, 2.462214450449026, 2.704163456597992, 2.463294573594687, 2.971045098041566, 1.125, 1.231107225224513, 1.505199322349037, 1.875, 1.118033988749895, 0.7071067811865476, 0.0, 0.5, 1.0, 1.5, 1.125, 1.231107225224513, 1.505199322349037, 1.875, 3.75, 2.25, 2.3048861143232218, 2.462214450449026, 2.704163456597992, 4.0697051490249265, 2.75, 2.7950849718747373, 2.9261749776799064, 4.378626621869076, 3.1388888888888893, 3.1784624359570657, 3.294332019816783, 3.5277777777777777, 3.563034668563122, 3.666771884012246, 3.916666666666667, 3.9484525801607115, 4.042310945211635, 4.305555555555555, 4.334490586213714, 4.4201593457674475, 6.111481286925097, 4.694444444444445, 4.7209965729679695, 4.799771728111172, 5.083333333333334, 5.107864306907318, 5.180760347456518, 5.472222222222221, 5.495017383901775, 5.562842443336204, 5.861111111111111, 5.882399464231422, 5.945807216584652, 6.932712311931024, 6.25, 6.269968101992227, 9.717710088343955], [4.16082924427331, 2.3048861143232218, 2.25, 2.3048861143232218, 2.462214450449026, 2.777931325590188, 3.3886117086763234, 1.231107225224513, 1.125, 1.231107225224513, 1.505199322349037, 1.4142135623730951, 1.118033988749895, 0.5, 0.0, 0.5, 1.0, 1.231107225224513, 1.125, 1.231107225224513, 1.505199322349037, 4.16082924427331, 2.3048861143232218, 2.25, 2.3048861143232218, 2.462214450449026, 4.451123453691214, 2.7950849718747373, 2.75, 2.7950849718747373, 4.036201231780683, 3.1784624359570657, 3.1388888888888893, 3.1784624359570657, 3.563034668563122, 3.5277777777777777, 3.563034668563122, 3.9484525801607115, 3.916666666666667, 3.9484525801607115, 4.334490586213714, 4.305555555555555, 4.334490586213714, 5.776375781650674, 4.7209965729679695, 4.694444444444445, 4.7209965729679695, 5.107864306907318, 5.083333333333334, 5.107864306907318, 5.495017383901775, 5.472222222222221, 5.495017383901775, 5.882399464231422, 5.861111111111111, 5.882399464231422, 7.163274390947201, 6.269968101992227, 6.25, 9.573158382908026], [4.589389937671455, 2.462214450449026, 2.3048861143232218, 2.25, 2.3048861143232218, 3.1410165142974793, 3.8259991701201046, 1.505199322349037, 1.231107225224513, 1.125, 1.231107225224513, 1.8027756377319946, 1.5811388300841898, 1.0, 0.5, 0.0, 0.5, 1.505199322349037, 1.231107225224513, 1.125, 1.231107225224513, 4.589389937671455, 2.462214450449026, 2.3048861143232218, 2.25, 2.3048861143232218, 4.8541219597369, 2.9261749776799064, 2.7950849718747373, 2.75, 3.7295401423118117, 3.294332019816783, 3.1784624359570657, 3.1388888888888893, 3.666771884012246, 3.563034668563122, 3.5277777777777777, 4.042310945211635, 3.9484525801607115, 3.916666666666667, 4.4201593457674475, 4.334490586213714, 4.305555555555555, 5.466519077186616, 4.799771728111172, 4.7209965729679695, 4.694444444444445, 5.180760347456518, 5.107864306907318, 5.083333333333334, 5.562842443336204, 5.495017383901775, 5.472222222222221, 5.945807216584652, 5.882399464231422, 5.861111111111111, 7.420411039827915, 6.329494450586082, 6.269968101992227, 9.452874350555103], [5.031152949374527, 2.704163456597992, 2.462214450449026, 2.3048861143232218, 2.25, 3.5376640649563824, 4.277131046313777, 1.875, 1.505199322349037, 1.231107225224513, 1.125, 2.23606797749979, 2.0615528128088303, 1.5, 1.0, 0.5, 0.0, 1.875, 1.505199322349037, 1.231107225224513, 1.125, 5.031152949374527, 2.704163456597992, 2.462214450449026, 2.3048861143232218, 2.25, 5.273755777432247, 3.132491021535417, 2.9261749776799064, 2.7950849718747373, 3.4681434461109757, 3.478882501147477, 3.294332019816783, 3.1784624359570657, 3.833433976134546, 3.666771884012246, 3.563034668563122, 4.1940765107205396, 4.042310945211635, 3.9484525801607115, 4.559364938450892, 4.4201593457674475, 4.334490586213714, 5.186438515171081, 4.928266291706985, 4.799771728111172, 4.7209965729679695, 5.300026205385949, 5.180760347456518, 5.107864306907318, 5.674082837726526, 5.562842443336204, 5.495017383901775, 6.050010203031903, 5.945807216584652, 5.882399464231422, 7.7014609003746815, 6.427480066091221, 6.329494450586082, 9.357793839924177], [4.5155979670471105, 3.375, 3.4118360159890453, 3.5200319600821808, 3.6933216756735394, 3.4489297348537136, 3.74378572637758, 2.25, 2.3048861143232218, 2.462214450449026, 2.704163456597992, 2.1830311495716224, 1.7001838135919305, 1.125, 1.231107225224513, 1.505199322349037, 1.875, 0.0, 0.5, 1.0, 1.5, 3.204001404494074, 1.125, 1.231107225224513, 1.505199322349037, 1.875, 3.4118360159890453, 1.625, 1.7001838135919305, 1.9080421903092184, 3.681300223855118, 2.0138888888888893, 2.075029748410881, 2.2484991565019823, 2.4027777777777777, 2.454249589871152, 2.6025643218531056, 2.791666666666667, 2.836089345873606, 2.965367224776348, 3.1805555555555554, 3.2196170023739326, 3.3340566344882787, 5.357139300229715, 3.5694444444444446, 3.6042937785335023, 3.7068765344930643, 3.958333333333334, 3.9897873098421903, 4.082695528419647, 4.347222222222221, 4.3758817453608945, 4.4607556590092114, 4.736111111111111, 4.762430939844705, 4.840531836150871, 5.938486760109852, 5.125, 5.149332481011495, 8.656269299658371], [4.862162584694181, 3.4118360159890453, 3.375, 3.4118360159890453, 3.5200319600821808, 3.6802443681571386, 4.083076279303383, 2.3048861143232218, 2.25, 2.3048861143232218, 2.462214450449026, 2.348536778506992, 1.9080421903092184, 1.231107225224513, 1.125, 1.231107225224513, 1.505199322349037, 0.5, 0.0, 0.5, 1.0, 3.6763602924631855, 1.231107225224513, 1.125, 1.231107225224513, 1.505199322349037, 3.8588372601082828, 1.7001838135919305, 1.625, 1.7001838135919305, 3.266576285324291, 2.075029748410881, 2.0138888888888893, 2.075029748410881, 2.454249589871152, 2.4027777777777777, 2.454249589871152, 2.836089345873606, 2.791666666666667, 2.836089345873606, 3.2196170023739326, 3.1805555555555554, 3.2196170023739326, 4.971443968553855, 3.6042937785335023, 3.5694444444444446, 3.6042937785335023, 3.9897873098421903, 3.958333333333334, 3.9897873098421903, 4.3758817453608945, 4.347222222222221, 4.3758817453608945, 4.762430939844705, 4.736111111111111, 4.762430939844705, 6.206095793653205, 5.149332481011495, 5.125, 8.493672365434657], [5.23360535386458, 3.5200319600821808, 3.4118360159890453, 3.375, 3.4118360159890453, 3.9614745869116166, 4.452762315708241, 2.462214450449026, 2.3048861143232218, 2.25, 2.3048861143232218, 2.6010815058356016, 2.2114757516192665, 1.505199322349037, 1.231107225224513, 1.125, 1.231107225224513, 1.0, 0.5, 0.0, 0.5, 4.155192534648665, 1.505199322349037, 1.231107225224513, 1.125, 1.231107225224513, 4.317479009792636, 1.9080421903092184, 1.7001838135919305, 1.625, 2.8790744897501956, 2.2484991565019823, 2.075029748410881, 2.0138888888888893, 2.6025643218531056, 2.454249589871152, 2.4027777777777777, 2.965367224776348, 2.836089345873606, 2.791666666666667, 3.3340566344882787, 3.2196170023739326, 3.1805555555555554, 4.607772648783281, 3.7068765344930643, 3.6042937785335023, 3.5694444444444446, 4.082695528419647, 3.9897873098421903, 3.958333333333334, 4.4607556590092114, 4.3758817453608945, 4.347222222222221, 4.840531836150871, 4.762430939844705, 4.736111111111111, 6.501201811972922, 5.2216496435513555, 5.149332481011495, 8.357867091219429], [5.625, 3.6933216756735394, 3.5200319600821808, 3.4118360159890453, 3.375, 4.282798523879076, 4.84589234071217, 2.704163456597992, 2.462214450449026, 2.3048861143232218, 2.25, 2.918154382482188, 2.576941016011038, 1.875, 1.505199322349037, 1.231107225224513, 1.125, 1.5, 1.0, 0.5, 0.0, 4.638493828819868, 1.875, 1.505199322349037, 1.231107225224513, 1.125, 4.78441480225116, 2.2114757516192665, 1.9080421903092184, 1.7001838135919305, 2.5313275582621966, 2.5111249385066694, 2.2484991565019823, 2.075029748410881, 2.832550273054781, 2.6025643218531056, 2.454249589871152, 3.1691328116344035, 2.965367224776348, 2.836089345873606, 3.5165229477390456, 3.3340566344882787, 3.2196170023739326, 4.27175402303083, 3.8718127075021735, 3.7068765344930643, 3.6042937785335023, 4.233013439357095, 4.082695528419647, 3.9897873098421903, 4.598732548146577, 4.4607556590092114, 4.3758817453608945, 4.967972268118062, 4.840531836150871, 4.762430939844705, 6.82023643285187, 5.340002340823457, 5.2216496435513555, 8.250176627056481], [4.5, 5.408326913195984, 5.70087712549569, 6.020797289396148, 6.363961030678928, 4.567183893303379, 4.03763818710536, 4.5155979670471105, 4.862162584694181, 5.23360535386458, 5.625, 4.100304866714182, 3.7165171868296265, 3.75, 4.16082924427331, 4.589389937671455, 5.031152949374527, 3.204001404494074, 3.6763602924631855, 4.155192534648665, 4.638493828819868, 0.0, 3.0, 3.5, 4.0, 4.5, 0.5, 3.0413812651491097, 3.5355339059327378, 4.031128874149275, 6.184781794408519, 3.1289172978508275, 3.611111111111111, 4.097575314352395, 3.2607845757398195, 3.7259516971349367, 4.199132773488201, 3.4318767136623336, 3.8765677832043357, 4.333333333333333, 3.6366617442340314, 4.058978768357296, 4.497255678964151, 7.548579173676797, 3.869794392726222, 4.269110989652917, 4.687782913273108, 4.126472801046649, 4.503085362035432, 4.901813723284247, 4.402580612479766, 4.7573854215716755, 5.136410813922764, 4.694690986293999, 5.028928658948158, 5.388888888888888, 4.0, 5.0, 5.315072906367325, 9.229871322855598], [5.408326913195984, 4.5, 4.527692569068709, 4.6097722286464435, 4.743416490252569, 4.5004069233365085, 4.662188773039996, 3.375, 3.4118360159890453, 3.5200319600821808, 3.6933216756735394, 3.2882366094914763, 2.7950849718747373, 2.25, 2.3048861143232218, 2.462214450449026, 2.704163456597992, 1.125, 1.231107225224513, 1.505199322349037, 1.875, 3.0, 0.0, 0.5, 1.0, 1.5, 3.0413812651491097, 0.5, 0.7071067811865476, 1.118033988749895, 3.2346285076606374, 0.8888888888888893, 1.019864430593657, 1.3379549531991441, 1.2777777777777777, 1.3721210039142742, 1.6225646518344703, 1.666666666666667, 1.7400510848184252, 1.9436506316151003, 2.0555555555555554, 2.115492529406641, 2.28589340127122, 4.751729100411322, 2.4444444444444446, 2.495056841431736, 2.641080960889936, 2.833333333333334, 2.877112750272012, 3.004626062886658, 3.2222222222222214, 3.260784575739819, 3.3738281001531054, 3.6111111111111107, 3.6455621592273144, 3.747015273092721, 5.0, 4.0, 4.031128874149275, 7.613104295575766], [5.70087712549569, 4.527692569068709, 4.5, 4.527692569068709, 4.6097722286464435, 4.680036834150925, 4.93878370583706, 3.4118360159890453, 3.375, 3.4118360159890453, 3.5200319600821808, 3.400367627183861, 2.9261749776799064, 2.3048861143232218, 2.25, 2.3048861143232218, 2.462214450449026, 1.231107225224513, 1.125, 1.231107225224513, 1.505199322349037, 3.5, 0.5, 0.0, 0.5, 1.0, 3.5355339059327378, 0.7071067811865476, 0.5, 0.7071067811865476, 2.753428929945022, 1.019864430593657, 0.8888888888888893, 1.019864430593657, 1.3721210039142742, 1.2777777777777777, 1.3721210039142742, 1.7400510848184252, 1.666666666666667, 1.7400510848184252, 2.115492529406641, 2.0555555555555554, 2.115492529406641, 4.312220204732196, 2.495056841431736, 2.4444444444444446, 2.495056841431736, 2.877112750272012, 2.833333333333334, 2.877112750272012, 3.260784575739819, 3.2222222222222214, 3.260784575739819, 3.6455621592273144, 3.6111111111111107, 3.6455621592273144, 5.315072906367325, 4.031128874149275, 4.0, 7.427706851946604], [6.020797289396148, 4.6097722286464435, 4.527692569068709, 4.5, 4.527692569068709, 4.904266210393114, 5.248539304475398, 3.5200319600821808, 3.4118360159890453, 3.375, 3.4118360159890453, 3.5794552658190883, 3.132491021535417, 2.462214450449026, 2.3048861143232218, 2.25, 2.3048861143232218, 1.505199322349037, 1.231107225224513, 1.125, 1.231107225224513, 4.0, 1.0, 0.5, 0.0, 0.5, 4.031128874149275, 1.118033988749895, 0.7071067811865476, 0.5, 2.2803333444795943, 1.3379549531991441, 1.019864430593657, 0.8888888888888893, 1.6225646518344703, 1.3721210039142742, 1.2777777777777777, 1.9436506316151003, 1.7400510848184252, 1.666666666666667, 2.28589340127122, 2.115492529406641, 2.0555555555555554, 3.88735858193007, 2.641080960889936, 2.495056841431736, 2.4444444444444446, 3.004626062886658, 2.877112750272012, 2.833333333333334, 3.3738281001531054, 3.260784575739819, 3.2222222222222214, 3.747015273092721, 3.6455621592273144, 3.6111111111111107, 5.656854249492381, 4.123105625617661, 4.031128874149275, 7.272021805632521], [6.363961030678928, 4.743416490252569, 4.6097722286464435, 4.527692569068709, 4.5, 5.167292265374377, 5.585941744075439, 3.6933216756735394, 3.5200319600821808, 3.4118360159890453, 3.375, 3.816084380618437, 3.400367627183861, 2.704163456597992, 2.462214450449026, 2.3048861143232218, 2.25, 1.875, 1.505199322349037, 1.231107225224513, 1.125, 4.5, 1.5, 1.0, 0.5, 0.0, 4.527692569068709, 1.5811388300841898, 1.118033988749895, 0.7071067811865476, 1.821666668639682, 1.7435949807194686, 1.3379549531991441, 1.019864430593657, 1.9704608723297998, 1.6225646518344703, 1.3721210039142742, 2.242270674512285, 1.9436506316151003, 1.7400510848184252, 2.5446627756886193, 2.28589340127122, 2.115492529406641, 3.4825092095944488, 2.867979888697846, 2.641080960889936, 2.495056841431736, 3.205897343611891, 3.004626062886658, 2.877112750272012, 3.554253233716291, 3.3738281001531054, 3.260784575739819, 3.9102587455039495, 3.747015273092721, 3.6455621592273144, 6.020797289396148, 4.272001872658765, 4.123105625617661, 7.147990850912948], [5.0, 5.830951894845301, 6.103277807866851, 6.4031242374328485, 6.726812023536855, 5.038509513689722, 4.5327878290845085, 4.900573945978165, 5.2216496435513555, 5.569167352486366, 5.938486760109852, 4.5069390943299865, 4.100304866714182, 4.0697051490249265, 4.451123453691214, 4.8541219597369, 5.273755777432247, 3.4118360159890453, 3.8588372601082828, 4.317479009792636, 4.78441480225116, 0.5, 3.0413812651491097, 3.5355339059327378, 4.031128874149275, 4.527692569068709, 0.0, 3.0, 3.5, 4.0, 6.139305367671529, 3.025100753347107, 3.5215386648312177, 4.018859859201517, 3.099183484662523, 3.585378400058345, 4.074915737976055, 3.218867985971328, 3.689323936863109, 4.166666666666667, 3.379312516832344, 3.8301113673651517, 4.291823981295104, 7.421155044255606, 3.5750334540435933, 4.003856165939389, 4.44756834658343, 3.80058475033046, 4.2064764880413215, 4.630814663149935, 4.050986772029809, 4.434015542052203, 4.838439193289556, 4.321922297505939, 4.6828423361970035, 5.067446333773947, 3.5, 4.6097722286464435, 4.949747468305833, 8.857769076018796], [5.830951894845301, 5.0, 5.024937810560445, 5.0990195135927845, 5.220153254455275, 4.978059047450845, 5.097023398905029, 3.875, 3.907124902021946, 4.00195264839553, 4.155192534648665, 3.783186487605389, 3.2882366094914763, 2.75, 2.7950849718747373, 2.9261749776799064, 3.132491021535417, 1.625, 1.7001838135919305, 1.9080421903092184, 2.2114757516192665, 3.0413812651491097, 0.5, 0.7071067811865476, 1.118033988749895, 1.5811388300841898, 3.0, 0.0, 0.5, 1.0, 3.1468025256829, 0.3888888888888893, 0.6334307917217435, 1.072955995323776, 0.7777777777777777, 0.9246287209496242, 1.2668615834434866, 1.166666666666667, 1.269295517643985, 1.5365907428821481, 1.5555555555555554, 1.6339379077614156, 1.8492574418992485, 4.546583782721831, 1.9444444444444446, 2.0077012221769617, 2.186518739350492, 2.333333333333334, 2.3863035105460595, 2.53859103528797, 2.7222222222222214, 2.767759712684699, 2.900085141364041, 3.1111111111111107, 3.1510335361082733, 3.267875815522831, 4.6097722286464435, 3.5, 3.5355339059327378, 7.157437068037478], [6.103277807866851, 5.024937810560445, 5.0, 5.024937810560445, 5.0990195135927845, 5.141026568040807, 5.351189388030182, 3.907124902021946, 3.875, 3.907124902021946, 4.00195264839553, 3.881043674065006, 3.400367627183861, 2.7950849718747373, 2.75, 2.7950849718747373, 2.9261749776799064, 1.7001838135919305, 1.625, 1.7001838135919305, 1.9080421903092184, 3.5355339059327378, 0.7071067811865476, 0.5, 0.7071067811865476, 1.118033988749895, 3.5, 0.5, 0.0, 0.5, 2.6497010067801203, 0.6334307917217435, 0.3888888888888893, 0.6334307917217435, 0.9246287209496242, 0.7777777777777777, 0.9246287209496242, 1.269295517643985, 1.166666666666667, 1.269295517643985, 1.6339379077614156, 1.5555555555555554, 1.6339379077614156, 4.085062758846423, 2.0077012221769617, 1.9444444444444446, 2.0077012221769617, 2.3863035105460595, 2.333333333333334, 2.3863035105460595, 2.767759712684699, 2.7222222222222214, 2.767759712684699, 3.1510335361082733, 3.1111111111111107, 3.1510335361082733, 4.949747468305833, 3.5355339059327378, 3.5, 6.959912172294796], [6.4031242374328485, 5.0990195135927845, 5.024937810560445, 5.0, 5.024937810560445, 5.345955150082693, 5.638333814536727, 4.00195264839553, 3.907124902021946, 3.875, 3.907124902021946, 4.038873605350878, 3.5794552658190883, 2.9261749776799064, 2.7950849718747373, 2.75, 2.7950849718747373, 1.9080421903092184, 1.7001838135919305, 1.625, 1.7001838135919305, 4.031128874149275, 1.118033988749895, 0.7071067811865476, 0.5, 0.7071067811865476, 4.0, 1.0, 0.5, 0.0, 2.153941669363144, 1.072955995323776, 0.6334307917217435, 0.3888888888888893, 1.2668615834434866, 0.9246287209496242, 0.7777777777777777, 1.5365907428821481, 1.269295517643985, 1.166666666666667, 1.8492574418992485, 1.6339379077614156, 1.5555555555555554, 3.633737936907219, 2.186518739350492, 2.0077012221769617, 1.9444444444444446, 2.53859103528797, 2.3863035105460595, 2.333333333333334, 2.900085141364041, 2.767759712684699, 2.7222222222222214, 3.267875815522831, 3.1510335361082733, 3.1111111111111107, 5.315072906367325, 3.640054944640259, 3.5355339059327378, 6.793515254211004], [8.11145023203536, 6.164975312595365, 5.926674438046822, 5.7222390009754855, 5.555408938500588, 6.812642515349218, 7.330626051164397, 5.227238357806678, 4.943942772627203, 4.696926593922888, 4.49217861603781, 5.447451945442612, 5.0856933893993155, 4.378626621869076, 4.036201231780683, 3.7295401423118117, 3.4681434461109757, 3.681300223855118, 3.266576285324291, 2.8790744897501956, 2.5313275582621966, 6.184781794408519, 3.2346285076606374, 2.753428929945022, 2.2803333444795943, 1.821666668639682, 6.139305367671529, 3.1468025256829, 2.6497010067801203, 2.153941669363144, 0.0, 3.1324328174656726, 2.6326193506892026, 2.1328933248783315, 3.1661291369794213, 2.672624740160384, 2.182079808669854, 3.2463951090288825, 2.7672423987814936, 2.2969936402396196, 3.369904721446247, 2.9111521982392152, 2.4684724853642424, 1.7405363675936847, 3.5321245158016783, 3.0974913857530817, 2.6857032923429665, 3.7280046263961695, 3.3191215380155255, 2.938556971339139, 3.9525438048853685, 3.569475006107342, 3.2186489570800223, 4.201149330891089, 3.842942230912917, 3.5194821039211512, 6.911431274998995, 4.469807379200814, 4.1349398178021115, 6.170695874093023], [6.167667586437366, 5.388888888888889, 5.412035056870025, 5.480887104911953, 5.5937575436186115, 5.352389122421254, 5.442971436088277, 4.263888888888889, 4.293104757257867, 4.3795831373305525, 4.5200385459407455, 4.168980838834344, 3.6730794091169625, 3.1388888888888893, 3.1784624359570657, 3.294332019816783, 3.478882501147477, 2.0138888888888893, 2.075029748410881, 2.2484991565019823, 2.5111249385066694, 3.1289172978508275, 0.8888888888888893, 1.019864430593657, 1.3379549531991441, 1.7435949807194686, 3.025100753347107, 0.3888888888888893, 0.6334307917217435, 1.072955995323776, 3.1324328174656726, 0.0, 0.5, 1.0, 0.3888888888888884, 0.633430791721743, 1.0729559953237757, 0.7777777777777777, 0.9246287209496242, 1.2668615834434866, 1.166666666666666, 1.2692955176439842, 1.5365907428821475, 4.419670557081364, 1.5555555555555554, 1.6339379077614156, 1.8492574418992485, 1.9444444444444446, 2.0077012221769617, 2.186518739350492, 2.333333333333332, 2.3863035105460577, 2.5385910352879684, 2.7222222222222214, 2.767759712684699, 2.900085141364041, 4.321922297505939, 3.1111111111111107, 3.1510335361082733, 6.8073334486549015], [6.425739137001293, 5.412035056870025, 5.388888888888889, 5.412035056870025, 5.480887104911953, 5.504284841031357, 5.681682707759588, 4.293104757257867, 4.263888888888889, 4.293104757257867, 4.3795831373305525, 4.257980887059958, 3.7737928329041877, 3.1784624359570657, 3.1388888888888893, 3.1784624359570657, 3.294332019816783, 2.075029748410881, 2.0138888888888893, 2.075029748410881, 2.2484991565019823, 3.611111111111111, 1.019864430593657, 0.8888888888888893, 1.019864430593657, 1.3379549531991441, 3.5215386648312177, 0.6334307917217435, 0.3888888888888893, 0.6334307917217435, 2.6326193506892026, 0.5, 0.0, 0.5, 0.633430791721743, 0.3888888888888884, 0.633430791721743, 0.9246287209496242, 0.7777777777777777, 0.9246287209496242, 1.2692955176439842, 1.166666666666666, 1.2692955176439842, 3.943323659495462, 1.6339379077614156, 1.5555555555555554, 1.6339379077614156, 2.0077012221769617, 1.9444444444444446, 2.0077012221769617, 2.3863035105460577, 2.333333333333332, 2.3863035105460577, 2.767759712684699, 2.7222222222222214, 2.767759712684699, 4.6828423361970035, 3.1510335361082733, 3.1111111111111107, 6.599337901965331], [6.711193892057517, 5.480887104911953, 5.412035056870025, 5.388888888888889, 5.412035056870025, 5.6961595750647485, 5.952906746223713, 4.3795831373305525, 4.293104757257867, 4.263888888888889, 4.293104757257867, 4.4023177116796, 3.9359258562222705, 3.294332019816783, 3.1784624359570657, 3.1388888888888893, 3.1784624359570657, 2.2484991565019823, 2.075029748410881, 2.0138888888888893, 2.075029748410881, 4.097575314352395, 1.3379549531991441, 1.019864430593657, 0.8888888888888893, 1.019864430593657, 4.018859859201517, 1.072955995323776, 0.6334307917217435, 0.3888888888888893, 2.1328933248783315, 1.0, 0.5, 0.0, 1.0729559953237757, 0.633430791721743, 0.3888888888888884, 1.2668615834434866, 0.9246287209496242, 0.7777777777777777, 1.5365907428821475, 1.2692955176439842, 1.166666666666666, 3.4736314044442698, 1.8492574418992485, 1.6339379077614156, 1.5555555555555554, 2.186518739350492, 2.0077012221769617, 1.9444444444444446, 2.5385910352879684, 2.3863035105460577, 2.333333333333332, 2.900085141364041, 2.767759712684699, 2.7222222222222214, 5.067446333773947, 3.267875815522831, 3.1510335361082733, 6.42360746056735], [6.510200922351223, 5.777777777777778, 5.799372039228275, 5.86367768975945, 5.969314537648583, 5.728659170479772, 5.794367758001113, 4.652777777777778, 4.6795663313369875, 4.759027321773086, 4.888592951901673, 4.555301483429859, 4.058693610900002, 3.5277777777777777, 3.563034668563122, 3.666771884012246, 3.833433976134546, 2.4027777777777777, 2.454249589871152, 2.6025643218531056, 2.832550273054781, 3.2607845757398195, 1.2777777777777777, 1.3721210039142742, 1.6225646518344703, 1.9704608723297998, 3.099183484662523, 0.7777777777777777, 0.9246287209496242, 1.2668615834434866, 3.1661291369794213, 0.3888888888888884, 0.633430791721743, 1.0729559953237757, 0.0, 0.5, 1.0, 0.3888888888888893, 0.6334307917217435, 1.072955995323776, 0.7777777777777777, 0.9246287209496242, 1.2668615834434866, 4.324120801822852, 1.166666666666667, 1.269295517643985, 1.5365907428821481, 1.5555555555555562, 1.6339379077614165, 1.8492574418992493, 1.9444444444444438, 2.007701222176961, 2.1865187393504915, 2.333333333333333, 2.3863035105460586, 2.5385910352879693, 4.050986772029809, 2.7222222222222223, 2.7677597126847004, 6.461667053883018], [6.755199186506843, 5.799372039228275, 5.777777777777778, 5.799372039228275, 5.86367768975945, 5.870827725705824, 6.019159247980094, 4.6795663313369875, 4.652777777777778, 4.6795663313369875, 4.759027321773086, 4.636892451301655, 4.150059496821761, 3.563034668563122, 3.5277777777777777, 3.563034668563122, 3.666771884012246, 2.454249589871152, 2.4027777777777777, 2.454249589871152, 2.6025643218531056, 3.7259516971349367, 1.3721210039142742, 1.2777777777777777, 1.3721210039142742, 1.6225646518344703, 3.585378400058345, 0.9246287209496242, 0.7777777777777777, 0.9246287209496242, 2.672624740160384, 0.633430791721743, 0.3888888888888884, 0.633430791721743, 0.5, 0.0, 0.5, 0.6334307917217435, 0.3888888888888893, 0.6334307917217435, 0.9246287209496242, 0.7777777777777777, 0.9246287209496242, 3.8359267927271365, 1.269295517643985, 1.166666666666667, 1.269295517643985, 1.6339379077614165, 1.5555555555555562, 1.6339379077614165, 2.007701222176961, 1.9444444444444438, 2.007701222176961, 2.3863035105460586, 2.333333333333333, 2.3863035105460586, 4.434015542052204, 2.7677597126847004, 2.7222222222222223, 6.242164142216831], [7.027283689263065, 5.86367768975945, 5.799372039228275, 5.777777777777778, 5.799372039228275, 6.051090850277365, 6.275815356599153, 4.759027321773086, 4.6795663313369875, 4.652777777777778, 4.6795663313369875, 4.769776892574565, 4.298022083140162, 3.666771884012246, 3.563034668563122, 3.5277777777777777, 3.563034668563122, 2.6025643218531056, 2.454249589871152, 2.4027777777777777, 2.454249589871152, 4.199132773488201, 1.6225646518344703, 1.3721210039142742, 1.2777777777777777, 1.3721210039142742, 4.074915737976055, 1.2668615834434866, 0.9246287209496242, 0.7777777777777777, 2.182079808669854, 1.0729559953237757, 0.633430791721743, 0.3888888888888884, 1.0, 0.5, 0.0, 1.072955995323776, 0.6334307917217435, 0.3888888888888893, 1.2668615834434866, 0.9246287209496242, 0.7777777777777777, 3.3512159001721575, 1.5365907428821481, 1.269295517643985, 1.166666666666667, 1.8492574418992493, 1.6339379077614165, 1.5555555555555562, 2.1865187393504915, 2.007701222176961, 1.9444444444444438, 2.5385910352879693, 2.3863035105460586, 2.333333333333333, 4.838439193289556, 2.9000851413640416, 2.7677597126847004, 6.056078371480832], [6.857680203813661, 6.166666666666667, 6.1869037310901955, 6.24722160466377, 6.346477588219924, 6.106510591248743, 6.150278571874226, 5.041666666666667, 5.066399389880133, 5.139883537374926, 5.260076309121169, 4.942025001060912, 4.44487845103153, 3.916666666666667, 3.9484525801607115, 4.042310945211635, 4.1940765107205396, 2.791666666666667, 2.836089345873606, 2.965367224776348, 3.1691328116344035, 3.4318767136623336, 1.666666666666667, 1.7400510848184252, 1.9436506316151003, 2.242270674512285, 3.218867985971328, 1.166666666666667, 1.269295517643985, 1.5365907428821481, 3.2463951090288825, 0.7777777777777777, 0.9246287209496242, 1.2668615834434866, 0.3888888888888893, 0.6334307917217435, 1.072955995323776, 0.0, 0.5, 1.0, 0.3888888888888884, 0.633430791721743, 1.0729559953237757, 4.262044429635241, 0.7777777777777777, 0.9246287209496242, 1.2668615834434866, 1.166666666666667, 1.269295517643985, 1.5365907428821481, 1.5555555555555545, 1.633937907761415, 1.8492574418992478, 1.9444444444444438, 2.0077012221