totalHoles = 60;
zeroHoleID = 4;
C = [[0.0, 3.3333333333333335, 4.333333333333333, 7.0, 1.8027756377319946, 2.3863035105460586, 5.262551134615649, 6.576473218982953, 1.75, 4.6733582976033174, 7.433034373659253, 3.5009919229333337, 7.057797106746552, 3.5, 5.570258322356135, 6.240548408949685, 3.5907582141905223, 7.924387570490665, 4.994441354590566, 7.905694150420948, 6.994207191695341, 8.561005567486253, 5.25, 6.807369372803107, 7.863994126912731, 9.31314629314664, 6.6149032074887115, 9.017344398435716, 7.0, 8.232726023485645, 8.815602793213278, 10.155173608580414, 7.961215342520711, 8.288211172770904, 10.307764064044152, 11.789922357062865, 9.825287842050141, 9.196765674203792, 11.066588803922464, 8.75, 9.764234623245068, 10.876887851881328, 9.98783982873396, 11.718041645257966, 10.337858346521477, 12.0316334752033, 11.355221297254802, 10.5, 11.016401913107162, 11.359039474259157, 12.619429464123963, 13.156782882890706, 11.959351031619805, 11.49395976637778, 13.038404810405298, 11.597413504743201, 11.702326454361305, 12.607317099384963, 13.209844813622906, 13.06500839817734], [3.3333333333333335, 0.0, 0.9999999999999996, 3.6666666666666665, 2.088327347690278, 1.5365907428821481, 2.088327347690278, 3.3208098075285455, 3.764785666025506, 2.0155644370746373, 4.437842318564782, 2.9872413881558204, 4.1940765107205396, 4.833333333333334, 3.640054944640259, 3.9510898637098992, 4.774757495965283, 5.219230097609358, 4.648775226993784, 5.50252467307306, 5.058221120812087, 6.142903285171847, 6.218811068935212, 5.344389581607987, 6.2055676851344215, 7.153959625409936, 6.357956520070825, 7.006445445286631, 7.753135566408671, 7.0710678118654755, 7.374382636829772, 8.220218699332312, 7.754600501293321, 8.08462189042327, 8.603939666093538, 9.611923719544489, 8.555872126545896, 8.571428571428571, 9.322758829850018, 9.363418772601763, 8.806957476904268, 9.745427441065388, 9.819552490368954, 10.251354923997987, 9.785714285714286, 10.450102799785135, 10.157483176485416, 11.016401913107162, 10.5, 10.547511554864494, 11.121800413801914, 11.49934230940196, 10.940417897145078, 11.0, 11.595018087284059, 11.645218379708949, 11.559027256266468, 11.645218379708949, 11.928024890055259, 12.13923848975343], [4.333333333333333, 0.9999999999999996, 0.0, 2.666666666666667, 3.0046260628866577, 2.3863035105460586, 1.301708279317776, 2.386303510546059, 4.6733582976033174, 1.75, 3.655285366576885, 3.5009919229333337, 3.5009919229333346, 5.570258322356135, 3.5, 3.5978388574871505, 5.486626637229836, 4.5724205272982115, 4.994441354590566, 4.994441354590566, 4.787372373271461, 5.603742270808118, 6.807369372803107, 5.25, 5.9868525644213015, 6.696701052657356, 6.6149032074887115, 6.6149032074887115, 8.232726023485645, 7.0, 7.191303957399503, 7.825513537878475, 7.968251127405146, 8.288211172770904, 8.288211172770904, 9.096068021134553, 8.398588046757522, 8.629564748879403, 8.976664127960516, 9.764234623245068, 8.75, 9.60763703219494, 9.98783982873396, 9.98783982873396, 9.8366764753972, 10.142549738243524, 9.98888492001005, 11.359039474259157, 10.547511554864494, 10.5, 10.833333333333334, 11.14936716583135, 10.81785917349203, 11.045361017187261, 11.31861789756643, 11.843892002959914, 11.702326454361305, 11.530153704285318, 11.702326454361305, 12.028900383844089], [7.0, 3.6666666666666665, 2.666666666666667, 0.0, 5.5901699437494745, 4.935697631653617, 2.0883273476902775, 1.118033988749895, 7.215434844830906, 3.1896098681674396, 2.5, 5.560900206900958, 2.7950849718747373, 7.826237921249264, 4.400126260814695, 3.9510898637098992, 7.704558187442891, 3.7142857142857153, 6.60387091871965, 4.527692569068709, 5.058221120812087, 4.928571428571429, 8.75, 5.888430275643171, 6.2055676851344215, 6.142857142857143, 7.900861415764177, 6.269968101992227, 9.899494936611665, 7.490735018081411, 7.374382636829772, 7.357142857142858, 9.068002135336311, 9.346716595206635, 8.0156097709407, 8.171978554931295, 8.555872126545896, 9.322758829850018, 8.571428571428571, 11.205467415507485, 9.147328085900883, 9.745427441065388, 10.882261305037254, 9.762812094883317, 10.450102799785135, 9.785714285714286, 10.02486340531888, 12.619429464123963, 11.121800413801914, 10.833333333333334, 10.5, 10.627740668122856, 10.940417897145078, 11.595018087284059, 11.0, 12.747548783981962, 12.47441826744282, 11.645218379708949, 11.510864433221338, 12.13923848975343], [1.8027756377319946, 2.088327347690278, 3.0046260628866577, 5.5901699437494745, 0.0, 0.6666666666666665, 3.666666666666667, 5.0, 1.6770509831248424, 2.9309175658448288, 5.70087712549569, 1.8726837545203525, 5.297405025104273, 2.9154759474226504, 3.7785946829182113, 4.437842318564782, 2.903152914834945, 6.133298210488017, 3.5629263877386586, 6.103277807866851, 5.219230097609358, 6.7589698526763495, 4.5069390943299865, 5.107864306907318, 6.142903285171847, 7.529872481777945, 5.292158769769142, 7.25, 6.18465843842649, 6.635343079131461, 7.153959625409936, 8.406144497099872, 6.696344549911791, 7.031674369909662, 8.602325267042627, 10.013619090813513, 8.220218699332312, 7.790227321673997, 9.358233306145177, 7.893826701923472, 8.251683329950184, 9.322758829850018, 8.775360074916838, 10.077822185373186, 8.974958864602957, 10.365267749084154, 9.785836460088085, 9.617692030835672, 9.675283515799995, 9.9135149053087, 10.977249200050075, 11.478916148340415, 10.450102799785135, 10.166666666666666, 11.412712210513327, 10.5, 10.52114273472442, 11.121800413801914, 11.629703349613008, 11.595018087284059], [2.3863035105460586, 1.5365907428821481, 2.3863035105460586, 4.935697631653617, 0.6666666666666665, 0.0, 3.0000000000000004, 4.333333333333334, 2.2928027486996005, 2.2928027486996005, 5.060742150229659, 1.75, 4.673358297603318, 3.3082388735465345, 3.3082388735465345, 3.9051248379533274, 3.2605938090533217, 5.5433255406738144, 3.5, 5.570258322356135, 4.774507133448116, 6.228545944319499, 4.77042392712057, 4.77042392712057, 5.76981943621554, 7.0576264213223885, 5.25, 6.807369372803109, 6.379219736334879, 6.379219736334879, 6.836277779431657, 7.985886075898752, 6.664370067327433, 7.0, 8.232726023485647, 9.548410925336285, 7.945284829407199, 7.660785972950557, 8.98263000035936, 8.047169964928319, 8.047169964928319, 9.08126575732161, 8.75, 9.76423462324507, 8.862837391113255, 10.027456637718021, 9.530556132776438, 9.74394398816231, 9.571369343574153, 9.74394398816231, 10.65885130354632, 11.127197567541785, 10.235243235098649, 10.067825540359305, 11.106804721030757, 10.52114273472442, 10.5, 10.920164833920778, 11.359039474259157, 11.40175425099138], [5.262551134615649, 2.088327347690278, 1.301708279317776, 2.0883273476902775, 3.666666666666667, 3.0000000000000004, 0.0, 1.333333333333333, 5.220818369225695, 1.121135337256143, 2.3687784005919825, 3.4731109973624514, 2.2000631304073472, 5.7397251192408545, 2.63523138347365, 2.5, 5.6165612362803286, 3.2754324981422873, 4.609772228646444, 3.745367509040705, 3.7142857142857153, 4.33529521261227, 6.6900631121421, 4.330928820062095, 4.928571428571429, 5.459861784234822, 6.046693311223912, 5.416666666666667, 7.917982346813135, 6.057593948462083, 6.142857142857143, 6.616220704997193, 7.3137828569416925, 7.615773105863909, 7.125852775477317, 7.824338870689037, 7.357142857142858, 7.790227321673997, 7.790227321673996, 9.314340794948638, 7.794674107648404, 8.571428571428571, 9.25, 8.851004337236411, 8.974958864602957, 8.974958864602957, 8.924212715632807, 10.814085465005556, 9.675283515799995, 9.536479667279979, 9.675283515799995, 9.951636531558835, 9.785714285714286, 10.166666666666666, 10.166666666666666, 11.121800413801914, 10.920164833920778, 10.5, 10.584317539538285, 11.0], [6.576473218982953, 3.3208098075285455, 2.386303510546059, 1.118033988749895, 5.0, 4.333333333333334, 1.333333333333333, 0.0, 6.5431261641512, 2.292802748699601, 1.5811388300841898, 4.673358297603318, 1.75, 6.96419413859206, 3.308238873546535, 2.833333333333333, 6.8277944512849755, 2.7599541551945235, 5.570258322356135, 3.5, 3.9463522581144126, 3.9602617930368895, 7.766112283504533, 4.770423927120571, 5.1057412884231015, 5.167105533259093, 6.807369372803109, 5.25, 8.845903006477066, 6.379219736334879, 6.285894658306708, 6.376775463047327, 7.95636113254507, 8.232726023485647, 7.0, 7.327080812738113, 7.476986612144357, 8.206967064026921, 7.587920045193208, 10.114964162071955, 8.047169964928319, 8.674512408941485, 9.76423462324507, 8.75, 9.338980313073899, 8.799930426441115, 8.969172158753308, 11.510864433221338, 10.013879257199868, 9.74394398816231, 9.513148795220223, 9.685027406046816, 9.876131928007565, 10.489412651706376, 10.012492197250394, 11.629703349613008, 11.359039474259157, 10.584317539538285, 10.5, 11.080513425729775], [1.75, 3.764785666025506, 4.6733582976033174, 7.215434844830906, 1.6770509831248424, 2.2928027486996005, 5.220818369225695, 6.5431261641512, 0.0, 4.333333333333333, 7.0400639201643616, 2.3863035105460586, 6.576473218982953, 1.75, 4.6733582976033174, 5.454992616351047, 1.84509049938597, 7.270379520172722, 3.5009919229333337, 7.057797106746552, 5.956629436213303, 7.687868126244792, 3.5, 5.570258322356135, 6.644915622347504, 8.26421163073351, 4.994441354590566, 7.905694150420948, 5.25, 6.807369372803107, 7.468423703011885, 8.968837774227392, 6.294298881393718, 6.6149032074887115, 9.017344398435716, 10.679802397979941, 8.387418028162083, 7.592298654966963, 9.774041526160099, 7.0, 8.232726023485645, 9.37385669521375, 8.288211172770904, 10.307764064044152, 8.69964454404568, 10.657049501697582, 9.863819760337893, 8.75, 9.363418772601763, 9.764234623245068, 11.205467415507485, 11.79283575184331, 10.408581896565241, 9.832273954234143, 11.600107758120181, 9.86470982847443, 9.98783982873396, 11.034352923685395, 11.718041645257966, 11.4785427840142], [4.6733582976033174, 2.0155644370746373, 1.75, 3.1896098681674396, 2.9309175658448288, 2.2928027486996005, 1.121135337256143, 2.292802748699601, 4.333333333333333, 0.0, 2.7701283564324437, 2.3863035105460586, 2.386303510546059, 4.6733582976033174, 1.75, 1.938283891602168, 4.540251783162211, 3.312028000856583, 3.5009919229333337, 3.5009919229333346, 3.0791937646667864, 4.149027288129318, 5.570258322356135, 3.5, 4.260857147114641, 5.1389011460293865, 4.994441354590566, 4.994441354590566, 6.807369372803107, 5.25, 5.4568628906826815, 6.208958216280673, 6.303195594912191, 6.6149032074887115, 6.6149032074887115, 7.602260421705771, 6.659488056835775, 6.894337368819577, 7.3241380971560845, 8.232726023485645, 7.0, 7.865697002961888, 8.288211172770904, 8.288211172770904, 8.097697455550724, 8.466629506051612, 8.25419357054385, 9.764234623245068, 8.806957476904268, 8.75, 9.147328085900883, 9.501496063302142, 9.074060673012148, 9.303897032964198, 9.626713411705529, 10.153338257823275, 9.98783982873396, 9.785547733491695, 9.98783982873396, 10.28381954550178], [7.433034373659253, 4.437842318564782, 3.655285366576885, 2.5, 5.70087712549569, 5.060742150229659, 2.3687784005919825, 1.5811388300841898, 7.0400639201643616, 2.7701283564324437, 0.0, 4.8397945319105355, 0.5590169943749475, 7.0710678118654755, 2.8480012484391772, 2.0883273476902775, 6.905015382493774, 1.2142857142857153, 5.230784942158406, 2.0615528128088303, 2.8747473516121222, 2.428571428571429, 7.520804478245662, 3.830614978187068, 3.8879574524327603, 3.6428571428571432, 6.117484050744318, 3.783186487605389, 8.32165848854662, 5.230784942158405, 4.991716494362506, 4.857142857142858, 7.082151871011662, 7.321960878829599, 5.522680508593631, 5.74646146099707, 6.1373637304701685, 7.092720870188225, 6.071428571428571, 9.38416218956173, 6.795116710632064, 7.305218213847375, 8.713415582371308, 7.267220926874317, 8.156351947868954, 7.2857142857142865, 7.560698187857899, 10.63014581273465, 8.80025252162939, 8.432740427115679, 8.0, 8.13693075153021, 8.486116446031183, 9.257129384665877, 8.5, 10.547511554864494, 10.215728613814637, 9.184830488969903, 9.013878188659973, 9.675283515799995], [3.5009919229333337, 2.9872413881558204, 3.5009919229333337, 5.560900206900958, 1.8726837545203525, 1.75, 3.4731109973624514, 4.673358297603318, 2.3863035105460586, 2.3863035105460586, 4.8397945319105355, 0.0, 4.333333333333334, 2.2928027486996005, 2.2928027486996005, 3.092329219213246, 2.1545965714686606, 4.928585806282227, 1.75, 4.673358297603318, 3.585863684992354, 5.30163037003702, 3.3082388735465345, 3.3082388735465345, 4.370734071815696, 5.90530191463128, 3.5, 5.570258322356135, 4.77042392712057, 4.77042392712057, 5.319510680274176, 6.677340519790313, 4.914374535240159, 5.25, 6.807369372803109, 8.350333003743543, 6.359249249747031, 5.937182978766614, 7.566382340547959, 6.379219736334879, 6.379219736334879, 7.451972071546031, 7.0, 8.232726023485647, 7.131787056644023, 8.535946732572505, 7.917410546056445, 8.047169964928319, 7.837321679700988, 8.047169964928319, 9.133652670816376, 9.65839349734394, 8.577453239839473, 8.332083239569268, 9.561569489948349, 8.775360074916838, 8.75, 9.25, 9.76423462324507, 9.724325169388361], [7.057797106746552, 4.1940765107205396, 3.5009919229333346, 2.7950849718747373, 5.297405025104273, 4.673358297603318, 2.2000631304073472, 1.75, 6.576473218982953, 2.386303510546059, 0.5590169943749475, 4.333333333333334, 0.0, 6.5431261641512, 2.292802748699601, 1.5297966458904846, 6.374134566130962, 1.0862075946961116, 4.673358297603318, 1.75, 2.374067426406571, 2.2352121754741217, 6.96419413859206, 3.308238873546535, 3.44689630019651, 3.4295013619820502, 5.570258322356135, 3.5, 7.766112283504533, 4.770423927120571, 4.590748485304853, 4.634195216660866, 6.560558752865563, 6.807369372803109, 5.25, 5.678205994037407, 5.763491025254221, 6.626975810278974, 5.842861508905109, 8.845903006477066, 6.379219736334879, 6.950515486845549, 8.232726023485647, 7.0, 7.715507325379315, 7.0534584077744515, 7.231869659234651, 10.114964162071955, 8.371993656099948, 8.047169964928319, 7.766112283504533, 7.954231270104346, 8.145580510891193, 8.836870361037203, 8.26513762740827, 10.077822185373186, 9.76423462324507, 8.851004337236411, 8.75, 9.345602055393638], [3.5, 4.833333333333334, 5.570258322356135, 7.826237921249264, 2.9154759474226504, 3.3082388735465345, 5.7397251192408545, 6.96419413859206, 1.75, 4.6733582976033174, 7.0710678118654755, 2.2928027486996005, 6.5431261641512, 0.0, 4.333333333333333, 5.166666666666667, 0.20043290416502324, 7.003279115339253, 2.3863035105460586, 6.576473218982953, 5.307441402442689, 7.144285571457136, 1.75, 4.6733582976033174, 5.708975707438062, 7.482292020333811, 3.5009919229333337, 7.057797106746552, 3.5, 5.570258322356135, 6.321776064343767, 7.992343274685352, 4.6883309489242855, 4.994441354590566, 7.905694150420948, 9.759051661622939, 7.091282054687878, 6.0688136292205535, 8.644037699773298, 5.25, 6.807369372803107, 7.972244937431591, 6.6149032074887115, 9.017344398435716, 7.114865788807529, 9.407986186301118, 8.471943686028343, 7.0, 7.753135566408671, 8.232726023485645, 9.899494936611665, 10.543529499763428, 8.931745467572712, 8.207381501496753, 10.259142264341596, 8.139410298049853, 8.288211172770904, 9.523363084774434, 10.307764064044152, 9.947082207584515], [5.570258322356135, 3.640054944640259, 3.5, 4.400126260814695, 3.7785946829182113, 3.3082388735465345, 2.63523138347365, 3.308238873546535, 4.6733582976033174, 1.75, 2.8480012484391772, 2.2928027486996005, 2.292802748699601, 4.333333333333333, 0.0, 0.8333333333333339, 4.1532758941172325, 2.675262506457647, 2.3863035105460586, 2.386303510546059, 1.4727301994468691, 3.0252152712892557, 4.6733582976033174, 1.75, 2.567567648206745, 3.754438038996267, 3.5009919229333337, 3.5009919229333346, 5.570258322356135, 3.5, 3.73695766736924, 4.689206983224272, 4.700268437658377, 4.994441354590566, 4.994441354590566, 6.243017987621159, 4.928111319677988, 5.169079971823036, 5.729790473151104, 6.807369372803107, 5.25, 6.128351274397024, 6.6149032074887115, 6.6149032074887115, 6.364762688555848, 6.827980315784733, 6.52767960724258, 8.232726023485645, 7.0710678118654755, 7.0, 7.490735018081411, 7.897687426289671, 7.3332173769434705, 7.566372975210778, 7.959969290839703, 8.486918037649342, 8.288211172770904, 8.043285674675769, 8.288211172770904, 8.540751983545972], [6.240548408949685, 3.9510898637098992, 3.5978388574871505, 3.9510898637098992, 4.437842318564782, 3.9051248379533274, 2.5, 2.833333333333333, 5.454992616351047, 1.938283891602168, 2.0883273476902775, 3.092329219213246, 1.5297966458904846, 5.166666666666667, 0.8333333333333339, 0.0, 4.986459735089533, 1.84581404222041, 3.16227766016838, 1.6666666666666663, 1.2142857142857153, 2.3242046892736714, 5.454992616351047, 1.938283891602168, 2.428571428571429, 3.2164895443110226, 4.069705149024927, 3.056186803482041, 6.240548408949685, 3.5978388574871505, 3.6428571428571432, 4.270674669360718, 5.14000312024266, 5.408326913195984, 4.693375946776241, 5.6974436885188275, 4.857142857142858, 5.392633759696012, 5.392633759696012, 7.36593133584915, 5.315726144605687, 6.071428571428571, 6.932712311931024, 6.390639856679281, 6.547619047619048, 6.547619047619048, 6.42711781333113, 8.700255424092125, 7.236097782030804, 7.0494286608522, 7.236097782030803, 7.56940156172084, 7.2857142857142865, 7.720823214600313, 7.720823214600313, 8.80025252162939, 8.54400374531753, 8.0, 8.110350040397625, 8.5], [3.5907582141905223, 4.774757495965283, 5.486626637229836, 7.704558187442891, 2.903152914834945, 3.2605938090533217, 5.6165612362803286, 6.8277944512849755, 1.84509049938597, 4.540251783162211, 6.905015382493774, 2.1545965714686606, 6.374134566130962, 0.20043290416502324, 4.1532758941172325, 4.986459735089533, 0.0, 6.820250943567338, 2.1858867271503715, 6.38477923387279, 5.111745065923782, 6.949920001397384, 1.6736151729772535, 4.473311418938207, 5.508545555785102, 7.282577339805765, 3.322486295243341, 6.857566643018562, 3.4185965169009545, 5.375530620222585, 6.124311410531002, 7.792269052498003, 4.53026205899502, 4.839910079766718, 7.707920255269156, 9.558743489563849, 6.900672862699505, 5.8983093455840345, 8.447008988666969, 5.166973634877093, 6.626246588159716, 7.789760025486745, 6.475765898978678, 8.827391973835544, 6.954964888203475, 9.215934261623168, 8.288901091101513, 6.916171696947861, 7.598565360261278, 8.06492146553492, 9.710824025415105, 10.35185808070903, 8.757306443375262, 8.056177731897371, 10.0729294332054, 8.022978451659993, 8.159127304836149, 9.35337620914356, 10.127125132923155, 9.78005371271187], [7.924387570490665, 5.219230097609358, 4.5724205272982115, 3.7142857142857153, 6.133298210488017, 5.5433255406738144, 3.2754324981422873, 2.7599541551945235, 7.270379520172722, 3.312028000856583, 1.2142857142857153, 4.928585806282227, 1.0862075946961116, 7.003279115339253, 2.675262506457647, 1.84581404222041, 6.820250943567338, 0.0, 4.896780375908912, 0.9313146293146632, 2.0883273476902775, 1.2142857142857135, 7.166478798360248, 3.077260060257834, 2.874747351612121, 2.428571428571428, 5.458109384199498, 2.5845399859115172, 7.732782058699633, 4.231669821531217, 3.8879574524327594, 3.6428571428571423, 6.252147934816605, 6.459756810429215, 4.314782374439701, 4.5972376118722575, 4.991716494362505, 6.085744094121795, 4.857142857142856, 8.623132746707947, 5.6982040572848955, 6.137363730470167, 7.732461319003582, 6.0563889355601574, 7.092720870188225, 6.071428571428571, 6.373895970298712, 9.74914962277977, 7.712999598845534, 7.290886741573897, 6.785714285714285, 6.9294974269971545, 7.305218213847375, 8.156351947868952, 7.285714285714285, 9.532436568830422, 9.16397610482953, 7.998653514804014, 7.80175281195037, 8.48611644603118], [4.994441354590566, 4.648775226993784, 4.994441354590566, 6.60387091871965, 3.5629263877386586, 3.5, 4.609772228646444, 5.570258322356135, 3.5009919229333337, 3.5009919229333337, 5.230784942158406, 1.75, 4.673358297603318, 2.3863035105460586, 2.3863035105460586, 3.16227766016838, 2.1858867271503715, 4.896780375908912, 0.0, 4.333333333333334, 3.007643324489615, 4.852296835571673, 2.2928027486996005, 2.2928027486996005, 3.322772385603717, 5.104908491143387, 1.75, 4.673358297603318, 3.3082388735465345, 3.3082388735465345, 3.998086276901866, 5.614657284040903, 3.1643839449320947, 3.5, 5.570258322356135, 7.376243715315812, 4.886466107567735, 4.235285317821694, 6.319623542850951, 4.77042392712057, 4.77042392712057, 5.892315992468669, 5.25, 6.807369372803109, 5.412936968163882, 7.162393916932746, 6.376854970093726, 6.379219736334879, 6.112373606964083, 6.379219736334879, 7.704616220884147, 8.299373722875936, 6.964926710427947, 6.60387091871965, 8.100068586815244, 7.031674369909662, 7.0, 7.615773105863909, 8.232726023485647, 8.077747210701755], [7.905694150420948, 5.50252467307306, 4.994441354590566, 4.527692569068709, 6.103277807866851, 5.570258322356135, 3.745367509040705, 3.5, 7.057797106746552, 3.5009919229333346, 2.0615528128088303, 4.673358297603318, 1.75, 6.576473218982953, 2.386303510546059, 1.6666666666666663, 6.38477923387279, 0.9313146293146632, 4.333333333333334, 0.0, 1.350442944046403, 0.658538889806635, 6.5431261641512, 2.292802748699601, 1.954122336065066, 1.7172593257387587, 4.673358297603318, 1.75, 6.96419413859206, 3.308238873546535, 2.9601472354139413, 2.900562929178137, 5.376167764135344, 5.570258322356135, 3.5, 4.113749309942169, 4.081094068774444, 5.157936446877052, 4.102015432960351, 7.766112283504533, 4.770423927120571, 5.243773978050524, 6.807369372803109, 5.25, 6.16170051917341, 5.309310266899467, 5.502620132533405, 8.845903006477066, 6.784377479015873, 6.379219736334879, 6.020797289396148, 6.234166691766725, 6.425572492736382, 7.230337321161287, 6.519202405202649, 8.602325267042627, 8.232726023485647, 7.125852775477317, 7.0, 7.617596588017626], [6.994207191695341, 5.058221120812087, 4.787372373271461, 5.058221120812087, 5.219230097609358, 4.774507133448116, 3.7142857142857153, 3.9463522581144126, 5.956629436213303, 3.0791937646667864, 2.8747473516121222, 3.585863684992354, 2.374067426406571, 5.307441402442689, 1.4727301994468691, 1.2142857142857153, 5.111745065923782, 2.0883273476902775, 3.007643324489615, 1.350442944046403, 0.0, 1.8458140422204097, 5.19436562443989, 0.9906736295888832, 1.2142857142857135, 2.324204689273671, 3.3702252695253088, 2.033764033786789, 5.649684437237429, 2.432885990005041, 2.428571428571428, 3.216489544311022, 4.216714619159479, 4.44926042925641, 3.5459407983107543, 4.796061962662994, 3.6428571428571423, 4.270674669360717, 4.270674669360716, 6.556022745564784, 4.1208535815244405, 4.857142857142856, 5.8616054428242546, 5.209241417435432, 5.392633759696012, 5.392633759696012, 5.215247603644739, 7.756863685818051, 6.069233963774133, 5.845419937041547, 6.069233963774132, 6.444587183576269, 6.071428571428571, 6.5476190476190474, 6.547619047619047, 7.712999598845534, 7.419293656902045, 6.785714285714285, 6.915467890542527, 7.285714285714285], [8.561005567486253, 6.142903285171847, 5.603742270808118, 4.928571428571429, 6.7589698526763495, 6.228545944319499, 4.33529521261227, 3.9602617930368895, 7.687868126244792, 4.149027288129318, 2.428571428571429, 5.30163037003702, 2.2352121754741217, 7.144285571457136, 3.0252152712892557, 2.3242046892736714, 6.949920001397384, 1.2142857142857135, 4.852296835571673, 0.658538889806635, 1.8458140422204097, 0.0, 7.007375851667343, 2.6859686218646943, 2.0883273476902775, 1.2142857142857144, 5.010716972699504, 1.4128600317751772, 7.300055912561945, 3.3766740200442396, 2.874747351612122, 2.428571428571429, 5.565142591652602, 5.7266730813360445, 3.1118601301131377, 3.4923269590830173, 3.8879574524327603, 5.168641272879144, 3.6428571428571423, 7.975168733420667, 4.659874186889784, 4.991716494362505, 6.8269528034474405, 4.847285164851327, 6.085744094121797, 4.857142857142858, 5.199800206194403, 8.946553321057815, 6.669727188646853, 6.176724652891832, 5.571428571428571, 5.724963468718306, 6.1373637304701685, 7.092720870188225, 6.071428571428571, 8.56934498485081, 8.15749867180491, 6.822373822981181, 6.590422859679624, 7.305218213847375], [5.25, 6.218811068935212, 6.807369372803107, 8.75, 4.5069390943299865, 4.77042392712057, 6.6900631121421, 7.766112283504533, 3.5, 5.570258322356135, 7.520804478245662, 3.3082388735465345, 6.96419413859206, 1.75, 4.6733582976033174, 5.454992616351047, 1.6736151729772535, 7.166478798360248, 2.2928027486996005, 6.5431261641512, 5.19436562443989, 7.007375851667343, 0.0, 4.333333333333333, 5.211036713372677, 7.0567126820886665, 2.3863035105460586, 6.576473218982953, 1.75, 4.6733582976033174, 5.502486038847327, 7.310270242638651, 3.235381857674355, 3.5009919229333337, 7.057797106746552, 9.085427860511182, 6.02899503890477, 4.705634799494447, 7.748024764745015, 3.5, 5.570258322356135, 6.735665471384667, 4.994441354590566, 7.905694150420948, 5.628837819012356, 8.341025361526762, 7.237245289061215, 5.25, 6.218811068935212, 6.807369372803107, 8.75, 9.454419789432324, 7.572224052252131, 6.646323127196805, 9.058835465996719, 6.427480066091221, 6.6149032074887115, 8.109065571596055, 9.017344398435716, 8.50040848691664], [6.807369372803107, 5.344389581607987, 5.25, 5.888430275643171, 5.107864306907318, 4.77042392712057, 4.330928820062095, 4.770423927120571, 5.570258322356135, 3.5, 3.830614978187068, 3.3082388735465345, 3.308238873546535, 4.6733582976033174, 1.75, 1.938283891602168, 4.473311418938207, 3.077260060257834, 2.2928027486996005, 2.292802748699601, 0.9906736295888832, 2.6859686218646943, 4.333333333333333, 0.0, 1.0746644258176201, 2.8121708676149346, 2.3863035105460586, 2.386303510546059, 4.6733582976033174, 1.75, 2.0681761549030955, 3.39870006495414, 3.2526561552636637, 3.5009919229333337, 3.5009919229333346, 5.126517694116415, 3.2169521567997132, 3.4687011625537933, 4.259459926588481, 5.570258322356135, 3.5, 4.401044119570222, 4.994441354590566, 4.994441354590566, 4.6446425138682805, 5.261541142359696, 4.818141821243317, 6.807369372803107, 5.344389581607987, 5.25, 5.888430275643171, 6.371303314534778, 5.598086914072135, 5.836308764964376, 6.338265623268807, 6.8622356253467265, 6.6149032074887115, 6.305310812675648, 6.6149032074887115, 6.801245800913568], [7.863994126912731, 6.2055676851344215, 5.9868525644213015, 6.2055676851344215, 6.142903285171847, 5.76981943621554, 4.928571428571429, 5.1057412884231015, 6.644915622347504, 4.260857147114641, 3.8879574524327603, 4.370734071815696, 3.44689630019651, 5.708975707438062, 2.567567648206745, 2.428571428571429, 5.508545555785102, 2.874747351612121, 3.322772385603717, 1.954122336065066, 1.2142857142857135, 2.0883273476902775, 5.211036713372677, 1.0746644258176201, 0.0, 1.84581404222041, 3.017170251499013, 1.3715298408377374, 5.276590151614764, 1.357351696546593, 1.2142857142857144, 2.3242046892736714, 3.477170095724251, 3.645657187192813, 2.463451664699023, 4.061100307478176, 2.428571428571429, 3.2164895443110226, 3.216489544311022, 5.8868415664189495, 2.9419217576471866, 3.6428571428571423, 4.8583244361127855, 4.047356434057716, 4.2706746693607185, 4.270674669360718, 4.004840988109617, 6.898724782749194, 4.925349763700501, 4.646762704089581, 4.925349763700501, 5.358968886146465, 4.857142857142858, 5.392633759696012, 5.392633759696012, 6.669727188646854, 6.327781311528601, 5.571428571428571, 5.728751531032603, 6.071428571428571], [9.31314629314664, 7.153959625409936, 6.696701052657356, 6.142857142857143, 7.529872481777945, 7.0576264213223885, 5.459861784234822, 5.167105533259093, 8.26421163073351, 5.1389011460293865, 3.6428571428571432, 5.90530191463128, 3.4295013619820502, 7.482292020333811, 3.754438038996267, 3.2164895443110226, 7.282577339805765, 2.428571428571428, 5.104908491143387, 1.7172593257387587, 2.324204689273671, 1.2142857142857144, 7.0567126820886665, 2.8121708676149346, 1.84581404222041, 0.0, 4.834520731463239, 0.5113507522598697, 7.052282884112847, 2.8010364133052845, 2.0883273476902775, 1.2142857142857144, 5.07949307744945, 5.177846145159959, 1.9232731454051797, 2.4914014349558085, 2.874747351612122, 4.397999957721454, 2.428571428571428, 7.469751928782576, 3.7293839958714536, 3.8879574524327594, 6.030969300448134, 3.641631446458679, 5.168641272879145, 3.6428571428571432, 4.049478252852492, 8.245283129010854, 5.694658753779322, 5.1084053273660786, 4.357142857142857, 4.5256445328146135, 4.991716494362506, 6.085744094121796, 4.857142857142857, 7.677823883877301, 7.215267888508912, 5.662163076329384, 5.380425595790423, 6.137363730470168], [6.6149032074887115, 6.357956520070825, 6.6149032074887115, 7.900861415764177, 5.292158769769142, 5.25, 6.046693311223912, 6.807369372803109, 4.994441354590566, 4.994441354590566, 6.117484050744318, 3.5, 5.570258322356135, 3.5009919229333337, 3.5009919229333337, 4.069705149024927, 3.322486295243341, 5.458109384199498, 1.75, 4.673358297603318, 3.3702252695253088, 5.010716972699504, 2.3863035105460586, 2.3863035105460586, 3.017170251499013, 4.834520731463239, 0.0, 4.333333333333334, 2.2928027486996005, 2.2928027486996005, 3.1300469449436417, 4.958515545728739, 1.414416639208927, 1.75, 4.673358297603318, 6.724201173527108, 3.666067514436712, 2.5981034858827328, 5.36191586313661, 3.3082388735465345, 3.3082388735465345, 4.47569969447259, 3.5, 5.570258322356135, 3.723222612376971, 5.988521238278713, 4.976762890113641, 4.77042392712057, 4.407222607392451, 4.77042392712057, 6.43611770488321, 7.113342634401317, 5.438079080119437, 4.891176863609729, 6.776696179637325, 5.292158769769142, 5.25, 6.046693311223912, 6.807369372803109, 6.485560885536423], [9.017344398435716, 7.006445445286631, 6.6149032074887115, 6.269968101992227, 7.25, 6.807369372803109, 5.416666666666667, 5.25, 7.905694150420948, 4.994441354590566, 3.783186487605389, 5.570258322356135, 3.5, 7.057797106746552, 3.5009919229333346, 3.056186803482041, 6.857566643018562, 2.5845399859115172, 4.673358297603318, 1.75, 2.033764033786789, 1.4128600317751772, 6.576473218982953, 2.386303510546059, 1.3715298408377374, 0.5113507522598697, 4.333333333333334, 0.0, 6.5431261641512, 2.292802748699601, 1.604671821690902, 1.214810810835354, 4.570604829391303, 4.673358297603318, 1.75, 2.7800797577366394, 2.493557458368654, 3.92642437721939, 2.374664315697041, 6.96419413859206, 3.308238873546535, 3.5790593083769675, 5.570258322356135, 3.5, 4.746477987727517, 3.5708928169582586, 3.792455389027692, 7.766112283504533, 5.300026205385949, 4.770423927120571, 4.2793106921559225, 4.537055607237094, 4.727629623755486, 5.708789519484649, 4.7762432936357, 7.25, 6.807369372803109, 5.416666666666667, 5.25, 5.902565355654927], [7.0, 7.753135566408671, 8.232726023485645, 9.899494936611665, 6.18465843842649, 6.379219736334879, 7.917982346813135, 8.845903006477066, 5.25, 6.807369372803107, 8.32165848854662, 4.77042392712057, 7.766112283504533, 3.5, 5.570258322356135, 6.240548408949685, 3.4185965169009545, 7.732782058699633, 3.3082388735465345, 6.96419413859206, 5.649684437237429, 7.300055912561945, 1.75, 4.6733582976033174, 5.276590151614764, 7.052282884112847, 2.2928027486996005, 6.5431261641512, 0.0, 4.333333333333333, 5.168641272879145, 7.009104865844722, 2.253873209232372, 2.3863035105460586, 6.576473218982953, 8.716416091656027, 5.341936089016634, 3.685172840751591, 7.174216873994125, 1.75, 4.6733582976033174, 5.771194793316513, 3.5009919229333337, 7.057797106746552, 4.344112704885057, 7.5339368249032095, 6.253527718723407, 3.5, 4.833333333333334, 5.570258322356135, 7.826237921249264, 8.586681128191346, 6.405160192962052, 5.2068331172711035, 8.06225774829855, 4.743416490252569, 4.994441354590566, 6.851601597031489, 7.905694150420948, 7.189884870040997], [8.232726023485645, 7.0710678118654755, 7.0, 7.490735018081411, 6.635343079131461, 6.379219736334879, 6.057593948462083, 6.379219736334879, 6.807369372803107, 5.25, 5.230784942158405, 4.77042392712057, 4.770423927120571, 5.570258322356135, 3.5, 3.5978388574871505, 5.375530620222585, 4.231669821531217, 3.3082388735465345, 3.308238873546535, 2.432885990005041, 3.3766740200442396, 4.6733582976033174, 1.75, 1.357351696546593, 2.8010364133052845, 2.2928027486996005, 2.292802748699601, 4.333333333333333, 0.0, 0.8454895668840342, 2.6904761904761907, 2.2786006106164525, 2.3863035105460586, 2.386303510546059, 4.439830373157968, 1.5925706198276812, 1.8626292586293278, 3.0952380952380953, 4.6733582976033174, 1.75, 2.7030888521104197, 3.5009919229333337, 3.5009919229333346, 2.9597641935858094, 3.856334424391091, 3.153312570047109, 5.570258322356135, 3.640054944640259, 3.5, 4.400126260814695, 4.993850735477555, 3.8763484231304175, 4.123105625617661, 4.8074017006186525, 5.317685377847939, 4.994441354590566, 4.576510072581994, 4.994441354590566, 5.068968775248517], [8.815602793213278, 7.374382636829772, 7.191303957399503, 7.374382636829772, 7.153959625409936, 6.836277779431657, 6.142857142857143, 6.285894658306708, 7.468423703011885, 5.4568628906826815, 4.991716494362506, 5.319510680274176, 4.590748485304853, 6.321776064343767, 3.73695766736924, 3.6428571428571432, 6.124311410531002, 3.8879574524327594, 3.998086276901866, 2.9601472354139413, 2.428571428571428, 2.874747351612122, 5.502486038847327, 2.0681761549030955, 1.2142857142857144, 2.0883273476902775, 3.1300469449436417, 1.604671821690902, 5.168641272879145, 0.8454895668840342, 0.0, 1.84581404222041, 3.057731374990526, 3.120047095405937, 1.5850778073422127, 3.5960868533633317, 1.2142857142857144, 2.3242046892736714, 2.324204689273671, 5.410855071770981, 1.8103459911601845, 2.428571428571428, 3.9745683888380916, 2.9283052530992726, 3.2164895443110235, 3.2164895443110226, 2.7977981886834087, 6.161562513495237, 3.825116896825039, 3.4590248058823962, 3.8251168968250386, 4.3420468296061685, 3.6428571428571432, 4.270674669360718, 4.270674669360717, 5.694658753779323, 5.290056131795864, 4.357142857142857, 4.556585525953484, 4.857142857142857], [10.155173608580414, 8.220218699332312, 7.825513537878475, 7.357142857142858, 8.406144497099872, 7.985886075898752, 6.616220704997193, 6.376775463047327, 8.968837774227392, 6.208958216280673, 4.857142857142858, 6.677340519790313, 4.634195216660866, 7.992343274685352, 4.689206983224272, 4.270674669360718, 7.792269052498003, 3.6428571428571423, 5.614657284040903, 2.900562929178137, 3.216489544311022, 2.428571428571429, 7.310270242638651, 3.39870006495414, 2.3242046892736714, 1.2142857142857144, 4.958515545728739, 1.214810810835354, 7.009104865844722, 2.6904761904761907, 1.84581404222041, 0.0, 4.855992933903903, 4.87589749863895, 0.8144110179279552, 1.779548881851359, 2.0883273476902775, 3.862503623346237, 1.2142857142857135, 7.1372299262674845, 3.0085149378919946, 2.874747351612121, 5.393225047894216, 2.4445378512353715, 4.397999957721455, 2.428571428571429, 2.9508652372055093, 7.673170858283306, 4.8292851919153215, 4.121730477787124, 3.1428571428571423, 3.337167923324688, 3.8879574524327603, 5.168641272879144, 3.6428571428571423, 6.885729104904029, 6.36587593479747, 4.53038369426184, 4.172920476851008, 4.991716494362505], [7.961215342520711, 7.754600501293321, 7.968251127405146, 9.068002135336311, 6.696344549911791, 6.664370067327433, 7.3137828569416925, 7.95636113254507, 6.294298881393718, 6.303195594912191, 7.082151871011662, 4.914374535240159, 6.560558752865563, 4.6883309489242855, 4.700268437658377, 5.14000312024266, 4.53026205899502, 6.252147934816605, 3.1643839449320947, 5.376167764135344, 4.216714619159479, 5.565142591652602, 3.235381857674355, 3.2526561552636637, 3.477170095724251, 5.07949307744945, 1.414416639208927, 4.570604829391303, 2.253873209232372, 2.2786006106164525, 3.057731374990526, 4.855992933903903, 0.0, 0.33589151164944236, 4.3592060268794555, 6.513661452098141, 3.0915546316441906, 1.488029107384617, 4.930422336497061, 2.4118858019447154, 2.435009121344054, 3.5657647862859063, 2.0856825707487747, 4.820780627980207, 2.427263326951795, 5.290221266655146, 4.059999436645964, 3.560820382994567, 3.0712083948538953, 3.576523185910559, 5.614904700564946, 6.359796483816275, 4.3382746079091445, 3.5380734141822243, 5.883264168465354, 3.890953919168894, 3.8356642793983275, 4.8774903124923386, 5.796738267460099, 5.2797305071356275], [8.288211172770904, 8.08462189042327, 8.288211172770904, 9.346716595206635, 7.031674369909662, 7.0, 7.615773105863909, 8.232726023485647, 6.6149032074887115, 6.6149032074887115, 7.321960878829599, 5.25, 6.807369372803109, 4.994441354590566, 4.994441354590566, 5.408326913195984, 4.839910079766718, 6.459756810429215, 3.5, 5.570258322356135, 4.44926042925641, 5.7266730813360445, 3.5009919229333337, 3.5009919229333337, 3.645657187192813, 5.177846145159959, 1.75, 4.673358297603318, 2.3863035105460586, 2.3863035105460586, 3.120047095405937, 4.87589749863895, 0.33589151164944236, 0.0, 4.333333333333334, 6.491979012319024, 3.021183711793801, 1.2990926538765468, 4.866995143140787, 2.2928027486996005, 2.2928027486996005, 3.3866484546084856, 1.75, 4.673358297603318, 2.133046324230957, 5.152658209246486, 3.872603571141193, 3.3082388735465345, 2.758824226207808, 3.3082388735465345, 5.441609239104837, 6.200377623727393, 4.093922823116316, 3.218867985971328, 5.688682721958671, 3.5629263877386586, 3.5, 4.609772228646444, 5.570258322356135, 5.0], [10.307764064044152, 8.603939666093538, 8.288211172770904, 8.0156097709407, 8.602325267042627, 8.232726023485647, 7.125852775477317, 7.0, 9.017344398435716, 6.6149032074887115, 5.522680508593631, 6.807369372803109, 5.25, 7.905694150420948, 4.994441354590566, 4.693375946776241, 7.707920255269156, 4.314782374439701, 5.570258322356135, 3.5, 3.5459407983107543, 3.1118601301131377, 7.057797106746552, 3.5009919229333346, 2.463451664699023, 1.9232731454051797, 4.673358297603318, 1.75, 6.576473218982953, 2.386303510546059, 1.5850778073422127, 0.8144110179279552, 4.3592060268794555, 4.333333333333334, 0.0, 2.158646227084084, 1.3803364800605469, 3.217811117828807, 0.7592961294810462, 6.5431261641512, 2.292802748699601, 2.060865238893562, 4.673358297603318, 1.75, 3.635457782450769, 1.8543935693924536, 2.1474653507259243, 6.96419413859206, 4.034572812303401, 3.308238873546535, 2.5495097567963922, 2.90343121592185, 3.0883623264459166, 4.362084109434134, 3.0413812651491097, 6.103277807866851, 5.570258322356135, 3.745367509040705, 3.5, 4.216370213557839], [11.789922357062865, 9.611923719544489, 9.096068021134553, 8.171978554931295, 10.013619090813513, 9.548410925336285, 7.824338870689037, 7.327080812738113, 10.679802397979941, 7.602260421705771, 5.74646146099707, 8.350333003743543, 5.678205994037407, 9.759051661622939, 6.243017987621159, 5.6974436885188275, 9.558743489563849, 4.5972376118722575, 7.376243715315812, 4.113749309942169, 4.796061962662994, 3.4923269590830173, 9.085427860511182, 5.126517694116415, 4.061100307478176, 2.4914014349558085, 6.724201173527108, 2.7800797577366394, 8.716416091656027, 4.439830373157968, 3.5960868533633317, 1.779548881851359, 6.513661452098141, 6.491979012319024, 2.158646227084084, 0.0, 3.5100035894999566, 5.355682124213378, 1.7537066252750824, 8.69090441537631, 4.389533439529008, 3.8284970068565163, 6.723221071087728, 2.7777083374666405, 5.6161377575777784, 2.435807714908086, 3.666711309093504, 9.011810563451432, 5.882137199717973, 4.994888776646653, 2.9986153384889147, 2.735358849543386, 4.465829492552617, 6.111272797085688, 3.4263407758590674, 7.967623719897225, 7.374456701686258, 4.942746120259408, 4.110544207566563, 5.308376058026877], [9.825287842050141, 8.555872126545896, 8.398588046757522, 8.555872126545896, 8.220218699332312, 7.945284829407199, 7.357142857142858, 7.476986612144357, 8.387418028162083, 6.659488056835775, 6.1373637304701685, 6.359249249747031, 5.763491025254221, 7.091282054687878, 4.928111319677988, 4.857142857142858, 6.900672862699505, 4.991716494362505, 4.886466107567735, 4.081094068774444, 3.6428571428571423, 3.8879574524327603, 6.02899503890477, 3.2169521567997132, 2.428571428571429, 2.874747351612122, 3.666067514436712, 2.493557458368654, 5.341936089016634, 1.5925706198276812, 1.2142857142857144, 2.0883273476902775, 3.0915546316441906, 3.021183711793801, 1.3803364800605469, 3.5100035894999566, 0.0, 1.8458140422204101, 1.8458140422204097, 5.181580953641304, 0.9212932101878981, 1.2142857142857135, 3.3075747943785285, 1.9281672121955447, 2.3242046892736714, 2.3242046892736714, 1.6017420706824943, 5.593414089725373