totalHoles = 100;
zeroHoleID = 83;
C = [[0.0, 7.030256872844692, 1.9525624189766635, 4.136124290276766, 2.704163456597992, 6.678747714101469, 3.5, 4.0, 4.47213595499958, 5.897268670984712, 4.697073557013984, 6.069619244876715, 4.924428900898052, 6.247221604663771, 5.153882032022076, 6.429640563653445, 6.807471973471885, 5.385164807134504, 5.918426968188235, 6.61647774709307, 7.433034373659253, 5.618051263561058, 6.131091075638803, 6.807369372803109, 7.603453162872775, 5.852349955359813, 6.346477588219924, 7.001983845866669, 7.7781745930520225, 6.0878978309429606, 6.56431853110266, 7.200019290097616, 7.956915231419774, 6.324555320336759, 6.784377479015873, 7.40120110372484, 8.139410298049853, 6.562202374203344, 7.006445445286631, 7.605279598921909, 8.325412902673357, 6.800735254367722, 7.230337321161287, 7.812027763505311, 8.514693182963201, 7.0400639201643616, 7.4558887986461935, 8.021239167222094, 8.707037383633999, 7.280109889280518, 7.68295371441074, 8.232726023485647, 8.902246907382429, 7.520804478245662, 7.911401758081673, 8.446317409248707, 9.100137361600648, 9.515463919319028, 7.762087348130012, 8.141116494546543, 8.66185764012419, 9.300537618869138, 8.00390529679106, 8.37199365609995, 8.879204794224412, 9.503288904374106, 8.246211251235321, 8.603939666093538, 9.098229375970787, 9.7082439194738, 8.488963423174823, 8.836870361037203, 9.318813109928634, 9.91526600752597, 8.73212459828649, 9.070709882791853, 9.540847854241141, 10.124228365658293, 8.97566153550812, 9.305389716598537, 9.76423462324507, 10.335013304297194, 9.219544457292887, 9.540847854241141, 9.988882709181132, 10.547511554864494, 9.46374661537385, 9.777028064692143, 10.214708893442719, 10.761621625015442, 9.5, 9.7082439194738, 10.013879257199868, 10.44163673845139, 10.977249200050075, 10.251354923997988, 11.194306588619055, 10.489412651706376, 10.728013692094999, 10.967122584241402], [7.030256872844692, 0.0, 5.62578396523701, 3.2599687032489433, 5.894491312160335, 3.242893030821321, 7.7626703406647, 7.987918509890003, 6.3005911742524106, 4.656279106540602, 6.454366335781641, 4.862337994155743, 6.614018479553508, 5.072349201387307, 6.779132400188039, 5.285841661667365, 5.250165082965169, 6.9493187976004664, 6.15821919275708, 5.502410174062123, 5.035036647674501, 7.124214160318817, 6.354924018227568, 5.7217054603523865, 5.273802204750311, 7.303480201485529, 6.555261621693644, 5.943425697897658, 5.513563760965606, 7.486802969552161, 6.7589089785448015, 6.167309354802484, 5.754196816032377, 7.673891734726196, 6.965575800438718, 6.3931291500514975, 5.995596438140337, 7.864477732672588, 7.1750011765198645, 6.620686971957075, 6.237673628881609, 8.058312829563452, 7.386950489509552, 6.849809605532558, 6.4803524558351775, 8.255168157615621, 7.601212612857856, 7.080345138723821, 6.723567773381403, 8.454832757773204, 7.817597382653657, 7.312159936356289, 6.967263397823921, 8.657112256019255, 8.035933330278274, 7.545136087987941, 7.211390636074355, 7.104143611388053, 8.861827591683488, 8.256065657447332, 7.77916925112585, 7.455907091525808, 9.06881380976182, 8.477854433256399, 8.014166824384546, 7.700775688777644, 9.277918924388738, 8.701172992355062, 8.250046396261649, 7.945963872323656, 9.48900285693574, 8.925906513866986, 8.486734424492957, 8.191442944419299, 9.701936449510406, 9.151950761760963, 8.724165108666718, 8.43718751498867, 9.916600552696602, 9.37921096879162, 8.962279425161977, 8.683175042257563, 10.132885185037207, 9.60760084768851, 9.201024298744443, 8.929385447268395, 10.350688760877242, 9.83704171486067, 9.440351889494885, 9.175800788884453, 11.654722066678826, 10.569917382645638, 10.06746171342672, 9.68021897732141, 9.422404988573591, 10.298795123834479, 9.66918359635913, 10.530981751675425, 10.763966383518891, 10.99769830268719], [1.9525624189766635, 5.62578396523701, 0.0, 2.441579390055695, 1.0, 4.7761245518606446, 2.704163456597992, 3.132491021535417, 2.7950849718747373, 3.9484525801607115, 3.0413812651491097, 4.126472801046649, 3.2882366094914763, 4.311644440092176, 3.5355339059327378, 4.503085362035432, 4.871945422261231, 3.783186487605389, 4.103690750748377, 4.700029550734524, 5.482928049865327, 4.031128874149275, 4.333333333333333, 4.901813723284247, 5.656854249492381, 4.2793106921559225, 4.565115308267446, 5.107864306907318, 5.836308764964376, 4.527692569068709, 4.7987266829626565, 5.317685377847939, 6.020797289396148, 4.7762432936357, 5.033912770179652, 5.530847835348372, 6.209871174187111, 5.024937810560445, 5.270462766947299, 5.74697988318889, 6.4031242374328485, 5.273755777432247, 5.508200956553581, 5.965758776365147, 6.600189391222043, 5.522680508593631, 5.74697988318889, 6.1869037310901955, 6.800735254367722, 5.771698190307598, 5.986675018553937, 6.410169871210729, 7.00446286306095, 6.020797289396148, 6.227180564089801, 6.635343079131461, 7.211102550927978, 7.599079631627153, 6.269968101992227, 6.468406123441676, 6.8622356253467265, 7.420411039827915, 6.519202405202649, 6.710274046399132, 7.090682462060882, 7.632168761236874, 6.768493185340442, 6.952717294538717, 7.320538079798355, 7.846177413237608, 7.0178344238090995, 7.195677714974301, 7.5516738394727945, 8.06225774829855, 7.267220926874317, 7.439104635490603, 7.783975705112252, 8.280247580839598, 7.516648189186454, 7.68295371441074, 8.017342313870463, 8.5, 7.766112283504533, 7.9271859936409825, 8.251683329950186, 8.721381771256205, 8.0156097709407, 8.171767114754175, 8.486918037649344, 8.94427190999916, 8.38525491562421, 8.26513762740827, 8.416666666666666, 8.722974136025957, 9.168560410446124, 8.661857640124188, 9.394147114027968, 8.907315969346646, 9.153020145163987, 9.398950887081908], [4.136124290276766, 3.2599687032489433, 2.441579390055695, 0.0, 2.637067068872264, 2.7422950591984976, 4.536779581582935, 4.804037403659628, 3.363401313237448, 2.7742064377907414, 3.5704581772979562, 3.021907437600637, 3.78270733705111, 3.2699583733394073, 3.9993221925379743, 3.5182852308076096, 3.7403172349989307, 4.219630457951644, 3.8257086367571427, 3.7668334403402297, 4.0576155539177, 4.443082759033378, 4.070841408763629, 4.015561899561736, 4.289515961660627, 4.669227731174193, 4.316532517803046, 4.264439068759022, 4.523345044023035, 4.897692396171136, 4.562691769032569, 4.513440347795102, 4.758818507700647, 5.128166729881062, 4.809247278020128, 4.762546270121816, 4.995703833413332, 5.3603915166156915, 5.056141076264631, 5.01174123204677, 5.233809319523124, 5.594148765750865, 5.303325917293497, 5.261012581142924, 5.472975716653013, 5.82925412169502, 5.550762919363732, 5.510349950855262, 5.713069787515292, 6.065550825542956, 5.7984198010259504, 5.75974476716087, 5.953979307905467, 6.30290488736672, 6.04626954335285, 6.0091898775778, 6.195609154951023, 6.396274767946106, 6.541201206287553, 6.294289363607518, 6.258679268562173, 6.437878222120964, 6.780340435633317, 6.542459919232917, 6.508207847685598, 6.680716967871475, 7.0202364365476075, 6.7907646842395915, 6.7577712739203335, 6.924065453673317, 7.260814198626563, 7.039189456085274, 7.00736582408606, 7.167871762852537, 7.502008133088337, 7.2877219623561755, 7.256988286783695, 7.412090717917933, 7.743760664617032, 7.5363515445177445, 7.506635877439521, 7.656682833485506, 7.986021063885097, 7.785068901718304, 7.7563061697182025, 7.901613456411171, 8.228744474995132, 8.033865881781193, 8.00599703974184, 8.14685205563993, 9.139980624628409, 8.471891101561054, 8.282735309569802, 8.255706620411216, 8.392371632526231, 8.531670845170998, 8.638148228664374, 8.780666866035133, 9.029718368489336, 9.27882088501444], [2.704163456597992, 5.894491312160335, 1.0, 2.637067068872264, 0.0, 4.4569323792010875, 1.9525624189766635, 2.3048861143232218, 1.8200274723201295, 3.3302068671146814, 2.0615528128088303, 3.468108674447469, 2.3048861143232218, 3.618048891015402, 2.5495097567963922, 3.7785946829182118, 4.172302772320631, 2.7950849718747373, 3.2156302302624566, 3.9484525801607115, 4.8541219597369, 3.0413812651491097, 3.4318767136623336, 4.126472801046649, 5.0, 3.2882366094914763, 3.652434500135188, 4.311644440092176, 5.153882032022076, 3.5355339059327378, 3.8765677832043357, 4.503085362035432, 5.315072906367325, 3.783186487605389, 4.103690750748377, 4.700029550734524, 5.482928049865327, 4.031128874149275, 4.333333333333333, 4.901813723284247, 5.656854249492381, 4.2793106921559225, 4.565115308267446, 5.107864306907318, 5.836308764964376, 4.527692569068709, 4.7987266829626565, 5.317685377847939, 6.020797289396148, 4.7762432936357, 5.033912770179652, 5.530847835348372, 6.209871174187111, 5.024937810560445, 5.270462766947299, 5.74697988318889, 6.4031242374328485, 6.836649996621857, 5.273755777432247, 5.508200956553581, 5.965758776365147, 6.600189391222043, 5.522680508593631, 5.74697988318889, 6.1869037310901955, 6.800735254367722, 5.771698190307598, 5.986675018553937, 6.410169871210729, 7.00446286306095, 6.020797289396148, 6.227180564089801, 6.635343079131461, 7.211102550927978, 6.269968101992227, 6.468406123441676, 6.8622356253467265, 7.420411039827915, 6.519202405202649, 6.710274046399132, 7.090682462060882, 7.632168761236874, 6.768493185340442, 6.952717294538717, 7.320538079798355, 7.846177413237608, 7.0178344238090995, 7.195677714974301, 7.5516738394727945, 8.06225774829855, 7.403546447480424, 7.267220926874317, 7.439104635490603, 7.783975705112252, 8.280247580839598, 7.68295371441074, 8.5, 7.9271859936409825, 8.171767114754175, 8.416666666666666], [6.678747714101469, 3.242893030821321, 4.7761245518606446, 2.7422950591984976, 4.4569323792010875, 0.0, 5.8558306644927125, 5.900609546492267, 3.9268288900894626, 1.703238202273983, 3.983805373824441, 1.8307759278941713, 4.055419260814317, 1.981782183447015, 4.140911192654945, 2.151320698338412, 2.0377422550207602, 4.239441664880678, 3.2174946992399662, 2.335358831436944, 1.8104562479458042, 4.350124797565871, 3.361992305777712, 2.5307352678701465, 2.056324864946503, 4.472058349224524, 3.5183394362369005, 2.735021228530601, 2.3030831671193526, 4.604348597069951, 3.685028156344405, 2.9463640720359545, 2.550472936366854, 4.746129594502375, 3.8607191865664485, 3.163349707107254, 2.7983267006572015, 4.89657699339881, 4.044239454086955, 3.3848931288781925, 3.046531215675013, 5.0549170494434215, 4.234571157326892, 3.610155345466183, 3.2950072188924757, 5.220431639359435, 4.430836603953712, 3.8384816976077025, 3.5436976023674456, 5.3924601644978605, 4.632281633861149, 4.069356443879126, 3.792560193523108, 5.570399155371862, 4.838259321272329, 4.302369346280235, 4.041563180994118, 4.041457288409518, 5.753700276747026, 5.048214871055889, 4.5371909940273705, 4.290682121812165, 5.9418672990155255, 5.26167212099168, 4.77355446609278, 4.539897927807386, 6.134452471376831, 5.478221758316502, 5.011241599167374, 4.789195477257225, 6.331052617697358, 5.6975111897883615, 5.250072617564146, 5.038562636690379, 6.531305181395509, 5.919235920474436, 5.489898233498331, 5.287989558265369, 6.734884371464374, 6.14313226348791, 5.730593576466521, 5.5374681663008065, 6.941497505687539, 6.368971198802625, 5.972053487964638, 5.786991776153313, 7.150881606203363, 6.596553210249168, 6.214188843894418, 6.036554807316614, 8.579512559494466, 7.362800273700818, 6.8257039475881065, 6.456923656978849, 6.286152564662155, 7.056270580454743, 6.535781069671768, 7.288118730444941, 7.521129885431685, 7.755199215881232], [3.5, 7.7626703406647, 2.704163456597992, 4.536779581582935, 1.9525624189766635, 5.8558306644927125, 0.0, 0.5, 2.0615528128088303, 4.362084109434134, 2.1360009363293826, 4.397758267319587, 2.23606797749979, 4.447221354708779, 2.358495283014151, 4.510019709244936, 4.918798477482394, 2.5, 3.5039660069381067, 4.585605497399202, 5.70087712549569, 2.6575364531836625, 3.618048891015402, 4.673358297603318, 5.771698190307598, 2.8284271247461903, 3.7453675090407055, 4.772607021092118, 5.852349955359813, 3.010398644698074, 3.884620673602222, 4.882650691763418, 5.942432162002357, 3.2015621187164243, 4.034572812303401, 5.002777006601212, 6.041522986797286, 3.400367627183861, 4.1940765107205396, 5.132278030054274, 6.149186938124422, 3.605551275463989, 4.362084109434134, 5.2704627669473, 6.264982043070834, 3.816084380618437, 4.53765113002066, 5.416666666666667, 6.388466169590319, 4.031128874149275, 4.719934086168766, 5.570258322356135, 6.519202405202649, 4.25, 4.908184774209074, 5.730643748984732, 6.656763477847174, 7.212645516702497, 4.47213595499958, 5.101742621671322, 5.897268670984712, 6.800735254367722, 4.697073557013984, 5.300026205385949, 6.069619244876715, 6.950719387228922, 4.924428900898052, 5.50252467307306, 6.247221604663771, 7.106335201775948, 5.153882032022076, 5.708789519484649, 6.429640563653445, 7.267220926874317, 5.385164807134504, 5.918426968188235, 6.61647774709307, 7.433034373659253, 5.618051263561058, 6.131091075638803, 6.807369372803109, 7.603453162872775, 5.852349955359813, 6.346477588219924, 7.001983845866669, 7.7781745930520225, 6.0878978309429606, 6.56431853110266, 7.200019290097616, 7.956915231419774, 6.0, 6.324555320336759, 6.784377479015873, 7.40120110372484, 8.139410298049853, 7.006445445286631, 8.325412902673357, 7.230337321161287, 7.4558887986461935, 7.68295371441074], [4.0, 7.987918509890003, 3.132491021535417, 4.804037403659628, 2.3048861143232218, 5.900609546492267, 0.5, 0.0, 2.0, 4.333333333333334, 2.0155644370746373, 4.3405388810351395, 2.0615528128088303, 4.362084109434134, 2.1360009363293826, 4.397758267319587, 4.799031941474681, 2.23606797749979, 3.3208098075285464, 4.447221354708779, 5.5901699437494745, 2.358495283014151, 3.4044497026359166, 4.510019709244936, 5.640257086339239, 2.5, 3.5039660069381067, 4.585605497399202, 5.70087712549569, 2.6575364531836625, 3.618048891015402, 4.673358297603318, 5.771698190307598, 2.8284271247461903, 3.7453675090407055, 4.772607021092118, 5.852349955359813, 3.010398644698074, 3.884620673602222, 4.882650691763418, 5.942432162002357, 3.2015621187164243, 4.034572812303401, 5.002777006601212, 6.041522986797286, 3.400367627183861, 4.1940765107205396, 5.132278030054274, 6.149186938124422, 3.605551275463989, 4.362084109434134, 5.2704627669473, 6.264982043070834, 3.816084380618437, 4.53765113002066, 5.416666666666667, 6.388466169590319, 6.965568269269788, 4.031128874149275, 4.719934086168766, 5.570258322356135, 6.519202405202649, 4.25, 4.908184774209074, 5.730643748984732, 6.656763477847174, 4.47213595499958, 5.101742621671322, 5.897268670984712, 6.800735254367722, 4.697073557013984, 5.300026205385949, 6.069619244876715, 6.950719387228922, 4.924428900898052, 5.50252467307306, 6.247221604663771, 7.106335201775948, 5.153882032022076, 5.708789519484649, 6.429640563653445, 7.267220926874317, 5.385164807134504, 5.918426968188235, 6.61647774709307, 7.433034373659253, 5.618051263561058, 6.131091075638803, 6.807369372803109, 7.603453162872775, 5.5, 5.852349955359813, 6.346477588219924, 7.001983845866669, 7.7781745930520225, 6.56431853110266, 7.956915231419774, 6.784377479015873, 7.006445445286631, 7.230337321161287], [4.47213595499958, 6.3005911742524106, 2.7950849718747373, 3.363401313237448, 1.8200274723201295, 3.9268288900894626, 2.0615528128088303, 2.0, 0.0, 2.333333333333334, 0.25, 2.346687973388121, 0.5, 2.3863035105460595, 0.75, 2.4509068616421246, 2.8610919655100977, 1.0, 1.5365907428821481, 2.53859103528797, 3.640054944640259, 1.25, 1.7098570440569327, 2.6470633623780992, 3.7165171868296265, 1.5, 1.90029237516523, 2.7738861628488736, 3.8078865529319543, 1.75, 2.1032382440206607, 2.916666666666667, 3.913118960624632, 2.0, 2.3154073315749675, 3.0731814857642963, 4.031128874149275, 2.25, 2.5344843876242584, 3.2414417231294546, 4.16082924427331, 2.5, 2.758824226207808, 3.4197140881138655, 4.301162633521313, 2.75, 2.9872413881558204, 3.606514168063734, 4.451123453691214, 3.0, 3.218867985971328, 3.80058475033046, 4.6097722286464435, 3.25, 3.4530582258501106, 4.000867961385935, 4.7762432936357, 5.280353362256266, 3.5, 3.689323936863109, 4.2064764880413215, 4.949747468305833, 3.75, 3.9272905559827263, 4.416666666666667, 5.129571132170798, 4.0, 4.166666666666667, 4.630814663149935, 5.315072906367325, 4.25, 4.407222607392451, 4.848396069262952, 5.50567888638631, 4.5, 4.648775226993784, 5.068968775248517, 5.70087712549569, 4.75, 4.891176863609729, 5.292158769769142, 5.900211860602973, 5.0, 5.134307266916454, 5.517648452415616, 6.103277807866851, 5.25, 5.378067600087517, 5.745167051047728, 6.309714732061981, 5.852349955359813, 5.5, 5.622375931144333, 5.974482776311641, 6.519202405202649, 5.867163804693978, 6.73145600891813, 6.112373606964083, 6.357956520070825, 6.60387091871965], [5.897268670984712, 4.656279106540602, 3.9484525801607115, 2.7742064377907414, 3.3302068671146814, 1.703238202273983, 4.362084109434134, 4.333333333333334, 2.333333333333334, 0.0, 2.346687973388121, 0.25, 2.3863035105460595, 0.5, 2.4509068616421246, 0.75, 0.9889158791314994, 2.53859103528797, 1.5365907428821481, 1.0, 1.5365907428821475, 2.6470633623780992, 1.7098570440569327, 1.25, 1.7098570440569323, 2.7738861628488736, 1.90029237516523, 1.5, 1.9002923751652296, 2.916666666666667, 2.1032382440206607, 1.75, 2.1032382440206603, 3.0731814857642963, 2.3154073315749675, 2.0, 2.315407331574967, 3.2414417231294546, 2.5344843876242584, 2.25, 2.534484387624258, 3.4197140881138655, 2.758824226207808, 2.5, 2.7588242262078078, 3.606514168063734, 2.9872413881558204, 2.75, 2.98724138815582, 3.80058475033046, 3.218867985971328, 3.0, 3.2188679859713276, 4.000867961385935, 3.4530582258501106, 3.25, 3.45305822585011, 3.7305135630241644, 4.2064764880413215, 3.689323936863109, 3.5, 3.689323936863109, 4.416666666666667, 3.9272905559827263, 3.75, 3.9272905559827263, 4.630814663149935, 4.166666666666667, 4.0, 4.166666666666667, 4.848396069262952, 4.407222607392451, 4.25, 4.407222607392451, 5.068968775248517, 4.648775226993784, 4.5, 4.648775226993784, 5.292158769769142, 4.891176863609729, 4.75, 4.891176863609729, 5.517648452415616, 5.134307266916454, 5.0, 5.134307266916454, 5.745167051047728, 5.378067600087517, 5.25, 5.378067600087517, 7.001983845866669, 5.974482776311641, 5.622375931144333, 5.5, 5.622375931144333, 5.867163804693978, 5.867163804693977, 6.112373606964083, 6.357956520070825, 6.60387091871965], [4.697073557013984, 6.454366335781641, 3.0413812651491097, 3.5704581772979562, 2.0615528128088303, 3.983805373824441, 2.1360009363293826, 2.0155644370746373, 0.25, 2.346687973388121, 0.0, 2.333333333333334, 0.25, 2.346687973388121, 0.5, 2.3863035105460595, 2.79131004936965, 0.75, 1.3869430814244368, 2.4509068616421246, 3.5794552658190883, 1.0, 1.5365907428821481, 2.53859103528797, 3.640054944640259, 1.25, 1.7098570440569327, 2.6470633623780992, 3.7165171868296265, 1.5, 1.90029237516523, 2.7738861628488736, 3.8078865529319543, 1.75, 2.1032382440206607, 2.916666666666667, 3.913118960624632, 2.0, 2.3154073315749675, 3.0731814857642963, 4.031128874149275, 2.25, 2.5344843876242584, 3.2414417231294546, 4.16082924427331, 2.5, 2.758824226207808, 3.4197140881138655, 4.301162633521313, 2.75, 2.9872413881558204, 3.606514168063734, 4.451123453691214, 3.0, 3.218867985971328, 3.80058475033046, 4.6097722286464435, 5.130114483363484, 3.25, 3.4530582258501106, 4.000867961385935, 4.7762432936357, 3.5, 3.689323936863109, 4.2064764880413215, 4.949747468305833, 3.75, 3.9272905559827263, 4.416666666666667, 5.129571132170798, 4.0, 4.166666666666667, 4.630814663149935, 5.315072906367325, 4.25, 4.407222607392451, 4.848396069262952, 5.50567888638631, 4.5, 4.648775226993784, 5.068968775248517, 5.70087712549569, 4.75, 4.891176863609729, 5.292158769769142, 5.900211860602973, 5.0, 5.134307266916454, 5.517648452415616, 6.103277807866851, 5.618051263561058, 5.25, 5.378067600087517, 5.745167051047728, 6.309714732061981, 5.622375931144333, 6.519202405202649, 5.867163804693978, 6.112373606964083, 6.357956520070825], [6.069619244876715, 4.862337994155743, 4.126472801046649, 3.021907437600637, 3.468108674447469, 1.8307759278941713, 4.397758267319587, 4.3405388810351395, 2.346687973388121, 0.25, 2.333333333333334, 0.0, 2.346687973388121, 0.25, 2.3863035105460595, 0.5, 0.7638842664985267, 2.4509068616421246, 1.3869430814244368, 0.75, 1.3869430814244361, 2.53859103528797, 1.5365907428821481, 1.0, 1.5365907428821475, 2.6470633623780992, 1.7098570440569327, 1.25, 1.7098570440569323, 2.7738861628488736, 1.90029237516523, 1.5, 1.9002923751652296, 2.916666666666667, 2.1032382440206607, 1.75, 2.1032382440206603, 3.0731814857642963, 2.3154073315749675, 2.0, 2.315407331574967, 3.2414417231294546, 2.5344843876242584, 2.25, 2.534484387624258, 3.4197140881138655, 2.758824226207808, 2.5, 2.7588242262078078, 3.606514168063734, 2.9872413881558204, 2.75, 2.98724138815582, 3.80058475033046, 3.218867985971328, 3.0, 3.2188679859713276, 3.514637168475857, 4.000867961385935, 3.4530582258501106, 3.25, 3.45305822585011, 4.2064764880413215, 3.689323936863109, 3.5, 3.689323936863109, 4.416666666666667, 3.9272905559827263, 3.75, 3.9272905559827263, 4.630814663149935, 4.166666666666667, 4.0, 4.166666666666667, 4.848396069262952, 4.407222607392451, 4.25, 4.407222607392451, 5.068968775248517, 4.648775226993784, 4.5, 4.648775226993784, 5.292158769769142, 4.891176863609729, 4.75, 4.891176863609729, 5.517648452415616, 5.134307266916454, 5.0, 5.134307266916454, 6.807369372803109, 5.745167051047728, 5.378067600087517, 5.25, 5.378067600087517, 5.622375931144333, 5.622375931144333, 5.867163804693978, 6.112373606964083, 6.357956520070825], [4.924428900898052, 6.614018479553508, 3.2882366094914763, 3.78270733705111, 2.3048861143232218, 4.055419260814317, 2.23606797749979, 2.0615528128088303, 0.5, 2.3863035105460595, 0.25, 2.346687973388121, 0.0, 2.333333333333334, 0.25, 2.346687973388121, 2.742622166525598, 0.5, 1.269295517643985, 2.3863035105460595, 3.5355339059327378, 0.75, 1.3869430814244368, 2.4509068616421246, 3.5794552658190883, 1.0, 1.5365907428821481, 2.53859103528797, 3.640054944640259, 1.25, 1.7098570440569327, 2.6470633623780992, 3.7165171868296265, 1.5, 1.90029237516523, 2.7738861628488736, 3.8078865529319543, 1.75, 2.1032382440206607, 2.916666666666667, 3.913118960624632, 2.0, 2.3154073315749675, 3.0731814857642963, 4.031128874149275, 2.25, 2.5344843876242584, 3.2414417231294546, 4.16082924427331, 2.5, 2.758824226207808, 3.4197140881138655, 4.301162633521313, 2.75, 2.9872413881558204, 3.606514168063734, 4.451123453691214, 4.9878870871883745, 3.0, 3.218867985971328, 3.80058475033046, 4.6097722286464435, 3.25, 3.4530582258501106, 4.000867961385935, 4.7762432936357, 3.5, 3.689323936863109, 4.2064764880413215, 4.949747468305833, 3.75, 3.9272905559827263, 4.416666666666667, 5.129571132170798, 4.0, 4.166666666666667, 4.630814663149935, 5.315072906367325, 4.25, 4.407222607392451, 4.848396069262952, 5.50567888638631, 4.5, 4.648775226993784, 5.068968775248517, 5.70087712549569, 4.75, 4.891176863609729, 5.292158769769142, 5.900211860602973, 5.385164807134504, 5.0, 5.134307266916454, 5.517648452415616, 6.103277807866851, 5.378067600087517, 6.309714732061981, 5.622375931144333, 5.867163804693978, 6.112373606964083], [6.247221604663771, 5.072349201387307, 4.311644440092176, 3.2699583733394073, 3.618048891015402, 1.981782183447015, 4.447221354708779, 4.362084109434134, 2.3863035105460595, 0.5, 2.346687973388121, 0.25, 2.333333333333334, 0.0, 2.346687973388121, 0.25, 0.5604317346560221, 2.3863035105460595, 1.269295517643985, 0.5, 1.2692955176439842, 2.4509068616421246, 1.3869430814244368, 0.75, 1.3869430814244361, 2.53859103528797, 1.5365907428821481, 1.0, 1.5365907428821475, 2.6470633623780992, 1.7098570440569327, 1.25, 1.7098570440569323, 2.7738861628488736, 1.90029237516523, 1.5, 1.9002923751652296, 2.916666666666667, 2.1032382440206607, 1.75, 2.1032382440206603, 3.0731814857642963, 2.3154073315749675, 2.0, 2.315407331574967, 3.2414417231294546, 2.5344843876242584, 2.25, 2.534484387624258, 3.4197140881138655, 2.758824226207808, 2.5, 2.7588242262078078, 3.606514168063734, 2.9872413881558204, 2.75, 2.98724138815582, 3.303576457138041, 3.80058475033046, 3.218867985971328, 3.0, 3.2188679859713276, 4.000867961385935, 3.4530582258501106, 3.25, 3.45305822585011, 4.2064764880413215, 3.689323936863109, 3.5, 3.689323936863109, 4.416666666666667, 3.9272905559827263, 3.75, 3.9272905559827263, 4.630814663149935, 4.166666666666667, 4.0, 4.166666666666667, 4.848396069262952, 4.407222607392451, 4.25, 4.407222607392451, 5.068968775248517, 4.648775226993784, 4.5, 4.648775226993784, 5.292158769769142, 4.891176863609729, 4.75, 4.891176863609729, 6.61647774709307, 5.517648452415616, 5.134307266916454, 5.0, 5.134307266916454, 5.378067600087517, 5.378067600087517, 5.622375931144333, 5.867163804693978, 6.112373606964083], [5.153882032022076, 6.779132400188039, 3.5355339059327378, 3.9993221925379743, 2.5495097567963922, 4.140911192654945, 2.358495283014151, 2.1360009363293826, 0.75, 2.4509068616421246, 0.5, 2.3863035105460595, 0.25, 2.346687973388121, 0.0, 2.333333333333334, 2.7161629010284214, 0.25, 1.1931517552730297, 2.346687973388121, 3.5089172119045497, 0.5, 1.269295517643985, 2.3863035105460595, 3.5355339059327378, 0.75, 1.3869430814244368, 2.4509068616421246, 3.5794552658190883, 1.0, 1.5365907428821481, 2.53859103528797, 3.640054944640259, 1.25, 1.7098570440569327, 2.6470633623780992, 3.7165171868296265, 1.5, 1.90029237516523, 2.7738861628488736, 3.8078865529319543, 1.75, 2.1032382440206607, 2.916666666666667, 3.913118960624632, 2.0, 2.3154073315749675, 3.0731814857642963, 4.031128874149275, 2.25, 2.5344843876242584, 3.2414417231294546, 4.16082924427331, 2.5, 2.758824226207808, 3.4197140881138655, 4.301162633521313, 4.854375405411624, 2.75, 2.9872413881558204, 3.606514168063734, 4.451123453691214, 3.0, 3.218867985971328, 3.80058475033046, 4.6097722286464435, 3.25, 3.4530582258501106, 4.000867961385935, 4.7762432936357, 3.5, 3.689323936863109, 4.2064764880413215, 4.949747468305833, 3.75, 3.9272905559827263, 4.416666666666667, 5.129571132170798, 4.0, 4.166666666666667, 4.630814663149935, 5.315072906367325, 4.25, 4.407222607392451, 4.848396069262952, 5.50567888638631, 4.5, 4.648775226993784, 5.068968775248517, 5.70087712549569, 5.153882032022076, 4.75, 4.891176863609729, 5.292158769769142, 5.900211860602973, 5.134307266916454, 6.103277807866851, 5.378067600087517, 5.622375931144333, 5.867163804693978], [6.429640563653445, 5.285841661667365, 4.503085362035432, 3.5182852308076096, 3.7785946829182118, 2.151320698338412, 4.510019709244936, 4.397758267319587, 2.4509068616421246, 0.75, 2.3863035105460595, 0.5, 2.346687973388121, 0.25, 2.333333333333334, 0.0, 0.4118838256294168, 2.346687973388121, 1.1931517552730297, 0.25, 1.1931517552730289, 2.3863035105460595, 1.269295517643985, 0.5, 1.2692955176439842, 2.4509068616421246, 1.3869430814244368, 0.75, 1.3869430814244361, 2.53859103528797, 1.5365907428821481, 1.0, 1.5365907428821475, 2.6470633623780992, 1.7098570440569327, 1.25, 1.7098570440569323, 2.7738861628488736, 1.90029237516523, 1.5, 1.9002923751652296, 2.916666666666667, 2.1032382440206607, 1.75, 2.1032382440206603, 3.0731814857642963, 2.3154073315749675, 2.0, 2.315407331574967, 3.2414417231294546, 2.5344843876242584, 2.25, 2.534484387624258, 3.4197140881138655, 2.758824226207808, 2.5, 2.7588242262078078, 3.098315734440483, 3.606514168063734, 2.9872413881558204, 2.75, 2.98724138815582, 3.80058475033046, 3.218867985971328, 3.0, 3.2188679859713276, 4.000867961385935, 3.4530582258501106, 3.25, 3.45305822585011, 4.2064764880413215, 3.689323936863109, 3.5, 3.689323936863109, 4.416666666666667, 3.9272905559827263, 3.75, 3.9272905559827263, 4.630814663149935, 4.166666666666667, 4.0, 4.166666666666667, 4.848396069262952, 4.407222607392451, 4.25, 4.407222607392451, 5.068968775248517, 4.648775226993784, 4.5, 4.648775226993784, 6.429640563653445, 5.292158769769142, 4.891176863609729, 4.75, 4.891176863609729, 5.134307266916454, 5.134307266916454, 5.378067600087517, 5.622375931144333, 5.867163804693978], [6.807471973471885, 5.250165082965169, 4.871945422261231, 3.7403172349989307, 4.172302772320631, 2.0377422550207602, 4.918798477482394, 4.799031941474681, 2.8610919655100977, 0.9889158791314994, 2.79131004936965, 0.7638842664985267, 2.742622166525598, 0.5604317346560221, 2.7161629010284214, 0.4118838256294168, 0.0, 2.7125828027045915, 1.546947976133516, 0.3875730155992412, 0.7934732926822556, 2.7319718186932787, 1.5807000339941626, 0.505744400884731, 0.8574172979393326, 2.773848333045595, 1.6520221409154034, 0.6973822163145698, 0.9827151059239663, 2.837216793152295, 1.7563432781436203, 0.9175546371946399, 1.1494753307560446, 2.920678634829748, 1.8882018608416433, 1.1499874211672723, 1.3423330781226708, 3.0225698080534924, 2.0422709966827153, 1.3885372250856363, 1.5515871387801103, 3.1410973880416524, 2.21391855778323, 1.630521444831096, 1.7714364808915435, 3.274455276495261, 2.399374905491541, 1.874610556531583, 1.9983872904016833, 3.4209095156658593, 2.5956818937820767, 2.1200776625551283, 2.230272700600657, 3.578852675226907, 2.8005587032436354, 2.3664939999650922, 2.4657008893314925, 2.751158053613889, 3.7468321322931395, 3.0122572278806534, 2.61359109435205, 2.703746554737644, 3.923559045584751, 3.2294361990175324, 2.8611925774197577, 2.943774785689497, 4.107904592465054, 3.451061100608097, 3.1091779495048977, 3.1853374303936484, 4.298888774718538, 3.67632796098715, 3.3574621484527634, 3.4281101356392236, 4.49566560744976, 3.904606488923244, 3.605983449060549, 3.6718528917534186, 4.6975071911187305, 4.135397972377879, 3.854695992099011, 3.9163845847009853, 4.903788165002415, 4.368304127067235, 4.103565004737922, 4.161566144120393, 5.113971345620087, 4.603003965146913, 4.352563647405435, 4.407289113331985, 6.5748100976847, 5.327594905811522, 4.839236516204159, 4.6016708771185355, 4.6534677268785485, 5.076787824635705, 4.900033310264918, 5.315481085750837, 5.555169099998709, 5.795728451729431], [5.385164807134504, 6.9493187976004664, 3.783186487605389, 4.219630457951644, 2.7950849718747373, 4.239441664880678, 2.5, 2.23606797749979, 1.0, 2.53859103528797, 0.75, 2.4509068616421246, 0.5, 2.3863035105460595, 0.25, 2.346687973388121, 2.7125828027045915, 0.0, 1.166666666666667, 2.333333333333334, 3.5, 0.25, 1.1931517552730297, 2.346687973388121, 3.5089172119045497, 0.5, 1.269295517643985, 2.3863035105460595, 3.5355339059327378, 0.75, 1.3869430814244368, 2.4509068616421246, 3.5794552658190883, 1.0, 1.5365907428821481, 2.53859103528797, 3.640054944640259, 1.25, 1.7098570440569327, 2.6470633623780992, 3.7165171868296265, 1.5, 1.90029237516523, 2.7738861628488736, 3.8078865529319543, 1.75, 2.1032382440206607, 2.916666666666667, 3.913118960624632, 2.0, 2.3154073315749675, 3.0731814857642963, 4.031128874149275, 2.25, 2.5344843876242584, 3.2414417231294546, 4.16082924427331, 4.7303174902737775, 2.5, 2.758824226207808, 3.4197140881138655, 4.301162633521313, 2.75, 2.9872413881558204, 3.606514168063734, 4.451123453691214, 3.0, 3.218867985971328, 3.80058475033046, 4.6097722286464435, 3.25, 3.4530582258501106, 4.000867961385935, 4.7762432936357, 3.5, 3.689323936863109, 4.2064764880413215, 4.949747468305833, 3.75, 3.9272905559827263, 4.416666666666667, 5.129571132170798, 4.0, 4.166666666666667, 4.630814663149935, 5.315072906367325, 4.25, 4.407222607392451, 4.848396069262952, 5.50567888638631, 4.924428900898052, 4.5, 4.648775226993784, 5.068968775248517, 5.70087712549569, 4.891176863609729, 5.900211860602973, 5.134307266916454, 5.378067600087517, 5.622375931144333], [5.918426968188235, 6.15821919275708, 4.103690750748377, 3.8257086367571427, 3.2156302302624566, 3.2174946992399662, 3.5039660069381067, 3.3208098075285464, 1.5365907428821481, 1.5365907428821481, 1.3869430814244368, 1.3869430814244368, 1.269295517643985, 1.269295517643985, 1.1931517552730297, 1.1931517552730297, 1.546947976133516, 1.166666666666667, 0.0, 1.166666666666667, 2.333333333333333, 1.1931517552730297, 0.25, 1.1931517552730297, 2.34668797338812, 1.269295517643985, 0.5, 1.269295517643985, 2.3863035105460586, 1.3869430814244368, 0.75, 1.3869430814244368, 2.4509068616421232, 1.5365907428821481, 1.0, 1.5365907428821481, 2.5385910352879693, 1.7098570440569327, 1.25, 1.7098570440569327, 2.6470633623780984, 1.90029237516523, 1.5, 1.90029237516523, 2.7738861628488727, 2.1032382440206607, 1.75, 2.1032382440206607, 2.9166666666666665, 2.3154073315749675, 2.0, 2.3154073315749675, 3.0731814857642954, 2.5344843876242584, 2.25, 2.5344843876242584, 3.2414417231294537, 3.745943453188662, 2.758824226207808, 2.5, 2.758824226207808, 3.419714088113865, 2.9872413881558204, 2.75, 2.9872413881558204, 3.6065141680637334, 3.218867985971328, 3.0, 3.218867985971328, 3.8005847503304597, 3.4530582258501106, 3.25, 3.4530582258501106, 4.000867961385935, 3.689323936863109, 3.5, 3.689323936863109, 4.206476488041321, 3.9272905559827263, 3.75, 3.9272905559827263, 4.416666666666666, 4.166666666666667, 4.0, 4.166666666666667, 4.630814663149935, 4.407222607392451, 4.25, 4.407222607392451, 4.848396069262952, 5.50252467307306, 4.648775226993784, 4.5, 4.648775226993784, 5.068968775248516, 4.75, 5.292158769769142, 5.0, 5.25, 5.5], [6.61647774709307, 5.502410174062123, 4.700029550734524, 3.7668334403402297, 3.9484525801607115, 2.335358831436944, 4.585605497399202, 4.447221354708779, 2.53859103528797, 1.0, 2.4509068616421246, 0.75, 2.3863035105460595, 0.5, 2.346687973388121, 0.25, 0.3875730155992412, 2.333333333333334, 1.166666666666667, 0.0, 1.166666666666666, 2.346687973388121, 1.1931517552730297, 0.25, 1.1931517552730289, 2.3863035105460595, 1.269295517643985, 0.5, 1.2692955176439842, 2.4509068616421246, 1.3869430814244368, 0.75, 1.3869430814244361, 2.53859103528797, 1.5365907428821481, 1.0, 1.5365907428821475, 2.6470633623780992, 1.7098570440569327, 1.25, 1.7098570440569323, 2.7738861628488736, 1.90029237516523, 1.5, 1.9002923751652296, 2.916666666666667, 2.1032382440206607, 1.75, 2.1032382440206603, 3.0731814857642963, 2.3154073315749675, 2.0, 2.315407331574967, 3.2414417231294546, 2.5344843876242584, 2.25, 2.534484387624258, 2.900086787047279, 3.4197140881138655, 2.758824226207808, 2.5, 2.7588242262078078, 3.606514168063734, 2.9872413881558204, 2.75, 2.98724138815582, 3.80058475033046, 3.218867985971328, 3.0, 3.2188679859713276, 4.000867961385935, 3.4530582258501106, 3.25, 3.45305822585011, 4.2064764880413215, 3.689323936863109, 3.5, 3.689323936863109, 4.416666666666667, 3.9272905559827263, 3.75, 3.9272905559827263, 4.630814663149935, 4.166666666666667, 4.0, 4.166666666666667, 4.848396069262952, 4.407222607392451, 4.25, 4.407222607392451, 6.247221604663771, 5.068968775248517, 4.648775226993784, 4.5, 4.648775226993784, 4.891176863609729, 4.891176863609729, 5.134307266916454, 5.378067600087517, 5.622375931144333], [7.433034373659253, 5.035036647674501, 5.482928049865327, 4.0576155539177, 4.8541219597369, 1.8104562479458042, 5.70087712549569, 5.5901699437494745, 3.640054944640259, 1.5365907428821475, 3.5794552658190883, 1.3869430814244361, 3.5355339059327378, 1.2692955176439842, 3.5089172119045497, 1.1931517552730289, 0.7934732926822556, 3.5, 2.333333333333333, 1.166666666666666, 0.0, 3.5089172119045497, 2.34668797338812, 1.1931517552730289, 0.25, 3.5355339059327378, 2.3863035105460586, 1.2692955176439842, 0.5, 3.5794552658190883, 2.4509068616421232, 1.3869430814244361, 0.75, 3.640054944640259, 2.5385910352879693, 1.5365907428821475, 1.0, 3.7165171868296265, 2.6470633623780984, 1.7098570440569323, 1.25, 3.8078865529319543, 2.7738861628488727, 1.9002923751652296, 1.5, 3.913118960624632, 2.9166666666666665, 2.1032382440206603, 1.75, 4.031128874149275, 3.0731814857642954, 2.315407331574967, 2.0, 4.16082924427331, 3.2414417231294537, 2.534484387624258, 2.25, 2.3475810129892527, 4.301162633521313, 3.419714088113865, 2.7588242262078078, 2.5, 4.451123453691214, 3.6065141680637334, 2.98724138815582, 2.75, 4.6097722286464435, 3.8005847503304597, 3.2188679859713276, 3.0, 4.7762432936357, 4.000867961385935, 3.45305822585011, 3.25, 4.949747468305833, 4.206476488041321, 3.689323936863109, 3.5, 5.129571132170798, 4.416666666666666, 3.9272905559827263, 3.75, 5.315072906367325, 4.630814663149935, 4.166666666666667, 4.0, 5.50567888638631, 4.848396069262952, 4.407222607392451, 4.25, 7.106335201775948, 5.70087712549569, 5.068968775248516, 4.648775226993784, 4.5, 5.292158769769142, 4.75, 5.517648452415616, 5.745167051047727, 5.97448277631164], [5.618051263561058, 7.124214160318817, 4.031128874149275, 4.443082759033378, 3.0413812651491097, 4.350124797565871, 2.6575364531836625, 2.358495283014151, 1.25, 2.6470633623780992, 1.0, 2.53859103528797, 0.75, 2.4509068616421246, 0.5, 2.3863035105460595, 2.7319718186932787, 0.25, 1.1931517552730297, 2.346687973388121, 3.5089172119045497, 0.0, 1.166666666666667, 2.333333333333334, 3.5, 0.25, 1.1931517552730297, 2.346687973388121, 3.5089172119045497, 0.5, 1.269295517643985, 2.3863035105460595, 3.5355339059327378, 0.75, 1.3869430814244368, 2.4509068616421246, 3.5794552658190883, 1.0, 1.5365907428821481, 2.53859103528797, 3.640054944640259, 1.25, 1.7098570440569327, 2.6470633623780992, 3.7165171868296265, 1.5, 1.90029237516523, 2.7738861628488736, 3.8078865529319543, 1.75, 2.1032382440206607, 2.916666666666667, 3.913118960624632, 2.0, 2.3154073315749675, 3.0731814857642963, 4.031128874149275, 4.616475554025468, 2.25, 2.5344843876242584, 3.2414417231294546, 4.16082924427331, 2.5, 2.758824226207808, 3.4197140881138655, 4.301162633521313, 2.75, 2.9872413881558204, 3.606514168063734, 4.451123453691214, 3.0, 3.218867985971328, 3.80058475033046, 4.6097722286464435, 3.25, 3.4530582258501106, 4.000867961385935, 4.7762432936357, 3.5, 3.689323936863109, 4.2064764880413215, 4.949747468305833, 3.75, 3.9272905559827263, 4.416666666666667, 5.129571132170798, 4.0, 4.166666666666667, 4.630814663149935, 5.315072906367325, 4.697073557013984, 4.25, 4.407222607392451, 4.848396069262952, 5.50567888638631, 4.648775226993784, 5.70087712549569, 4.891176863609729, 5.134307266916454, 5.378067600087517], [6.131091075638803, 6.354924018227568, 4.333333333333333, 4.070841408763629, 3.4318767136623336, 3.361992305777712, 3.618048891015402, 3.4044497026359166, 1.7098570440569327, 1.7098570440569327, 1.5365907428821481, 1.5365907428821481, 1.3869430814244368, 1.3869430814244368, 1.269295517643985, 1.269295517643985, 1.5807000339941626, 1.1931517552730297, 0.25, 1.1931517552730297, 2.34668797338812, 1.166666666666667, 0.0, 1.166666666666667, 2.333333333333333, 1.1931517552730297, 0.25, 1.1931517552730297, 2.34668797338812, 1.269295517643985, 0.5, 1.269295517643985, 2.3863035105460586, 1.3869430814244368, 0.75, 1.3869430814244368, 2.4509068616421232, 1.5365907428821481, 1.0, 1.5365907428821481, 2.5385910352879693, 1.7098570440569327, 1.25, 1.7098570440569327, 2.6470633623780984, 1.90029237516523, 1.5, 1.90029237516523, 2.7738861628488727, 2.1032382440206607, 1.75, 2.1032382440206607, 2.9166666666666665, 2.3154073315749675, 2.0, 2.3154073315749675, 3.0731814857642954, 3.6011158460415764, 2.5344843876242584, 2.25, 2.5344843876242584, 3.2414417231294537, 2.758824226207808, 2.5, 2.758824226207808, 3.419714088113865, 2.9872413881558204, 2.75, 2.9872413881558204, 3.6065141680637334, 3.218867985971328, 3.0, 3.218867985971328, 3.8005847503304597, 3.4530582258501106, 3.25, 3.4530582258501106, 4.000867961385935, 3.689323936863109, 3.5, 3.689323936863109, 4.206476488041321, 3.9272905559827263, 3.75, 3.9272905559827263, 4.416666666666666, 4.166666666666667, 4.0, 4.166666666666667, 4.630814663149935, 5.300026205385949, 4.407222607392451, 4.25, 4.407222607392451, 4.848396069262952, 4.5, 5.068968775248516, 4.75, 5.0, 5.25], [6.807369372803109, 5.7217054603523865, 4.901813723284247, 4.015561899561736, 4.126472801046649, 2.5307352678701465, 4.673358297603318, 4.510019709244936, 2.6470633623780992, 1.25, 2.53859103528797, 1.0, 2.4509068616421246, 0.75, 2.3863035105460595, 0.5, 0.505744400884731, 2.346687973388121, 1.1931517552730297, 0.25, 1.1931517552730289, 2.333333333333334, 1.166666666666667, 0.0, 1.166666666666666, 2.346687973388121, 1.1931517552730297, 0.25, 1.1931517552730289, 2.3863035105460595, 1.269295517643985, 0.5, 1.2692955176439842, 2.4509068616421246, 1.38