totalHoles = 100;
zeroHoleID = 68;
C = [[0.0, 1.5, 3.0, 3.666666666666666, 4.5, 6.0, 2.0883273476902775, 5.5901699437494745, 2.5, 4.4378423185647815, 5.1478150704935, 6.5, 5.965782654325523, 4.043021237689553, 3.1818181818181825, 4.85473082534894, 5.5112581995537795, 6.791462798407186, 3.9510898637098992, 6.519202405202649, 3.863636363636364, 5.326549576870346, 5.931077975411656, 7.136363636363637, 4.566039248286883, 6.909240429004127, 4.545454545454546, 5.840000125790909, 6.396183004323235, 7.52736056163071, 5.197698508839952, 7.3419996375433, 5.2272727272727275, 6.385046954387548, 6.897418369599546, 7.957661727246846, 5.840648699144094, 7.81038194429072, 5.909090909090909, 6.627017079493671, 6.9542648652711865, 7.427473013879002, 8.421244288815092, 6.491535775989055, 8.308364798191924, 6.590909090909092, 7.2415525023732386, 7.542183177904959, 7.980606658934402, 8.912916618292135, 7.148191960292739, 8.830942032993006, 7.272727272727273, 7.867182595025431, 8.144753306756167, 8.552342485159905, 9.428285209064853, 7.809162050921815, 9.374001324218293, 7.954545454545455, 8.501458309515478, 8.758951868395796, 9.139189974414021, 9.963673689379322, 8.473436589721832, 9.934184240737919, 8.636363636363637, 9.142580426745184, 9.3824954731643, 9.738417574714289, 10.51602476506708, 9.140295148879591, 10.508752746997175, 9.318181818181818, 9.789203869400934, 10.01363854156613, 10.347874776817422, 11.082802551552302, 9.5, 9.617692030835672, 9.962429422585638, 10.183046913593419, 10.51189802081432, 11.236102527122116, 9.809210734984875, 11.095472235656823, 10.0, 10.44030650891055, 10.651030205780305, 10.965856099730654, 11.661903789690601, 10.479789460870336, 11.692513674700486, 11.406352214411218, 10.65885130354632, 11.853269591129697, 10.862475295181554, 11.151731305546736, 12.298373876248844, 13.600203231921093], [1.5, 0.0, 1.5, 2.166666666666666, 3.0, 4.5, 1.0540925533894596, 4.123105625617661, 2.9154759474226504, 3.3082388735465345, 3.905124837953327, 5.1478150704935, 4.664787745072698, 3.318953766196154, 3.517664984353792, 3.8494689746240596, 4.373095807565707, 5.5112581995537795, 3.515837184954831, 5.315072906367325, 4.144597200019952, 4.429687392453069, 4.891593395859188, 5.931077975411656, 4.195082170458195, 5.786847441032563, 4.78656004086373, 5.0354345859357394, 5.446205745727331, 6.396183004323235, 4.875045619150355, 6.297218328570636, 5.438233184159103, 5.658517881012103, 6.026971060598289, 6.897418369599546, 5.555463727432085, 6.837548253263189, 6.0965035366102125, 6.0965035366102125, 6.293790576142907, 6.627017079493671, 7.427473013879002, 6.236187676052239, 7.401278647628038, 6.759443959722435, 6.759443959722435, 6.937905093691651, 7.2415525023732386, 7.980606658934402, 6.9171271711017255, 7.9834539636727815, 7.4258037937634125, 7.4258037937634125, 7.588610309398917, 7.867182595025431, 8.552342485159905, 7.598224262125816, 8.580320554993635, 8.094738623848812, 8.094738623848812, 8.24434580987929, 8.501458309515478, 9.139189974414021, 8.279440055948031, 9.189016080567365, 8.765658951813272, 8.765658951813272, 8.904000297840774, 9.142580426745184, 9.738417574714289, 8.960747480463434, 9.807338288114705, 9.4381413634621, 9.4381413634621, 9.566763132906482, 9.789203869400934, 10.347874776817422, 9.617692030835672, 9.5, 9.617692030835672, 9.74394398816231, 9.962429422585638, 10.51189802081432, 9.642127111967698, 10.433575807566235, 10.111874208078342, 10.111874208078342, 10.232030318780552, 10.44030650891055, 10.965856099730654, 10.323564652975685, 11.066384957747397, 10.883406893957632, 10.505289672879616, 11.236102527122116, 10.714793972050575, 11.00504934614612, 11.704699910719626, 13.459916001810605], [3.0, 1.5, 0.0, 0.6666666666666661, 1.5, 3.0, 1.5365907428821481, 2.692582403567252, 3.905124837953327, 2.5873624493766707, 2.9154759474226504, 3.905124837953327, 3.525610122306431, 3.1913770500971057, 4.373095807565707, 3.250909316882464, 3.517664984353792, 4.373095807565707, 3.689323936863109, 4.301162633521313, 4.891593395859188, 3.9207308495811937, 4.144597200019952, 4.891593395859188, 4.341510614624389, 4.872125132402197, 5.446205745727331, 4.5940833110902375, 4.78656004086373, 5.446205745727331, 5.001606720724558, 5.468542646600277, 6.026971060598289, 5.269613326396321, 5.438233184159103, 6.026971060598289, 5.666848968060963, 6.082932361591939, 6.627017079493671, 5.909090909090909, 5.946578832937916, 6.0965035366102125, 6.627017079493671, 6.335616523350023, 6.710359574555951, 7.2415525023732386, 6.590909090909092, 6.624539764321183, 6.759443959722435, 7.2415525023732386, 7.006900049322365, 7.347485092879239, 7.867182595025431, 7.272727272727273, 7.303218908667295, 7.4258037937634125, 7.867182595025431, 7.6800398395813945, 7.991989791437818, 8.501458309515478, 7.954545454545455, 7.9824330772562195, 8.094738623848812, 8.501458309515478, 8.354587221403385, 8.642222892805162, 9.142580426745184, 8.636363636363637, 8.6620564131128, 8.765658951813272, 9.142580426745184, 9.03022676396511, 9.296982537227908, 9.789203869400934, 9.318181818181818, 9.34199961684535, 9.4381413634621, 9.789203869400934, 9.962429422585638, 9.617692030835672, 9.5, 9.523363084774434, 9.617692030835672, 9.962429422585638, 9.706730409532476, 9.955375639936014, 10.44030650891055, 10.0, 10.022197585581939, 10.111874208078342, 10.44030650891055, 10.38392927287975, 10.6167262389617, 10.549512803901674, 10.564615994493654, 10.793516572461451, 10.775910643122145, 11.061695670696745, 11.280514172678478, 13.486035355212348], [3.666666666666666, 2.166666666666666, 0.6666666666666661, 0.0, 0.8333333333333339, 2.333333333333334, 2.0883273476902775, 2.0883273476902784, 4.4378423185647815, 2.5, 2.63523138347365, 3.4197140881138655, 3.1189041651463043, 3.3556208363800915, 4.85473082534894, 3.1818181818181825, 3.289135355468548, 3.945682626186908, 3.9510898637098992, 3.9510898637098997, 5.326549576870346, 3.863636363636364, 3.9524840790138134, 4.513549644665235, 4.566039248286883, 4.566039248286883, 5.840000125790909, 4.545454545454546, 4.621212121212122, 5.109364096366381, 5.197698508839952, 5.197698508839952, 6.385046954387548, 5.2272727272727275, 5.293281081685886, 5.724406048642401, 5.840648699144094, 5.840648699144094, 6.9542648652711865, 5.946578832937916, 5.909090909090909, 5.967562301002418, 6.353093720097735, 6.491535775989055, 6.491535775989056, 7.542183177904959, 6.624539764321183, 6.590909090909092, 6.643382202543562, 6.991747069872634, 7.148191960292739, 7.148191960292739, 8.144753306756167, 7.303218908667295, 7.272727272727273, 7.320314639953362, 7.637866614959673, 7.809162050921815, 7.809162050921815, 8.758951868395796, 7.9824330772562195, 7.954545454545455, 7.998077133466156, 8.289706739859632, 8.473436589721832, 8.473436589721832, 9.3824954731643, 8.6620564131128, 8.636363636363637, 8.676475165869409, 8.94601706369648, 9.140295148879591, 9.140295148879591, 10.01363854156613, 9.34199961684535, 9.318181818181818, 9.355370481233688, 9.605881367221786, 10.183046913593419, 9.74394398816231, 9.523363084774434, 9.5, 9.536479667279979, 9.782353727219459, 9.809210734984875, 9.809210734984875, 10.651030205780305, 10.022197585581939, 10.0, 10.03466214899358, 10.268614533832908, 10.479789460870336, 10.479789460870336, 10.466903833396493, 10.65885130354632, 10.65885130354632, 10.869611119473436, 11.151731305546736, 11.151731305546736, 13.55102943905533], [4.5, 3.0, 1.5, 0.8333333333333339, 0.0, 1.5, 2.8480012484391772, 1.4142135623730951, 5.1478150704935, 2.63523138347365, 2.5, 2.9154759474226504, 2.756738791115094, 3.722139284017375, 5.5112581995537795, 3.289135355468548, 3.1818181818181825, 3.517664984353792, 4.400126260814695, 3.640054944640259, 5.931077975411656, 3.9524840790138134, 3.863636363636364, 4.144597200019952, 4.959709106076307, 4.299721305594716, 6.396183004323235, 4.621212121212122, 4.545454545454546, 4.78656004086373, 5.546717028008286, 4.965375985530799, 6.897418369599546, 5.293281081685886, 5.2272727272727275, 5.438233184159103, 6.1533062029134875, 5.63489716993154, 7.427473013879002, 6.0965035366102125, 5.967562301002418, 5.909090909090909, 6.0965035366102125, 6.774218532860143, 6.307053640158352, 7.980606658934402, 6.759443959722435, 6.643382202543562, 6.590909090909092, 6.759443959722435, 7.405852300795214, 6.981084241726542, 8.552342485159905, 7.4258037937634125, 7.320314639953362, 7.272727272727273, 7.4258037937634125, 8.04568281363101, 7.656494029674828, 9.139189974414021, 8.094738623848812, 7.998077133466156, 7.954545454545455, 8.094738623848812, 8.691900116777502, 8.332947649477083, 9.738417574714289, 8.765658951813272, 8.676475165869409, 8.636363636363637, 8.765658951813272, 9.343179084692308, 9.01021000296445, 10.347874776817422, 9.4381413634621, 9.355370481233688, 9.318181818181818, 9.4381413634621, 10.51189802081432, 9.962429422585638, 9.617692030835672, 9.536479667279979, 9.5, 9.617692030835672, 9.998530654218275, 9.688111484300302, 10.965856099730654, 10.111874208078342, 10.03466214899358, 10.0, 10.111874208078342, 10.657203533017888, 10.3665267101888, 10.422854464105608, 10.833333333333334, 10.547511554864494, 11.042358919796753, 11.31861789756643, 11.045361017187261, 13.677607993661674], [6.0, 4.5, 3.0, 2.333333333333334, 1.5, 0.0, 4.28498671072748, 1.118033988749895, 6.5, 3.4197140881138655, 2.9154759474226504, 2.5, 2.696162233688442, 4.692947285380931, 6.791462798407186, 3.945682626186908, 3.517664984353792, 3.1818181818181825, 5.441609239104836, 3.5355339059327378, 7.136363636363637, 4.513549644665235, 4.144597200019952, 3.863636363636364, 5.903279971075084, 4.211603412690365, 7.52736056163071, 5.109364096366381, 4.78656004086373, 4.545454545454546, 6.404378954184166, 4.88926974891813, 7.957661727246846, 5.724406048642401, 5.438233184159103, 5.2272727272727275, 6.936366284072201, 5.567949902405955, 8.421244288815092, 6.627017079493671, 6.353093720097735, 6.0965035366102125, 5.909090909090909, 7.492665529098828, 6.2473134721922445, 8.912916618292135, 7.2415525023732386, 6.991747069872634, 6.759443959722435, 6.590909090909092, 8.06824939507907, 6.927159388240078, 9.428285209064853, 7.867182595025431, 7.637866614959673, 7.4258037937634125, 7.272727272727273, 8.65927317605568, 7.607358334300172, 9.963673689379322, 8.501458309515478, 8.289706739859632, 8.094738623848812, 7.954545454545455, 9.262781852123947, 8.287823389100762, 10.51602476506708, 9.142580426745184, 8.94601706369648, 8.765658951813272, 8.636363636363637, 9.876486997340288, 8.968493981573532, 11.082802551552302, 9.789203869400934, 9.605881367221786, 9.4381413634621, 9.318181818181818, 11.236102527122116, 10.51189802081432, 9.962429422585638, 9.782353727219459, 9.617692030835672, 9.5, 10.49860063262445, 9.649326615481073, 11.661903789690601, 10.44030650891055, 10.268614533832908, 10.111874208078342, 10.0, 11.127712574656526, 10.330289252148647, 10.510926217996541, 11.296508801887029, 10.51189802081432, 11.499875253178908, 11.762699992395925, 11.01135777277262, 14.02785697298479], [2.0883273476902775, 1.0540925533894596, 1.5365907428821481, 2.0883273476902775, 2.8480012484391772, 4.28498671072748, 0.0, 3.666666666666667, 2.3687784005919825, 2.3687784005919825, 3.05959329178097, 4.428443418528808, 3.88068263912342, 2.2649012243173345, 2.849814325464645, 2.849814325464645, 3.445495855406521, 4.703343671221944, 2.5, 4.437842318564782, 3.400224159412377, 3.400224159412377, 3.9129942926423507, 5.055840615985794, 3.1818181818181825, 4.854730825348941, 3.991410658526057, 3.991410658526057, 4.436367776119943, 5.470955953487052, 3.863636363636364, 5.326549576870347, 4.6077050493553635, 4.6077050493553635, 4.998094218985364, 5.93556617534123, 4.545454545454546, 5.84000012579091, 5.240256164046765, 5.045818532689233, 5.240256164046765, 5.586616566834538, 6.4389661176954585, 5.2272727272727275, 6.3850469543875485, 5.883823210627681, 5.711337459292792, 5.883823210627681, 6.194301863319307, 6.972759537939125, 5.909090909090909, 6.9542648652711865, 6.535152526844928, 6.380299252317845, 6.535152526844928, 6.816026595394685, 7.530485943757392, 6.590909090909092, 7.54218317790496, 7.192135537547242, 7.05172415728593, 7.192135537547242, 7.448275880393393, 8.10720750878192, 7.272727272727273, 8.144753306756167, 7.853353468289071, 7.72496994802491, 7.853353468289071, 8.088582119128665, 8.699147124740906, 7.954545454545455, 8.758951868395796, 8.517820136128826, 8.399598792290123, 8.517820136128826, 8.735173717301889, 9.303400446688388, 8.695464973830388, 8.506533436783231, 8.579691784155834, 8.695464973830388, 8.908485343261844, 9.466314547441952, 8.636363636363637, 9.3824954731643, 9.184830488969903, 9.07530226004132, 9.184830488969903, 9.386751893552482, 9.917717031207893, 9.318181818181818, 10.01363854156613, 9.82982265386811, 9.5, 10.183046913593419, 9.710268094466993, 10.0, 10.651030205780305, 12.451375935086574], [5.5901699437494745, 4.123105625617661, 2.692582403567252, 2.0883273476902784, 1.4142135623730951, 1.118033988749895, 3.666666666666667, 0.0, 5.70087712549569, 2.368778400591983, 1.8027756377319946, 1.5811388300841898, 1.625159285348373, 3.6726546896622425, 5.916952811922062, 2.8498143254646457, 2.4000688695352888, 2.238376773135479, 4.437842318564782, 2.5, 6.20083971919453, 3.4002241594123777, 3.03321829467325, 2.9069594464217245, 4.854730825348941, 3.1818181818181825, 6.543718204039986, 3.9914106585260574, 3.6837817435190563, 3.580537380601451, 5.326549576870347, 3.863636363636364, 6.936846164558055, 4.6077050493553635, 4.343942300577185, 4.256739915797511, 5.84000012579091, 4.545454545454546, 7.372189196820644, 5.509008400222222, 5.240256164046766, 5.009907539438129, 4.934488175456398, 6.3850469543875485, 5.2272727272727275, 7.8427204758814355, 6.124399110346249, 5.883823210627682, 5.679635944566336, 5.613222288740214, 6.9542648652711865, 5.909090909090909, 8.342488084379656, 6.752563027326478, 6.535152526844929, 6.3519372980230635, 6.2926232556872925, 7.54218317790496, 6.590909090909092, 8.86654963778689, 7.390243736125274, 7.192135537547243, 7.026073048249559, 6.972496144089206, 8.144753306756167, 7.272727272727273, 9.410847442540808, 8.035175765767471, 7.853353468289071, 7.701561503148363, 7.65271517742408, 8.758951868395796, 7.954545454545455, 9.972068429384677, 8.685743995785886, 8.517820136128826, 8.378075480701435, 8.333195591148128, 10.124228365658293, 9.394147114027968, 8.860022573334675, 8.695464973830388, 8.558621384311845, 8.514693182963201, 9.3824954731643, 8.636363636363637, 10.547511554864494, 9.340770846134703, 9.184830488969903, 9.055385138137417, 9.013878188659973, 10.01363854156613, 9.318181818181818, 9.461557105958283, 10.183046913593419, 9.5, 10.38695466732281, 10.651030205780305, 10.0, 12.92849867656275], [2.5, 2.9154759474226504, 3.905124837953327, 4.4378423185647815, 5.1478150704935, 6.5, 2.3687784005919825, 5.70087712549569, 0.0, 3.666666666666666, 4.5, 6.0, 5.361429611856433, 2.6106469482727275, 0.6818181818181825, 3.7295201403802998, 4.551359800439628, 6.038615406950326, 2.0883273476902775, 5.5901699437494745, 1.3636363636363642, 3.912026147238263, 4.7020744498818186, 6.153007730551897, 2.487895397279662, 5.751392213776958, 2.045454545454546, 4.19861033461848, 4.943064261925052, 6.33907598136516, 2.991302052721397, 5.986382618869607, 2.7272727272727275, 4.569733140279644, 5.2619403767931106, 6.590752349233403, 3.5547017455112693, 6.286874691643675, 3.409090909090909, 4.541134310549103, 5.006630131225066, 5.645520421223032, 6.900862324843634, 4.153754096547145, 6.643986904221823, 4.090909090909092, 5.073020519383166, 5.493631006404334, 6.08157357844848, 7.261923794015099, 4.775059555203391, 7.049119281486737, 4.772727272727273, 5.637279984162106, 6.018585387304824, 6.559643711348561, 7.666741525565781, 5.410958000484937, 7.494488332895104, 5.454545454545455, 6.2251157511890876, 6.572405234017978, 7.07121390679864, 8.10876477126464, 6.056854899731409, 7.973354386034103, 6.136363636363637, 6.830443519837197, 7.148384651243272, 7.609530779074749, 8.58224671503249, 6.709863496070878, 8.480044635778363, 6.818181818181818, 7.449000154771453, 7.7415791509374605, 8.169308618590996, 9.082268621098207, 7.0, 7.158910531638177, 7.615773105863909, 7.9021797274197985, 8.32165848854662, 9.219544457292887, 7.368093176767266, 9.009866033988143, 7.5, 8.077747210701755, 8.348319857578796, 8.74642784226795, 9.604686356149273, 8.030260148541881, 9.558973111278679, 9.178507436520432, 8.207381501496753, 9.7082439194738, 8.40786204682878, 8.695464973830388, 10.124228365658293, 11.133970716228816], [4.4378423185647815, 3.3082388735465345, 2.5873624493766707, 2.5, 2.63523138347365, 3.4197140881138655, 2.3687784005919825, 2.368778400591983, 3.666666666666666, 0.0, 0.8333333333333339, 2.333333333333334, 1.6976242209649077, 1.3151608105722898, 3.7295201403802998, 0.6818181818181825, 1.0767174548145384, 2.430909393108328, 2.0883273476902775, 2.0883273476902784, 3.912026147238263, 1.3636363636363642, 1.598107811343106, 2.702581835333734, 2.487895397279662, 2.487895397279663, 4.19861033461848, 2.045454545454546, 2.2086938995626144, 3.1029548404649896, 2.991302052721397, 2.991302052721398, 4.569733140279644, 2.7272727272727275, 2.8517470037452597, 3.5892145343194617, 3.5547017455112693, 3.5547017455112697, 5.006630131225066, 3.473664530562893, 3.409090909090909, 3.509465097545597, 4.1311433370062005, 4.153754096547145, 4.153754096547146, 5.493631006404334, 4.144874139769155, 4.090909090909092, 4.1749229495317755, 4.7095627859204825, 4.775059555203391, 4.775059555203391, 6.018585387304824, 4.819063193638278, 4.772727272727273, 4.844932410702874, 5.312567182095598, 5.410958000484937, 5.410958000484937, 6.572405234017978, 5.4951351721451696, 5.454545454545455, 5.51783567716065, 5.932664709904558, 6.056854899731409, 6.056854899731409, 7.148384651243272, 6.17247139500301, 6.136363636363637, 6.192689490207821, 6.565013566027903, 6.709863496070878, 6.709863496070878, 7.7415791509374605, 6.850696880626786, 6.818181818181818, 6.868918965181463, 7.206389369873763, 7.9021797274197985, 7.327649312326869, 7.031674369909662, 7.0, 7.0494286608522, 7.378647873726218, 7.368093176767266, 7.368093176767266, 8.348319857578796, 7.529571332051011, 7.5, 7.54615428178118, 7.8545811119654525, 8.030260148541881, 8.030260148541881, 7.980990150390325, 8.207381501496753, 8.207381501496753, 8.417079098396, 8.695464973830388, 8.695464973830388, 11.07385094799583], [5.1478150704935, 3.905124837953327, 2.9154759474226504, 2.63523138347365, 2.5, 2.9154759474226504, 3.05959329178097, 1.8027756377319946, 4.5, 0.8333333333333339, 0.0, 1.5, 0.868316512959677, 2.0793695221730824, 4.551359800439628, 1.0767174548145384, 0.6818181818181825, 1.647688087308351, 2.8480012484391772, 1.4142135623730951, 4.7020744498818186, 1.598107811343106, 1.3636363636363642, 2.02719119281616, 3.15271684548507, 1.9566584772755355, 4.943064261925052, 2.2086938995626144, 2.045454545454546, 2.536510259691583, 3.5634095990519037, 2.5664716751805647, 5.2619403767931106, 2.8517470037452597, 2.7272727272727275, 3.1125578755945438, 4.047950654286792, 3.2054318567752698, 5.645520421223032, 3.7245000773857266, 3.509465097545597, 3.409090909090909, 3.7245000773857266, 4.582976444908067, 3.859088232143841, 6.08157357844848, 4.357239629637398, 4.1749229495317755, 4.090909090909092, 4.357239629637398, 5.152785048470314, 4.521070962131439, 6.559643711348561, 5.002891725775675, 4.844932410702874, 4.772727272727273, 5.002891725775675, 5.747039801759854, 5.188193844865555, 7.07121390679864, 5.657036867097693, 5.51783567716065, 5.454545454545455, 5.657036867097693, 6.358890726879994, 5.858701235366868, 7.609530779074749, 6.317037175582074, 6.192689490207821, 6.136363636363637, 6.317037175582074, 6.983714494157426, 6.531550889704022, 8.169308618590996, 6.981232219729202, 6.868918965181463, 6.818181818181818, 6.981232219729202, 8.32165848854662, 7.615773105863909, 7.158910531638177, 7.0494286608522, 7.0, 7.158910531638177, 7.618319831926482, 7.206086729315241, 8.74642784226795, 7.648529270389178, 7.54615428178118, 7.5, 7.648529270389178, 8.260452654259321, 7.881875851734076, 7.923132152310942, 8.432740427115679, 8.06225774829855, 8.639008344346541, 8.908485343261844, 8.558621384311845, 11.228389750474536], [6.5, 5.1478150704935, 3.905124837953327, 3.4197140881138655, 2.9154759474226504, 2.5, 4.428443418528808, 1.5811388300841898, 6.0, 2.333333333333334, 1.5, 0.0, 0.6508883119303914, 3.5345736636094007, 6.038615406950326, 2.430909393108328, 1.647688087308351, 0.6818181818181825, 4.28498671072748, 1.118033988749895, 6.153007730551897, 2.702581835333734, 2.02719119281616, 1.3636363636363642, 4.493286492958727, 1.7545690059653445, 6.33907598136516, 3.1029548404649896, 2.536510259691583, 2.045454545454546, 4.790395387712297, 2.415942230166966, 6.590752349233403, 3.5892145343194617, 3.1125578755945438, 2.7272727272727275, 5.160998401427855, 3.086226399412356, 6.900862324843634, 4.541134310549103, 4.1311433370062005, 3.7245000773857266, 3.409090909090909, 5.590498465663164, 3.7606597803405557, 7.261923794015099, 5.073020519383166, 4.7095627859204825, 4.357239629637398, 4.090909090909092, 6.06639874684637, 4.437350858860284, 7.666741525565781, 5.637279984162106, 5.312567182095598, 5.002891725775675, 4.772727272727273, 6.578637129604577, 5.11540373498523, 8.10876477126464, 6.2251157511890876, 5.932664709904558, 5.657036867097693, 5.454545454545455, 7.119374359899918, 5.794340356355438, 8.58224671503249, 6.830443519837197, 6.565013566027903, 6.317037175582074, 6.136363636363637, 7.682595143303109, 6.473882685436414, 9.082268621098207, 7.449000154771453, 7.206389369873763, 6.981232219729202, 6.818181818181818, 9.219544457292887, 8.32165848854662, 7.615773105863909, 7.378647873726218, 7.158910531638177, 7.0, 8.263703592308012, 7.1538581164580854, 9.604686356149273, 8.077747210701755, 7.8545811119654525, 7.648529270389178, 7.5, 8.859180439141078, 7.834153875317281, 8.03863781266604, 9.020039418489873, 8.0156097709407, 9.216610304160143, 9.466314547441952, 8.514693182963201, 11.652491030453612], [5.965782654325523, 4.664787745072698, 3.525610122306431, 3.1189041651463043, 2.756738791115094, 2.696162233688442, 3.88068263912342, 1.625159285348373, 5.361429611856433, 1.6976242209649077, 0.868316512959677, 0.6508883119303914, 0.0, 2.8836881510881667, 5.389560051940122, 1.784476972724639, 1.0278149820158466, 0.8521066043549814, 3.6351152044788972, 0.8919122753913516, 5.502684771106036, 2.101556614245254, 1.5128072494371911, 1.3993812210683911, 3.857477023139322, 1.5689403880351624, 5.695741733345314, 2.5648536811458005, 2.1096255536845647, 2.029828072691884, 4.180424318699916, 2.2488647005851137, 5.960969733348456, 3.109688195721888, 2.746307747810466, 2.685495908321764, 4.582741324886579, 2.929669436640135, 6.28924466823616, 4.048945856984907, 3.700216076076185, 3.400535925515916, 3.351615522200231, 5.045477250308879, 3.6108566352798577, 6.671265914209481, 4.620081487804251, 4.317729659301164, 4.063844852092743, 4.022998509794632, 5.553549800088355, 4.292244207780066, 7.09836117462089, 5.21786310870873, 4.952144169759291, 4.732417717103244, 4.697388580592607, 6.095633039057885, 4.973749803117784, 7.562897982833892, 5.834105754493248, 5.59771617818094, 5.404301248315122, 5.373653692830374, 6.663431621751846, 5.655330753804109, 8.058403843085575, 6.46353127586729, 6.250989762507377, 6.078397698575158, 6.051165227456025, 7.250906969116794, 6.336962745033824, 8.579514622860401, 7.102635793825679, 6.9097808703743375, 6.754044510340666, 6.729546736266271, 8.722221559600644, 7.889666086894391, 7.274373718102514, 7.0861942851913104, 6.934421029801244, 6.910562715617222, 7.8536446849807415, 7.01863090603049, 9.121843119436459, 7.749024838743811, 7.572649629312447, 7.4308187960276415, 7.408559239644833, 8.468386497272176, 7.700325631058847, 7.836425553349299, 8.634018994750067, 7.882114497954534, 8.834813142061929, 9.09269800238372, 8.382040438921361, 11.33560152876249], [4.043021237689553, 3.318953766196154, 3.1913770500971057, 3.3556208363800915, 3.722139284017375, 4.692947285380931, 2.2649012243173345, 3.6726546896622425, 2.6106469482727275, 1.3151608105722898, 2.0793695221730824, 3.5345736636094007, 2.8836881510881667, 0.0, 2.5269863297426753, 1.1401010393144173, 1.9733119449096146, 3.473239612474474, 0.7741022645820762, 2.9929666268795914, 2.6240416153336272, 1.3415531551683557, 2.096161854490087, 3.5444785080401022, 1.2381652158933056, 3.145102226547178, 2.8836228868239293, 1.7970674507525386, 2.41320970382422, 3.7407237866982705, 1.8429932050283948, 3.4285913823850076, 3.2672189357223265, 2.364083340976368, 2.8605977863305316, 4.0438166463006215, 2.4879603838946585, 3.814257697824461, 3.7368315804416437, 2.7933451287056763, 2.9796108352812536, 3.3870651575962634, 4.43188941147469, 3.148495173252355, 4.274533514850162, 4.2641356701382245, 3.467235175297877, 3.618981000569721, 3.961206020211745, 4.88472993197174, 3.8165231436836855, 4.787949855612223, 4.830274094937059, 4.143719896385103, 4.271500708341213, 4.565068230972746, 5.386026487790002, 4.488700037056246, 5.339198716685177, 5.423098258118748, 4.821707318439013, 4.931953485825881, 5.1882843829562, 5.923489530012362, 5.163405775762735, 5.917716968456997, 6.034748848818555, 5.500641818533053, 5.597531968417539, 5.824645378865007, 6.488137418648926, 5.839763903943969, 6.516245649712019, 6.660040892182182, 6.180211277376897, 6.266603159182677, 6.470273935990304, 7.0734629553348425, 6.828613066857217, 6.426460129075104, 6.361511075548864, 6.445473363996828, 6.64366288564296, 7.232405541160466, 6.517259989332138, 7.129747027919955, 7.295467618246039, 6.860227001809362, 6.938156688776637, 7.122650341698175, 7.674736559897806, 7.19557260747245, 7.754668275496495, 7.565642147480892, 7.376565138623703, 7.922898974361747, 7.587867210782512, 7.874490751558599, 8.388457516728915, 10.306634374442496], [3.1818181818181825, 3.517664984353792, 4.373095807565707, 4.85473082534894, 5.5112581995537795, 6.791462798407186, 2.849814325464645, 5.916952811922062, 0.6818181818181825, 3.7295201403802998, 4.551359800439628, 6.038615406950326, 5.389560051940122, 2.5269863297426753, 0.0, 3.666666666666666, 4.5, 6.0, 1.8607393102024252, 5.50919591859116, 0.6818181818181817, 3.7295201403802998, 4.551359800439628, 6.038615406950326, 2.0883273476902775, 5.5901699437494745, 1.3636363636363633, 3.9120261472382625, 4.7020744498818186, 6.153007730551897, 2.4878953972796616, 5.751392213776958, 2.045454545454545, 4.198610334618479, 4.943064261925052, 6.33907598136516, 2.9913020527213967, 5.986382618869606, 2.7272727272727266, 4.054382385632319, 4.569733140279644, 5.26194037679311, 6.590752349233402, 3.554701745511269, 6.286874691643675, 3.409090909090909, 4.541134310549103, 5.006630131225066, 5.645520421223032, 6.900862324843634, 4.153754096547144, 6.643986904221822, 4.090909090909091, 5.0730205193831654, 5.493631006404333, 6.08157357844848, 7.2619237940150985, 4.775059555203391, 7.049119281486737, 4.7727272727272725, 5.637279984162106, 6.018585387304824, 6.55964371134856, 7.66674152556578, 5.410958000484936, 7.494488332895103, 5.454545454545454, 6.2251157511890876, 6.572405234017978, 7.071213906798639, 8.108764771264639, 6.056854899731408, 7.973354386034102, 6.136363636363636, 6.830443519837195, 7.148384651243271, 7.609530779074748, 8.582246715032488, 6.3181818181818175, 6.493798694724321, 6.994242023808105, 7.305057558434959, 7.756895093244673, 8.713175166815098, 6.709863496070877, 8.480044635778363, 6.8181818181818175, 7.4490001547714515, 7.74157915093746, 8.169308618590994, 9.082268621098207, 7.368093176767265, 9.009866033988141, 8.596928661487075, 7.544328746487526, 9.154549968401884, 7.743463792289019, 8.03026014854188, 9.558973111278677, 10.464143570275578], [4.85473082534894, 3.8494689746240596, 3.250909316882464, 3.1818181818181825, 3.289135355468548, 3.945682626186908, 2.849814325464645, 2.8498143254646457, 3.7295201403802998, 0.6818181818181825, 1.0767174548145384, 2.430909393108328, 1.784476972724639, 1.1401010393144173, 3.666666666666666, 0.0, 0.8333333333333339, 2.333333333333334, 1.8607393102024252, 1.8607393102024261, 3.7295201403802998, 0.6818181818181817, 1.076717454814538, 2.430909393108328, 2.0883273476902775, 2.0883273476902784, 3.9120261472382625, 1.3636363636363633, 1.598107811343105, 2.7025818353337336, 2.4878953972796616, 2.487895397279662, 4.198610334618479, 2.045454545454545, 2.2086938995626135, 3.102954840464989, 2.9913020527213967, 2.991302052721397, 4.569733140279644, 2.807572078036477, 2.7272727272727266, 2.851747003745259, 3.589214534319461, 3.554701745511269, 3.5547017455112693, 5.006630131225066, 3.473664530562893, 3.409090909090909, 3.509465097545597, 4.1311433370062005, 4.153754096547144, 4.153754096547145, 5.493631006404333, 4.144874139769154, 4.090909090909091, 4.174922949531775, 4.709562785920482, 4.775059555203391, 4.775059555203391, 6.018585387304824, 4.819063193638277, 4.7727272727272725, 4.8449324107028735, 5.312567182095598, 5.410958000484936, 5.4109580004849365, 6.572405234017978, 5.4951351721451696, 5.454545454545454, 5.517835677160649, 5.932664709904557, 6.056854899731408, 6.056854899731409, 7.148384651243271, 6.172471395003008, 6.136363636363636, 6.19268949020782, 6.565013566027902, 7.305057558434959, 6.67936119191407, 6.353256325070454, 6.3181818181818175, 6.3729009039877385, 6.735270293911578, 6.709863496070877, 6.709863496070877, 7.74157915093746, 6.850696880626785, 6.8181818181818175, 6.868918965181462, 7.206389369873762, 7.368093176767265, 7.368093176767265, 7.304682568672266, 7.544328746487526, 7.544328746487526, 7.753470697219537, 8.03026014854188, 8.03026014854188, 10.400152478109494], [5.5112581995537795, 4.373095807565707, 3.517664984353792, 3.289135355468548, 3.1818181818181825, 3.517664984353792, 3.445495855406521, 2.4000688695352888, 4.551359800439628, 1.0767174548145384, 0.6818181818181825, 1.647688087308351, 1.0278149820158466, 1.9733119449096146, 4.5, 0.8333333333333339, 0.0, 1.5, 2.685582018954662, 1.0493996709650175, 4.551359800439628, 1.076717454814538, 0.6818181818181817, 1.6476880873083506, 2.8480012484391772, 1.4142135623730951, 4.7020744498818186, 1.598107811343105, 1.3636363636363633, 2.0271911928161597, 3.1527168454850694, 1.9566584772755347, 4.943064261925052, 2.2086938995626135, 2.045454545454545, 2.5365102596915827, 3.563409599051903, 2.566471675180564, 5.26194037679311, 3.1125578755945433, 2.851747003745259, 2.7272727272727266, 3.1125578755945433, 4.047950654286791, 3.2054318567752693, 5.645520421223032, 3.7245000773857266, 3.509465097545597, 3.409090909090909, 3.7245000773857266, 4.582976444908067, 3.85908823214384, 6.08157357844848, 4.357239629637397, 4.174922949531775, 4.090909090909091, 4.357239629637397, 5.152785048470314, 4.521070962131439, 6.55964371134856, 5.002891725775675, 4.8449324107028735, 4.7727272727272725, 5.002891725775675, 5.747039801759854, 5.1881938448655545, 7.071213906798639, 5.657036867097693, 5.517835677160649, 5.454545454545454, 5.657036867097693, 6.358890726879993, 5.858701235366867, 7.609530779074748, 6.317037175582073, 6.19268949020782, 6.136363636363636, 6.317037175582073, 7.756895093244673, 6.994242023808105, 6.493798694724321, 6.3729009039877385, 6.3181818181818175, 6.493798694724321, 6.983714494157425, 6.531550889704021, 8.169308618590994, 6.981232219729201, 6.868918965181462, 6.8181818181818175, 6.981232219729201, 7.618319831926481, 7.20608672931524, 7.241422978353115, 7.788895700616234, 7.386188809119825, 7.993844661843031, 8.260452654259321, 7.881875851734075, 10.564550777863701], [6.791462798407186, 5.5112581995537795, 4.373095807565707, 3.945682626186908, 3.517664984353792, 3.1818181818181825, 4.703343671221944, 2.238376773135479, 6.038615406950326, 2.430909393108328, 1.647688087308351, 0.6818181818181825, 0.8521066043549814, 3.473239612474474, 6.0, 2.333333333333334, 1.5, 0.0, 4.178797767364748, 0.5926547641093314, 6.038615406950326, 2.430909393108328, 1.6476880873083506, 0.6818181818181817, 4.28498671072748, 1.118033988749895, 6.153007730551897, 2.7025818353337336, 2.0271911928161597, 1.3636363636363633, 4.493286492958727, 1.7545690059653436, 6.33907598136516, 3.102954840464989, 2.5365102596915827, 2.045454545454545, 4.790395387712296, 2.4159422301669653, 6.590752349233402, 4.054382385632319, 3.589214534319461, 3.1125578755945433, 2.7272727272727266, 5.160998401427854, 3.086226399412355, 6.900862324843634, 4.541134310549103, 4.1311433370062005, 3.7245000773857266, 3.409090909090909, 5.590498465663163, 3.760659780340555, 7.2619237940150985, 5.0730205193831654, 4.709562785920482, 4.357239629637397, 4.090909090909091, 6.06639874684637, 4.437350858860284, 7.66674152556578, 5.637279984162106, 5.312567182095598, 5.002891725775675, 4.7727272727272725, 6.5786371296045765, 5.115403734985229, 8.108764771264639, 6.2251157511890876, 5.932664709904557, 5.657036867097693, 5.454545454545454, 7.119374359899918, 5.794340356355438, 8.582246715032488, 6.830443519837195, 6.565013566027902, 6.317037175582073, 6.136363636363636, 8.713175166815098, 7.756895093244673, 6.994242023808105, 6.735270293911578, 6.493798694724321, 6.3181818181818175, 7.682595143303107, 6.473882685436413, 9.082268621098207, 7.4490001547714515, 7.206389369873762, 6.981232219729201, 6.8181818181818175, 8.26370359230801, 7.153858116458085, 7.367623872841321, 8.42121702814255, 7.3352426765558985, 8.614812406706143, 8.859180439141076, 7.83415387531728, 11.014242777617568], [3.9510898637098992, 3.515837184954831, 3.689323936863109, 3.9510898637098992, 4.400126260814695, 5.441609239104836, 2.5, 4.437842318564782, 2.0883273476902775, 2.0883273476902775, 2.8480012484391772, 4.28498671072748, 3.6351152044788972, 0.7741022645820762, 1.8607393102024252, 1.8607393102024252, 2.685582018954662, 4.178797767364748, 0.0, 3.666666666666667, 1.8690485590454273, 1.8690485590454273, 2.6913458558999417, 4.182504335451404, 0.6818181818181825, 3.7295201403803007, 2.1104706389150927, 2.1104706389150927, 2.864277625811207, 4.295821960663952, 1.3636363636363642, 3.912026147238264, 2.5188454072235706, 2.5188454072235706, 3.1771972216863213, 4.510496888979226, 2.045454545454546, 4.198610334618481, 3.0273470431015292, 2.676720030069558, 3.0273470431015292, 3.593720929534676, 4.812985572321568, 2.7272727272727275, 4.569733140279645, 3.593720929534676, 3.3037599972418668, 3.593720929534676, 4.082257968254282, 5.18795047387459, 3.409090909090909, 5.006630131225067, 4.194589632549444, 3.948997617812814, 4.194589632549444, 4.620019717002438, 5.6209058153905485, 4.090909090909092, 5.4936310064043345, 4.817062000610194, 4.6047894976559665, 4.817062000610194, 5.191732496741592, 6.09951525268383, 4.772727272727273, 6.0185853873048245, 5.453745732619902, 5.267194938111726, 5.453745732619902, 5.787343303802687, 6.613875000033626, 5.454545454545455, 6.57240523401798, 6.100192683885698, 5.93399956020664, 6.100192683885698, 6.4001836520941024, 7.156280512985262, 6.27384340823957, 6.009252125773315, 6.112373606964083, 6.27384340823957, 6.5659052011974035, 7.304869000270376, 6.136363636363637, 7.148384651243272, 6.75359986311827, 6.60387091871965, 6.75359986311827, 7.025746302785998, 7.720823214600313, 6.818181818181818, 7.7415791509374605, 7.467632913417471, 7.0, 7.9021797274197985, 7.210276078382709, 7.5, 8.348319857578796, 9.95171033728057], [6.519202405202649, 5.315072906367325, 4.301162633521313, 3.9510898637098997, 3.640054944640259, 3.5355339059327378, 4.437842318564782, 2.5, 5.5901699437494745, 2.0883273476902784, 1.4142135623730951, 1.118033988749895, 0.8919122753913516, 2.9929666268795914, 5.50919591859116, 1.8607393102024261, 1.0493996709650175, 0.5926547641093314, 3.666666666666667, 0.0, 5.512007928600854, 1.8690485590454282, 1.0640636282472389, 0.618248659487975, 3.7295201403803007, 0.6818181818181825, 5.5984797228007865, 2.1104706389150936, 1.446711860258141, 1.1588680712710877, 3.912026147238264, 1.3636363636363642, 5.764847879552431, 2.5188454072235715, 1.9958634909181956, 1.7981854949865896, 4.198610334618481, 2.045454545454546, 6.004474915283139, 3.4718466279869653, 3.0273470431015297, 2.608393951891559, 2.4604306550407924, 4.569733140279645, 2.7272727272727275, 6.309018862570032, 3.975389164379315, 3.5937209295346766, 3.248648797310117, 3.1310891089626414, 5.006630131225067, 3.409090909090909, 6.669593021645336, 4.5258668865069565, 4.1945896325494445, 3.9030079521287386, 3.8057155798062694, 5.4936310064043345, 4.090909090909092, 7.0776390983584045, 5.108128346724618, 4.8170620006101945, 4.565410737996262, 4.482518846208187, 6.0185853873048245, 4.772727272727273, 7.525438950982108, 5.712462814317366, 5.453745732619902, 5.232803398271206, 5.160642537994535, 6.57240523401798, 5.454545454545455, 8.00632497900388, 6.332553961035112, 6.100192683885699, 5.903493852746989, 5.8396266720931305, 8.139410298049853, 7.211102550927978, 6.5, 6.27384340823957, 6.082762530298219, 6.020797289396148, 7.148384651243272, 6.136363636363637, 8.514693182963201, 6.96419413859206, 6.75359986311827, 6.576473218982953, 6.519202405202649, 7.7415791509374605, 6.818181818181818, 6.975757363352518, 7.9021797274197985, 7.0, 8.09861728451798, 8.348319857578796, 7.5, 10.542573404542589], [3.863636363636364, 4.144597200019952, 4.891593395859188, 5.326549576870346, 5.931077975411656, 7.136363636363637, 3.400224159412377, 6.20083971919453, 1.3636363636363642, 3.912026147238263, 4.7020744498818186, 6.153007730551897, 5.502684771106036, 2.6240416153336272, 0.6818181818181817, 3.7295201403802998, 4.551359800439628, 6.038615406950326, 1.8690485590454273, 5.512007928600854, 0.0, 3.666666666666666, 4.5, 6.0, 1.8607393102024252, 5.50919591859116, 0.6818181818181817, 3.7295201403802998, 4.551359800439628, 6.038615406950326, 2.0883273476902775, 5.5901699437494745, 1.3636363636363633, 3.9120261472382625, 4.7020744498818186, 6.153007730551897, 2.4878953972796616, 5.751392213776958, 2.045454545454545, 3.6309618970075492, 4.198610334618479, 4.943064261925052, 6.33907598136516, 2.9913020527213967, 5.986382618869606, 2.7272727272727275, 4.05438238563232, 4.569733140279644, 5.2619403767931106, 6.590752349233403, 3.554701745511269, 6.286874691643675, 3.409090909090909, 4.541134310549103, 5.006630131225066, 5.645520421223032, 6.900862324843634, 4.153754096547145, 6.643986904221823, 4.090909090909091, 5.0730205193831654, 5.493631006404333, 6.08157357844848, 7.2619237940150985, 4.775059555203391, 7.049119281486737, 4.7727272727272725, 5.637279984162106, 6.018585387304824, 6.55964371134856, 7.66674152556578, 5.410958000484936, 7.494488332895103, 5.454545454545454, 6.2251157511890876, 6.572405234017978, 7.071213906798639, 8.108764771264639, 5.636363636363636, 5.83254618852884, 6.385028977328318, 6.724064208926529, 7.2123917698168825, 8.23216830739765, 6.056854899731408, 7.973354386034102, 6.136363636363636, 6.830443519837195, 7.148384651243271, 7.609530779074748, 8.582246715032488, 6.709863496070877, 8.480044635778363, 8.031134298793088, 6.884942514296012, 8.619241400149411, 7.082377487298593, 7.368093176767265, 9.009866033988141, 9.795971083815752], [5.326549576870346, 4.429687392453069, 3.9207308495811937, 3.863636363636364, 3.9524840790138134, 4.513549644665235, 3.400224159412377, 3.4002241594123777, 3.912026147238263, 1.3636363636363642, 1.598107811343106, 2.702581835333734, 2.101556614245254, 1.3415531551683557, 3.7295201403802998, 0.6818181818181817, 1.076717454814538, 2.430909393108328, 1.8690485590454273, 1.8690485590454282, 3.666666666666666, 0.0, 0.8333333333333339, 2.333333333333334, 1.8607393102024252, 1.8607393102024263, 3.7295201403802998, 0.6818181818181817, 1.076717454814538, 2.430909393108328, 2.0883273476902775, 2.0883273476902784, 3.9120261472382625, 1.3636363636363633, 1.598107811343105, 2.7025818353337336, 2.4878953972796616, 2.487895397279662, 4.198610334618479, 2.1513550943452135, 2.045454545454545, 2.2086938995626135, 3.102954840464989, 2.9913020527213967, 2.991302052721397, 4.569733140279644, 2.8075720780364777, 2.7272727272727275, 2.8517470037452597, 3.5892145343194617, 3.554701745511269, 3.5547017455112693, 5.006630131225066, 3.473664530562893, 3.4090909090909