totalHoles = 100;
zeroHoleID = 91;
C = [[0.0, 2.5, 3.0, 3.333333333333333, 4.166666666666667, 5.0, 2.523136739906195, 3.3507208357867673, 4.180589685603644, 5.011608425272715, 2.5913077843162227, 3.4023502383160027, 4.222083270634174, 5.04627347981239, 1.8027756377319946, 4.6097722286464435, 2.7011055281828895, 3.4867007593843318, 4.290347559987568, 5.1035253574740045, 2.8477191104867425, 3.6014740375771854, 4.3841322109788745, 5.182615568632445, 3.0258015808396244, 3.7438731706245973, 4.501842546971482, 5.2825633178043, 3.2301523644436125, 3.910881666406153, 4.641658691527391, 5.402211056365779, 3.4561150740330793, 4.099492958412027, 4.801649978504242, 5.540282610567685, 3.699731953659024, 4.30686981925815, 4.979872251377211, 5.695438220973485, 3.957744265288181, 4.530436047504986, 5.17444207432382, 5.866322499609231, 4.227517099485971, 4.767914841684716, 5.383587274072688, 6.051603161679249, 4.5069390943299865, 5.01733107449679, 5.605676686280713, 6.25, 4.794323434029315, 5.276992353717575, 5.839233537134284, 6.460304728887225, 5.088321176645025, 5.545459720149928, 6.082937079060191, 6.681392998222318, 5.387849814149862, 5.8215149858903406, 6.335616523350022, 6.9122301480661585, 5.692036266530996, 6.104128764255816, 6.596240442146969, 7.151872262527074, 5.884381122858757, 6.00017217383822, 6.3924312453724195, 6.863903934847397, 7.399463907318048, 6.311679125908553, 6.6856865391327505, 7.137815106847533, 7.654233690476778, 6.596853683852146, 6.626081698687841, 6.983270708543172, 7.417281832908674, 7.915488530576362, 8.144029304946809, 6.942986531995512, 7.284653258363241, 7.701699364074281, 8.182607285179404, 7.262066049395662, 7.589381688707995, 7.990539056715525, 8.455034198971942, 7.583045736683123, 7.8970686812094515, 8.283338321941173, 8.732272478835512, 8.207381501496753, 8.579691784155834, 9.013878188659973, 8.958675865870877, 13.584298500875809], [2.5, 0.0, 0.5, 0.833333333333333, 1.666666666666667, 2.5, 0.34090909090909083, 0.9003685093942961, 1.7011751191580018, 2.523136739906195, 0.6818181818181817, 1.0767174548145373, 1.800737018788593, 2.5913077843162227, 1.4142135623730951, 2.23606797749979, 1.0227272727272727, 1.3192480884293938, 1.955440833203077, 2.7011055281828895, 1.3636363636363635, 1.5981078113431049, 2.153434909629075, 2.8477191104867425, 1.7045454545454541, 1.8973454221769985, 2.383957420842358, 3.0258015808396244, 2.0454545454545454, 2.2086938995626135, 2.638496176858788, 3.2301523644436125, 2.3863636363636362, 2.527681912227708, 2.9107574929451707, 3.4561150740330793, 2.727272727272727, 2.8517470037452592, 3.19621562268621, 3.699731953659024, 3.068181818181818, 3.1793370557186806, 3.491635354271586, 3.957744265288181, 3.4090909090909087, 3.5094650975455965, 3.794690844353998, 4.227517099485971, 3.75, 3.84147685720537, 4.103690750748377, 4.5069390943299865, 4.090909090909091, 4.174922949531774, 4.417387799125228, 4.794323434029315, 4.431818181818182, 4.509485207996436, 4.734848484848485, 5.088321176645025, 4.7727272727272725, 4.844932410702873, 5.055363824455416, 5.387849814149862, 5.113636363636363, 5.181092674711443, 5.378387735863035, 5.692036266530996, 5.411422345346398, 5.454545454545454, 5.517835677160649, 5.7034940074905185, 6.00017217383822, 5.795454545454545, 5.855060873541299, 6.0303458579261875, 6.311679125908553, 6.0875134235518695, 6.136363636363636, 6.19268949020782, 6.358674111437361, 6.626081698687841, 6.812594545951457, 6.477272727272727, 6.530658958169192, 6.688261340681063, 6.942986531995512, 6.8181818181818175, 6.868918965181462, 7.018930195091193, 7.262066049395662, 7.159090909090908, 7.207428604507472, 7.350534703163156, 7.583045736683123, 7.54615428178118, 7.68295371441074, 7.905694150420948, 9.052917633395694, 12.353579727601034], [3.0, 0.5, 0.0, 0.33333333333333304, 1.166666666666667, 2.0, 0.6051603161679249, 0.4767914841684714, 1.215454696554164, 2.0288467187701644, 0.8455034198971941, 0.7589381688707993, 1.3512909176668668, 2.11302532712172, 1.8027756377319946, 1.8027756377319946, 1.1384072533061995, 1.075677547172607, 1.5514774202324948, 2.246323902374759, 1.4524132098791325, 1.4037860390182386, 1.7946072671597304, 2.4206412646716995, 1.7763657299699205, 1.736832265281446, 2.0655716685031, 2.6278270884157444, 2.105679058527358, 2.072437069884577, 2.354781392960241, 2.86074890501083, 2.4381819876618476, 2.4095315968191384, 2.656283591047799, 3.1136363636363638, 2.7727272727272725, 2.7475675860725848, 2.9663323549522786, 3.382013679588777, 3.1086556048268656, 3.086235697501504, 3.282506783013951, 3.6624772585534897, 3.4455624833176772, 3.4253484403133925, 3.603194684936881, 3.9524550378778858, 3.783186487605389, 3.7647856660255057, 3.9272905559827263, 4.25, 4.121351379108877, 4.104466871737882, 4.254015550182411, 4.553629013224798, 4.459934124703437, 4.444336115530117, 4.582807382795542, 4.862202422431034, 4.798846280079693, 4.784353324216954, 4.913251136563836, 5.174835806074886, 5.138022660470089, 5.124489044833177, 5.245034601469778, 5.490835715945628, 5.451146844458133, 5.477414181500471, 5.46472114812948, 5.5779187181971, 5.80965283951653, 5.816983186191082, 5.805032687206926, 5.911717559182007, 6.130847689221267, 6.1045628764947875, 6.1567003076068225, 6.145410465444685, 6.2462844786958795, 6.454065283035642, 6.627872258354604, 6.4965423098346, 6.485844054136838, 6.581502343278636, 6.779016299100562, 6.836490569421208, 6.826325103369765, 6.917276517307677, 7.105462919879684, 7.176529986325431, 7.166846848910558, 7.25352974459602, 7.433208099106878, 7.507403753036805, 7.5901983578238, 7.762087348130012, 9.153950325324502, 12.154278479253918], [3.333333333333333, 0.833333333333333, 0.33333333333333304, 0.0, 0.8333333333333339, 1.666666666666667, 0.9003685093942961, 0.34090909090909083, 0.9003685093942969, 1.7011751191580018, 1.0767174548145373, 0.6818181818181817, 1.076717454814538, 1.800737018788593, 2.0883273476902775, 1.5365907428821481, 1.3192480884293938, 1.0227272727272727, 1.3192480884293942, 1.955440833203077, 1.5981078113431049, 1.3636363636363635, 1.5981078113431053, 2.153434909629075, 1.8973454221769985, 1.7045454545454541, 1.897345422176999, 2.383957420842358, 2.2086938995626135, 2.0454545454545454, 2.208693899562614, 2.638496176858788, 2.527681912227708, 2.3863636363636362, 2.527681912227708, 2.9107574929451707, 2.8517470037452592, 2.727272727272727, 2.8517470037452592, 3.19621562268621, 3.1793370557186806, 3.068181818181818, 3.1793370557186806, 3.491635354271586, 3.5094650975455965, 3.4090909090909087, 3.5094650975455965, 3.794690844353998, 3.84147685720537, 3.75, 3.84147685720537, 4.103690750748377, 4.174922949531774, 4.090909090909091, 4.174922949531775, 4.417387799125228, 4.509485207996436, 4.431818181818182, 4.509485207996436, 4.734848484848485, 4.844932410702873, 4.7727272727272725, 4.8449324107028735, 5.055363824455416, 5.181092674711443, 5.113636363636363, 5.181092674711444, 5.378387735863035, 5.502767768227612, 5.517835677160649, 5.454545454545454, 5.517835677160649, 5.7034940074905185, 5.855060873541299, 5.795454545454545, 5.855060873541299, 6.0303458579261875, 6.138570233501079, 6.19268949020782, 6.136363636363636, 6.19268949020782, 6.358674111437361, 6.523135692891139, 6.530658958169192, 6.477272727272727, 6.530658958169192, 6.688261340681063, 6.868918965181462, 6.8181818181818175, 6.868918965181462, 7.018930195091193, 7.207428604507472, 7.159090909090908, 7.207428604507472, 7.350534703163156, 7.5, 7.54615428178118, 7.68295371441074, 9.235740915446952, 12.031124856211042], [4.166666666666667, 1.666666666666667, 1.166666666666667, 0.8333333333333339, 0.0, 0.833333333333333, 1.7011751191580018, 0.9003685093942969, 0.34090909090909083, 0.9003685093942961, 1.800737018788593, 1.076717454814538, 0.6818181818181817, 1.0767174548145373, 2.8480012484391772, 1.0540925533894596, 1.955440833203077, 1.3192480884293942, 1.0227272727272727, 1.3192480884293938, 2.153434909629075, 1.5981078113431053, 1.3636363636363635, 1.5981078113431049, 2.383957420842358, 1.897345422176999, 1.7045454545454541, 1.8973454221769985, 2.638496176858788, 2.208693899562614, 2.0454545454545454, 2.2086938995626135, 2.9107574929451707, 2.527681912227708, 2.3863636363636362, 2.527681912227708, 3.19621562268621, 2.8517470037452592, 2.727272727272727, 2.8517470037452592, 3.491635354271586, 3.1793370557186806, 3.068181818181818, 3.1793370557186806, 3.794690844353998, 3.5094650975455965, 3.4090909090909087, 3.5094650975455965, 4.103690750748377, 3.84147685720537, 3.75, 3.84147685720537, 4.417387799125228, 4.174922949531775, 4.090909090909091, 4.174922949531774, 4.734848484848485, 4.509485207996436, 4.431818181818182, 4.509485207996436, 5.055363824455416, 4.8449324107028735, 4.7727272727272725, 4.844932410702873, 5.378387735863035, 5.181092674711444, 5.113636363636363, 5.181092674711443, 5.7154442794295495, 5.7034940074905185, 5.517835677160649, 5.454545454545454, 5.517835677160649, 6.0303458579261875, 5.855060873541299, 5.795454545454545, 5.855060873541299, 6.300409370050147, 6.358674111437361, 6.19268949020782, 6.136363636363636, 6.19268949020782, 6.33088011078255, 6.688261340681063, 6.530658958169192, 6.477272727272727, 6.530658958169192, 7.018930195091193, 6.868918965181462, 6.8181818181818175, 6.868918965181462, 7.350534703163156, 7.207428604507472, 7.159090909090908, 7.207428604507472, 7.54615428178118, 7.5, 7.54615428178118, 9.488487325510006, 11.758991768607205], [5.0, 2.5, 2.0, 1.666666666666667, 0.833333333333333, 0.0, 2.523136739906195, 1.7011751191580018, 0.9003685093942961, 0.34090909090909083, 2.5913077843162227, 1.800737018788593, 1.0767174548145373, 0.6818181818181817, 3.640054944640259, 1.118033988749895, 2.7011055281828895, 1.955440833203077, 1.3192480884293938, 1.0227272727272727, 2.8477191104867425, 2.153434909629075, 1.5981078113431049, 1.3636363636363635, 3.0258015808396244, 2.383957420842358, 1.8973454221769985, 1.7045454545454541, 3.2301523644436125, 2.638496176858788, 2.2086938995626135, 2.0454545454545454, 3.4561150740330793, 2.9107574929451707, 2.527681912227708, 2.3863636363636362, 3.699731953659024, 3.19621562268621, 2.8517470037452592, 2.727272727272727, 3.957744265288181, 3.491635354271586, 3.1793370557186806, 3.068181818181818, 4.227517099485971, 3.794690844353998, 3.5094650975455965, 3.4090909090909087, 4.5069390943299865, 4.103690750748377, 3.84147685720537, 3.75, 4.794323434029315, 4.417387799125228, 4.174922949531774, 4.090909090909091, 5.088321176645025, 4.734848484848485, 4.509485207996436, 4.431818181818182, 5.387849814149862, 5.055363824455416, 4.844932410702873, 4.7727272727272725, 5.692036266530996, 5.378387735863035, 5.181092674711443, 5.113636363636363, 6.036641649159914, 6.00017217383822, 5.7034940074905185, 5.517835677160649, 5.454545454545454, 6.311679125908553, 6.0303458579261875, 5.855060873541299, 5.795454545454545, 6.564842788498044, 6.626081698687841, 6.358674111437361, 6.19268949020782, 6.136363636363636, 6.244811892701226, 6.942986531995512, 6.688261340681063, 6.530658958169192, 6.477272727272727, 7.262066049395662, 7.018930195091193, 6.868918965181462, 6.8181818181818175, 7.583045736683123, 7.350534703163156, 7.207428604507472, 7.159090909090908, 7.68295371441074, 7.54615428178118, 7.5, 9.805751479838557, 11.540740808609025], [2.523136739906195, 0.34090909090909083, 0.6051603161679249, 0.9003685093942961, 1.7011751191580018, 2.523136739906195, 0.0, 0.833333333333333, 1.666666666666667, 2.5, 0.34090909090909083, 0.9003685093942961, 1.7011751191580018, 2.523136739906195, 1.1976647387504906, 2.1058017063451824, 0.6818181818181819, 1.0767174548145373, 1.8007370187885932, 2.5913077843162227, 1.0227272727272727, 1.3192480884293938, 1.955440833203077, 2.7011055281828895, 1.3636363636363633, 1.5981078113431046, 2.153434909629075, 2.8477191104867425, 1.7045454545454546, 1.897345422176999, 2.3839574208423584, 3.0258015808396244, 2.0454545454545454, 2.2086938995626135, 2.638496176858788, 3.2301523644436125, 2.3863636363636362, 2.527681912227708, 2.9107574929451707, 3.4561150740330793, 2.727272727272727, 2.8517470037452592, 3.19621562268621, 3.699731953659024, 3.068181818181818, 3.1793370557186806, 3.491635354271586, 3.957744265288181, 3.409090909090909, 3.509465097545597, 3.7946908443539984, 4.227517099485971, 3.75, 3.84147685720537, 4.103690750748377, 4.5069390943299865, 4.090909090909091, 4.174922949531774, 4.417387799125228, 4.794323434029315, 4.431818181818182, 4.509485207996436, 4.734848484848485, 5.088321176645025, 4.7727272727272725, 4.844932410702873, 5.055363824455416, 5.387849814149862, 5.070717974478154, 5.113636363636363, 5.181092674711443, 5.378387735863035, 5.692036266530996, 5.454545454545454, 5.517835677160649, 5.7034940074905185, 6.00017217383822, 5.746612981955879, 5.795454545454545, 5.855060873541299, 6.0303458579261875, 6.311679125908553, 6.50175327207537, 6.136363636363636, 6.19268949020782, 6.358674111437361, 6.626081698687841, 6.477272727272727, 6.530658958169192, 6.688261340681063, 6.942986531995512, 6.8181818181818175, 6.868918965181462, 7.018930195091193, 7.262066049395662, 7.207428604507474, 7.350534703163157, 7.583045736683124, 8.717509851423436, 12.044343941581452], [3.3507208357867673, 0.9003685093942961, 0.4767914841684714, 0.34090909090909083, 0.9003685093942969, 1.7011751191580018, 0.833333333333333, 0.0, 0.8333333333333339, 1.666666666666667, 0.9003685093942961, 0.34090909090909083, 0.9003685093942969, 1.7011751191580018, 1.948207365132724, 1.339967140476733, 1.0767174548145373, 0.6818181818181819, 1.076717454814538, 1.8007370187885932, 1.3192480884293938, 1.0227272727272727, 1.3192480884293942, 1.955440833203077, 1.5981078113431046, 1.3636363636363633, 1.598107811343105, 2.153434909629075, 1.897345422176999, 1.7045454545454546, 1.8973454221769994, 2.3839574208423584, 2.2086938995626135, 2.0454545454545454, 2.208693899562614, 2.638496176858788, 2.527681912227708, 2.3863636363636362, 2.527681912227708, 2.9107574929451707, 2.8517470037452592, 2.727272727272727, 2.8517470037452592, 3.19621562268621, 3.1793370557186806, 3.068181818181818, 3.1793370557186806, 3.491635354271586, 3.509465097545597, 3.409090909090909, 3.509465097545597, 3.7946908443539984, 3.84147685720537, 3.75, 3.84147685720537, 4.103690750748377, 4.174922949531774, 4.090909090909091, 4.174922949531775, 4.417387799125228, 4.509485207996436, 4.431818181818182, 4.509485207996436, 4.734848484848485, 4.844932410702873, 4.7727272727272725, 4.8449324107028735, 5.055363824455416, 5.168088823542628, 5.181092674711443, 5.113636363636363, 5.181092674711444, 5.378387735863035, 5.517835677160649, 5.454545454545454, 5.517835677160649, 5.7034940074905185, 5.800671133074615, 5.855060873541299, 5.795454545454545, 5.855060873541299, 6.0303458579261875, 6.197793997164283, 6.19268949020782, 6.136363636363636, 6.19268949020782, 6.358674111437361, 6.530658958169192, 6.477272727272727, 6.530658958169192, 6.688261340681063, 6.868918965181462, 6.8181818181818175, 6.868918965181462, 7.018930195091193, 7.159090909090909, 7.207428604507474, 7.350534703163157, 8.907220138173237, 11.713379281943096], [4.180589685603644, 1.7011751191580018, 1.215454696554164, 0.9003685093942969, 0.34090909090909083, 0.9003685093942961, 1.666666666666667, 0.8333333333333339, 0.0, 0.833333333333333, 1.7011751191580018, 0.9003685093942969, 0.34090909090909083, 0.9003685093942961, 2.7469095248219215, 0.738587799491294, 1.8007370187885932, 1.076717454814538, 0.6818181818181819, 1.0767174548145373, 1.955440833203077, 1.3192480884293942, 1.0227272727272727, 1.3192480884293938, 2.153434909629075, 1.598107811343105, 1.3636363636363633, 1.5981078113431046, 2.3839574208423584, 1.8973454221769994, 1.7045454545454546, 1.897345422176999, 2.638496176858788, 2.208693899562614, 2.0454545454545454, 2.2086938995626135, 2.9107574929451707, 2.527681912227708, 2.3863636363636362, 2.527681912227708, 3.19621562268621, 2.8517470037452592, 2.727272727272727, 2.8517470037452592, 3.491635354271586, 3.1793370557186806, 3.068181818181818, 3.1793370557186806, 3.7946908443539984, 3.509465097545597, 3.409090909090909, 3.509465097545597, 4.103690750748377, 3.84147685720537, 3.75, 3.84147685720537, 4.417387799125228, 4.174922949531775, 4.090909090909091, 4.174922949531774, 4.734848484848485, 4.509485207996436, 4.431818181818182, 4.509485207996436, 5.055363824455416, 4.8449324107028735, 4.7727272727272725, 4.844932410702873, 5.393977408948381, 5.378387735863035, 5.181092674711444, 5.113636363636363, 5.181092674711443, 5.7034940074905185, 5.517835677160649, 5.454545454545454, 5.517835677160649, 5.971674749404503, 6.0303458579261875, 5.855060873541299, 5.795454545454545, 5.855060873541299, 5.995114189114108, 6.358674111437361, 6.19268949020782, 6.136363636363636, 6.19268949020782, 6.688261340681063, 6.530658958169192, 6.477272727272727, 6.530658958169192, 7.018930195091193, 6.868918965181462, 6.8181818181818175, 6.868918965181462, 7.207428604507474, 7.159090909090909, 7.207428604507474, 9.169026778180005, 11.433686033431501], [5.011608425272715, 2.523136739906195, 2.0288467187701644, 1.7011751191580018, 0.9003685093942961, 0.34090909090909083, 2.5, 1.666666666666667, 0.833333333333333, 0.0, 2.523136739906195, 1.7011751191580018, 0.9003685093942961, 0.34090909090909083, 3.5615166469421817, 0.827285214690968, 2.5913077843162227, 1.8007370187885932, 1.0767174548145373, 0.6818181818181819, 2.7011055281828895, 1.955440833203077, 1.3192480884293938, 1.0227272727272727, 2.8477191104867425, 2.153434909629075, 1.5981078113431046, 1.3636363636363633, 3.0258015808396244, 2.3839574208423584, 1.897345422176999, 1.7045454545454546, 3.2301523644436125, 2.638496176858788, 2.2086938995626135, 2.0454545454545454, 3.4561150740330793, 2.9107574929451707, 2.527681912227708, 2.3863636363636362, 3.699731953659024, 3.19621562268621, 2.8517470037452592, 2.727272727272727, 3.957744265288181, 3.491635354271586, 3.1793370557186806, 3.068181818181818, 4.227517099485971, 3.7946908443539984, 3.509465097545597, 3.409090909090909, 4.5069390943299865, 4.103690750748377, 3.84147685720537, 3.75, 4.794323434029315, 4.417387799125228, 4.174922949531774, 4.090909090909091, 5.088321176645025, 4.734848484848485, 4.509485207996436, 4.431818181818182, 5.387849814149862, 5.055363824455416, 4.844932410702873, 4.7727272727272725, 5.733213006452285, 5.692036266530996, 5.378387735863035, 5.181092674711443, 5.113636363636363, 6.00017217383822, 5.7034940074905185, 5.517835677160649, 5.454545454545454, 6.250032153529645, 6.311679125908553, 6.0303458579261875, 5.855060873541299, 5.795454545454545, 5.904153346470425, 6.626081698687841, 6.358674111437361, 6.19268949020782, 6.136363636363636, 6.942986531995512, 6.688261340681063, 6.530658958169192, 6.477272727272727, 7.262066049395662, 7.018930195091193, 6.868918965181462, 6.8181818181818175, 7.350534703163157, 7.207428604507474, 7.159090909090909, 9.496969117406564, 11.20910287705525], [2.5913077843162227, 0.6818181818181817, 0.8455034198971941, 1.0767174548145373, 1.800737018788593, 2.5913077843162227, 0.34090909090909083, 0.9003685093942961, 1.7011751191580018, 2.523136739906195, 0.0, 0.833333333333333, 1.666666666666667, 2.5, 1.0493996709650177, 2.025151764540497, 0.34090909090909105, 0.9003685093942962, 1.7011751191580018, 2.523136739906195, 0.6818181818181819, 1.0767174548145373, 1.8007370187885932, 2.5913077843162227, 1.0227272727272725, 1.3192480884293936, 1.9554408332030768, 2.701105528182889, 1.3636363636363638, 1.598107811343105, 2.1534349096290755, 2.847719110486743, 1.7045454545454546, 1.897345422176999, 2.3839574208423584, 3.0258015808396244, 2.0454545454545454, 2.2086938995626135, 2.638496176858788, 3.2301523644436125, 2.3863636363636362, 2.527681912227708, 2.9107574929451707, 3.4561150740330793, 2.727272727272727, 2.8517470037452592, 3.19621562268621, 3.699731953659024, 3.0681818181818183, 3.179337055718681, 3.4916353542715863, 3.9577442652881816, 3.409090909090909, 3.509465097545597, 3.7946908443539984, 4.227517099485971, 3.75, 3.84147685720537, 4.103690750748377, 4.5069390943299865, 4.090909090909091, 4.174922949531774, 4.417387799125228, 4.794323434029315, 4.431818181818182, 4.509485207996436, 4.734848484848485, 5.088321176645025, 4.7300431044765645, 4.7727272727272725, 4.844932410702873, 5.055363824455416, 5.387849814149862, 5.113636363636363, 5.181092674711443, 5.378387735863035, 5.692036266530996, 5.405713631276854, 5.454545454545454, 5.517835677160649, 5.7034940074905185, 6.00017217383822, 6.19407658903948, 5.795454545454545, 5.855060873541299, 6.0303458579261875, 6.311679125908553, 6.136363636363636, 6.19268949020782, 6.358674111437361, 6.626081698687841, 6.477272727272727, 6.530658958169192, 6.688261340681063, 6.942986531995512, 6.868918965181463, 7.018930195091194, 7.262066049395663, 8.38254593538333, 11.736862779148156], [3.4023502383160027, 1.0767174548145373, 0.7589381688707993, 0.6818181818181817, 1.076717454814538, 1.800737018788593, 0.9003685093942961, 0.34090909090909083, 0.9003685093942969, 1.7011751191580018, 0.833333333333333, 0.0, 0.8333333333333339, 1.666666666666667, 1.8607393102024252, 1.2092769660142375, 0.9003685093942962, 0.34090909090909105, 0.900368509394297, 1.7011751191580018, 1.0767174548145373, 0.6818181818181819, 1.076717454814538, 1.8007370187885932, 1.3192480884293936, 1.0227272727272725, 1.319248088429394, 1.9554408332030768, 1.598107811343105, 1.3636363636363638, 1.5981078113431055, 2.1534349096290755, 1.897345422176999, 1.7045454545454546, 1.8973454221769994, 2.3839574208423584, 2.2086938995626135, 2.0454545454545454, 2.208693899562614, 2.638496176858788, 2.527681912227708, 2.3863636363636362, 2.527681912227708, 2.9107574929451707, 2.8517470037452592, 2.727272727272727, 2.8517470037452592, 3.19621562268621, 3.179337055718681, 3.0681818181818183, 3.179337055718681, 3.4916353542715863, 3.509465097545597, 3.409090909090909, 3.509465097545597, 3.7946908443539984, 3.84147685720537, 3.75, 3.84147685720537, 4.103690750748377, 4.174922949531774, 4.090909090909091, 4.174922949531775, 4.417387799125228, 4.509485207996436, 4.431818181818182, 4.509485207996436, 4.734848484848485, 4.83428061675537, 4.844932410702873, 4.7727272727272725, 4.8449324107028735, 5.055363824455416, 5.181092674711443, 5.113636363636363, 5.181092674711444, 5.378387735863035, 5.463146043542467, 5.517835677160649, 5.454545454545454, 5.517835677160649, 5.7034940074905185, 5.874218212769235, 5.855060873541299, 5.795454545454545, 5.855060873541299, 6.0303458579261875, 6.19268949020782, 6.136363636363636, 6.19268949020782, 6.358674111437361, 6.530658958169192, 6.477272727272727, 6.530658958169192, 6.688261340681063, 6.818181818181818, 6.868918965181463, 7.018930195091194, 8.579666015587424, 11.396972453950099], [4.222083270634174, 1.800737018788593, 1.3512909176668668, 1.076717454814538, 0.6818181818181817, 1.0767174548145373, 1.7011751191580018, 0.9003685093942969, 0.34090909090909083, 0.9003685093942961, 1.666666666666667, 0.8333333333333339, 0.0, 0.833333333333333, 2.6855820189546624, 0.4608153432044105, 1.7011751191580018, 0.900368509394297, 0.34090909090909105, 0.9003685093942962, 1.8007370187885932, 1.076717454814538, 0.6818181818181819, 1.0767174548145373, 1.9554408332030768, 1.319248088429394, 1.0227272727272725, 1.3192480884293936, 2.1534349096290755, 1.5981078113431055, 1.3636363636363638, 1.598107811343105, 2.3839574208423584, 1.8973454221769994, 1.7045454545454546, 1.897345422176999, 2.638496176858788, 2.208693899562614, 2.0454545454545454, 2.2086938995626135, 2.9107574929451707, 2.527681912227708, 2.3863636363636362, 2.527681912227708, 3.19621562268621, 2.8517470037452592, 2.727272727272727, 2.8517470037452592, 3.4916353542715863, 3.179337055718681, 3.0681818181818183, 3.179337055718681, 3.7946908443539984, 3.509465097545597, 3.409090909090909, 3.509465097545597, 4.103690750748377, 3.84147685720537, 3.75, 3.84147685720537, 4.417387799125228, 4.174922949531775, 4.090909090909091, 4.174922949531774, 4.734848484848485, 4.509485207996436, 4.431818181818182, 4.509485207996436, 5.075048697476307, 5.055363824455416, 4.8449324107028735, 4.7727272727272725, 4.844932410702873, 5.378387735863035, 5.181092674711444, 5.113636363636363, 5.181092674711443, 5.644384679631952, 5.7034940074905185, 5.517835677160649, 5.454545454545454, 5.517835677160649, 5.659963190733796, 6.0303458579261875, 5.855060873541299, 5.795454545454545, 5.855060873541299, 6.358674111437361, 6.19268949020782, 6.136363636363636, 6.19268949020782, 6.688261340681063, 6.530658958169192, 6.477272727272727, 6.530658958169192, 6.868918965181463, 6.818181818181818, 6.868918965181463, 8.851166612832962, 11.109316055659328], [5.04627347981239, 2.5913077843162227, 2.11302532712172, 1.800737018788593, 1.0767174548145373, 0.6818181818181817, 2.523136739906195, 1.7011751191580018, 0.9003685093942961, 0.34090909090909083, 2.5, 1.666666666666667, 0.833333333333333, 0.0, 3.5144330509232193, 0.5926547641093318, 2.523136739906195, 1.7011751191580018, 0.9003685093942962, 0.34090909090909105, 2.5913077843162227, 1.8007370187885932, 1.0767174548145373, 0.6818181818181819, 2.701105528182889, 1.9554408332030768, 1.3192480884293936, 1.0227272727272725, 2.847719110486743, 2.1534349096290755, 1.598107811343105, 1.3636363636363638, 3.0258015808396244, 2.3839574208423584, 1.897345422176999, 1.7045454545454546, 3.2301523644436125, 2.638496176858788, 2.2086938995626135, 2.0454545454545454, 3.4561150740330793, 2.9107574929451707, 2.527681912227708, 2.3863636363636362, 3.699731953659024, 3.19621562268621, 2.8517470037452592, 2.727272727272727, 3.9577442652881816, 3.4916353542715863, 3.179337055718681, 3.0681818181818183, 4.227517099485971, 3.7946908443539984, 3.509465097545597, 3.409090909090909, 4.5069390943299865, 4.103690750748377, 3.84147685720537, 3.75, 4.794323434029315, 4.417387799125228, 4.174922949531774, 4.090909090909091, 5.088321176645025, 4.734848484848485, 4.509485207996436, 4.431818181818182, 5.434230246397746, 5.387849814149862, 5.055363824455416, 4.844932410702873, 4.7727272727272725, 5.692036266530996, 5.378387735863035, 5.181092674711443, 5.113636363636363, 5.938104160348063, 6.00017217383822, 5.7034940074905185, 5.517835677160649, 5.454545454545454, 5.563525493657964, 6.311679125908553, 6.0303458579261875, 5.855060873541299, 5.795454545454545, 6.626081698687841, 6.358674111437361, 6.19268949020782, 6.136363636363636, 6.942986531995512, 6.688261340681063, 6.530658958169192, 6.477272727272727, 7.018930195091194, 6.868918965181463, 6.818181818181818, 9.190458136900517, 10.87803816052563], [1.8027756377319946, 1.4142135623730951, 1.8027756377319946, 2.0883273476902775, 2.8480012484391772, 3.640054944640259, 1.1976647387504906, 1.948207365132724, 2.7469095248219215, 3.5615166469421817, 1.0493996709650177, 1.8607393102024252, 2.6855820189546624, 3.5144330509232193, 0.0, 3.0, 1.000258231121154, 1.8334741994467034, 2.666763514081579, 3.5000737890686846, 1.0640636282472387, 1.869048559045427, 2.6913458558999417, 3.5188394969021646, 1.2232678764361715, 1.9640507652888635, 2.7581688506383673, 3.5702078787544935, 1.4467118602581408, 2.1104706389150927, 2.8642776258112064, 3.6528037459753526, 1.709387063315797, 2.2985028264812977, 3.0055141396011624, 3.764572237616301, 1.9958634909181951, 2.5188454072235706, 3.177197221686321, 3.9030079521287377, 2.297254020141841, 2.7637813126528226, 3.3746832657553156, 4.065387562466566, 2.6083939518915584, 3.027347043101529, 3.5937209295346757, 4.248966816564288, 2.9261749776799064, 3.3050886691753236, 3.830614978187068, 4.451123453691214, 3.248648797310116, 3.5937209295346757, 4.082257968254281, 4.66944525701549, 3.574545570147043, 3.890820883074542, 4.346088717935814, 4.901772743922126, 3.9030079521287377, 4.194589632549444, 4.620019717002437, 5.146209388897828, 4.233438806954862, 4.503677968432303, 4.902358130873602, 5.401111379358086, 4.483716851120424, 4.565410737996261, 4.817062000610194, 5.191732496741591, 5.665066213788817, 4.898610445577465, 5.133955142834009, 5.487029743734926, 5.936866538631356, 5.193009529221805, 5.232803398271205, 5.453745732619901, 5.787343303802685, 6.215483199636105, 6.43397282541861, 5.567810748303646, 5.775952530971556, 6.091931355492831, 6.50003973287284, 5.903493852746989, 6.100192683885697, 6.400183652094102, 6.7897893685608155, 6.239743650699624, 6.426158412111966, 6.711595334758897, 7.084094919356055, 6.75359986311827, 7.025746302785998, 7.3824115301167, 7.934215008360516, 11.933472415693442], [4.6097722286464435, 2.23606797749979, 1.8027756377319946, 1.5365907428821481, 1.0540925533894596, 1.118033988749895, 2.1058017063451824, 1.339967140476733, 0.738587799491294, 0.827285214690968, 2.025151764540497, 1.2092769660142375, 0.4608153432044105, 0.5926547641093318, 3.0, 0.0, 2.000129128062891, 1.1668880152082854, 0.334107228351514, 0.5005162623987555, 2.032789070454354, 1.2220239425108617, 0.4932975938212029, 0.6182486594879746, 2.1204679430542357, 1.3628996326332223, 0.7794199180363378, 0.8639353549431003, 2.2567621067829835, 1.566552366734889, 1.0973086702121153, 1.1588680712710875, 2.4335168239055602, 1.8119368762025116, 1.4258735018726294, 1.4737720760794069, 2.6426257915906604, 2.084366135181455, 1.7591424574181806, 1.7981854949865892, 2.8770429320845823, 2.374549882434345, 2.0948716295202816, 2.127763152481462, 3.1310891089626405, 2.6767200300695575, 2.43204237614717, 2.460430655040792, 3.400367627183861, 2.9872413881558204, 2.7701283564324437, 2.7950849718747373, 3.6815375875121066, 3.303759997241866, 3.1088309891944226, 3.1310891089626405, 3.972074525113779, 3.6247051113392605, 3.4479685532453686, 3.468050754106383, 4.2700668700127125, 3.9489976178128137, 3.7874242151482416, 3.8057155798062685, 4.574057731624231, 4.275875962109111, 4.127119484984959, 4.14391169455038, 4.918615406983008, 4.882926909816649, 4.604789497655966, 4.466999699767471, 4.482518846208186, 5.195804489924602, 4.935331337269238, 4.8070256301201235, 4.821450435037226, 5.45110606735121, 5.512007928600854, 5.267194938111725, 5.147168397873707, 5.160642537994534, 5.291453833443063, 5.830996186667044, 5.600145323117671, 5.487406276196134, 5.500046956974605, 6.152336114795865, 5.93399956020664, 5.8277226066905925, 5.83962667209313, 6.475677634537274, 6.268613238791925, 6.168104403911901, 6.1793527837829645, 6.60387091871965, 6.508541396588879, 6.519202405202649, 8.688423394820518, 10.705189558642783], [2.7011055281828895, 1.0227272727272727, 1.1384072533061995, 1.3192480884293938, 1.955440833203077, 2.7011055281828895, 0.6818181818181819, 1.0767174548145373, 1.8007370187885932, 2.5913077843162227, 0.34090909090909105, 0.9003685093942962, 1.7011751191580018, 2.523136739906195, 1.000258231121154, 2.000129128062891, 0.0, 0.833333333333333, 1.666666666666667, 2.5, 0.34090909090909083, 0.9003685093942961, 1.7011751191580018, 2.523136739906195, 0.6818181818181814, 1.076717454814537, 1.800737018788593, 2.5913077843162227, 1.0227272727272727, 1.3192480884293938, 1.955440833203077, 2.7011055281828895, 1.3636363636363635, 1.5981078113431049, 2.153434909629075, 2.8477191104867425, 1.7045454545454544, 1.8973454221769988, 2.383957420842358, 3.0258015808396244, 2.045454545454545, 2.2086938995626135, 2.6384961768587876, 3.2301523644436125, 2.386363636363636, 2.527681912227707, 2.9107574929451703, 3.456115074033079, 2.7272727272727275, 2.8517470037452597, 3.19621562268621, 3.6997319536590245, 3.0681818181818183, 3.179337055718681, 3.4916353542715863, 3.9577442652881816, 3.409090909090909, 3.509465097545597, 3.7946908443539984, 4.227517099485971, 3.75, 3.84147685720537, 4.103690750748377, 4.5069390943299865, 4.090909090909091, 4.174922949531774, 4.417387799125228, 4.794323434029315, 4.389404604299504, 4.431818181818182, 4.509485207996436, 4.734848484848485, 5.088321176645025, 4.7727272727272725, 4.844932410702873, 5.055363824455416, 5.387849814149862, 5.064815591795015, 5.113636363636363, 5.181092674711443, 5.378387735863035, 5.692036266530996, 5.890060440043044, 5.454545454545454, 5.517835677160649, 5.7034940074905185, 6.00017217383822, 5.795454545454545, 5.855060873541299, 6.0303458579261875, 6.311679125908553, 6.136363636363636, 6.19268949020782, 6.358674111437361, 6.626081698687841, 6.530658958169192, 6.688261340681064, 6.942986531995513, 8.048081307025136, 11.43127782999459], [3.4867007593843318, 1.3192480884293938, 1.075677547172607, 1.0227272727272727, 1.3192480884293942, 1.955440833203077, 1.0767174548145373, 0.6818181818181819, 1.076717454814538, 1.8007370187885932, 0.9003685093942962, 0.34090909090909105, 0.900368509394297, 1.7011751191580018, 1.8334741994467034, 1.1668880152082854, 0.833333333333333, 0.0, 0.8333333333333339, 1.666666666666667, 0.9003685093942961, 0.34090909090909083, 0.9003685093942969, 1.7011751191580018, 1.076717454814537, 0.6818181818181814, 1.0767174548145377, 1.800737018788593, 1.3192480884293938, 1.0227272727272727, 1.3192480884293942, 1.955440833203077, 1.5981078113431049, 1.3636363636363635, 1.5981078113431053, 2.153434909629075, 1.8973454221769988, 1.7045454545454544, 1.8973454221769992, 2.383957420842358, 2.2086938995626135, 2.045454545454545, 2.2086938995626135, 2.6384961768587876, 2.527681912227707, 2.386363636363636, 2.5276819122277074, 2.9107574929451703, 2.8517470037452597, 2.7272727272727275, 2.8517470037452597, 3.19621562268621, 3.179337055718681, 3.0681818181818183, 3.179337055718681, 3.4916353542715863, 3.509465097545597, 3.409090909090909, 3.509465097545597, 3.7946908443539984, 3.84147685720537, 3.75, 3.84147685720537, 4.103690750748377, 4.174922949531774, 4.090909090909091, 4.174922949531775, 4.417387799125228, 4.5015368588489935, 4.509485207996436, 4.431818181818182, 4.509485207996436, 4.734848484848485, 4.844932410702873, 4.7727272727272725, 4.8449324107028735, 5.055363824455416, 5.126068845479076, 5.181092674711443, 5.113636363636363, 5.181092674711444, 5.378387735863035, 5.5527170653386335, 5.517835677160649, 5.454545454545454, 5.517835677160649, 5.7034940074905185, 5.855060873541299, 5.795454545454545, 5.855060873541299, 6.0303458579261875, 6.19268949020782, 6.136363636363636, 6.19268949020782, 6.358674111437361, 6.4772727272727275, 6.530658958169192, 6.688261340681064, 8.253193642748341, 11.082019041946724], [4.290347559987568, 1.955440833203077, 1.5514774202324948, 1.3192480884293942, 1.0227272727272727, 1.3192480884293938, 1.8007370187885932, 1.076717454814538, 0.6818181818181819, 1.0767174548145373, 1.7011751191580018, 0.900368509394297, 0.34090909090909105, 0.9003685093942962, 2.666763514081579, 0.334107228351514, 1.666666666666667, 0.8333333333333339, 0.0, 0.833333333333333, 1.7011751191580018, 0.9003685093942969, 0.34090909090909083, 0.9003685093942961, 1.800737018788593, 1.0767174548145377, 0.6818181818181814, 1.076717454814537, 1.955440833203077, 1.3192480884293942, 1.0227272727272727, 1.3192480884293938, 2.153434909629075, 1.5981078113431053, 1.3636363636363635, 1.5981078113431049, 2.383957420842358, 1.8973454221769992, 1.7045454545454544, 1.8973454221769988, 2.6384961768587876, 2.2086938995626135, 2.045454545454545, 2.2086938995626135, 2.9107574929451703, 2.5276819122277074, 2.386363636363636, 2.527681912227707, 3.19621562268621, 2.8517470037452597, 2.7272727272727275, 2.8517470037452597, 3.4916353542715863, 3.179337055718681, 3.0681818181818183, 3.179337055718681, 3.7946908443539984, 3.509465097545597, 3.409090909090909, 3.509465097545597, 4.103690750748377, 3.84147685720537, 3.75, 3.84147685720537, 4.417387799125228, 4.174922949531775, 4.090909090909091, 4.174922949531774, 4.759168445410956, 4.734848484848485, 4.509485207996436, 4.431818181818182, 4.509485207996436, 5.055363824455416, 4.8449324107028735, 4.7727272727272725, 4.844932410702873, 5.318805836574727, 5.378387735863035, 5.181092674711444, 5.113636363636363, 5.181092674711443, 5.325543213319613, 5.7034940074905185, 5.517835677160649, 5.454545454545454, 5.517835677160649, 6.0303458579261875, 5.855060873541299, 5.795454545454545, 5.855060873541299, 6.358674111437361, 6.19268949020782, 6.136363636363636, 6.19268949020782, 6.530658958169192, 6.4772727272727275, 6.530658958169192, 8.535085633653875, 10.785966259659011], [5.1035253574740045, 2.7011055281828895, 2.246323902374759, 1.955440833203077, 1.3192480884293938, 1.0227272727272727, 2.5913077843162227, 1.8007370187885932, 1.0767174548145373, 0.6818181818181819, 2.523136739906195, 1.7011751191580018, 0.9003685093942962, 0.34090909090909105, 3.5000737890686846, 0.5005162623987555, 2.5, 1.666666666666667, 0.833333333333333, 0.0, 2.523136739906195, 1.7011751191580018, 0.9003685093942961, 0.34090909090909083, 2.5913077843162227, 1.800737018788593, 1.076717454814537, 0.6818181818181814, 2.7011055281828895, 1.955440833203077, 1.3192480884293938, 1.0227272727272727, 2.8477191104867425, 2.153434909629075, 1.5981078113431049, 1.3636363636363635, 3.0258015808396244, 2.383957420842358, 1.8973454221769988, 1.7045454545454544, 3.2301523644436125, 2.6384961768587876, 2.2086938995626135, 2.045454545454545, 3.456115074033079, 2.9107574929451703, 2.527681912227707, 2.386363636363636, 3.6997319536590245, 3.19621562268621, 2.8517470037452597, 2.7272727272727275, 3.9577442652881816, 3.4916353542715863, 3.179337055718681, 3.0681818181818183, 4.227517099485971, 3.7946908443539984, 3.509465097545597, 3.409090909090909, 4.5069390943299865, 4.103690750748377, 3.84147685720537, 3.75, 4.794323434029315, 4.417387799125228, 4.174922949531774, 4.090909090909091, 5.140469179063667, 5.088321176645025, 4.734848484848485, 4.509485207996436, 4.431818181818182, 5.387849814149862, 5.055363824455416, 4.844932410702873, 4.7727272727272725, 5.629538003660732, 5.692036266530996, 5.378387735863035, 5.181092674711443, 5.113636363636363, 5.222934339531294, 6.00017217383822, 5.7034940074905185, 5.517835677160649, 5.454545454545454, 6.311679125908553, 6.0303458579261875, 5.855060873541299, 5.795454545454545, 6.626081698687841, 6.358674111437361, 6.19268949020782, 6.136363636363636, 6.688261340681064, 6.530658958169192, 6.4772727272727275, 8.88645357450298, 10.547600634828013], [2.8477191104867425, 1.3636363636363635, 1.4524132098791325, 1.5981078113431049, 2.153434909629075, 2.8477191104867425, 1.0227272727272727, 1.3192480884293938, 1.955440833203077, 2.7011055281828895, 0.6818181818181819, 1.0767174548145373, 1.8007370187885932, 2.5913077843162227, 1.0640636282472387, 2.032789070454354, 0.34090909090909083, 0.9003685093942961, 1.7011751191580018, 2.523136739906195, 0.0, 0.833333333333333, 1.666666666666667, 2.5, 0.3409090909090906, 0.900368509394296, 1.7011751191580016, 2.523136739906195, 0.6818181818181819, 1.0767174548145373, 1.8007370187885932, 2.5913077843162227, 1.0227272727272727, 1.3192480884293938, 1.955440833203077, 2.7011055281828895, 1.3636363636363635, 1.5981078113431049, 2.153434909629075, 2.8477191104867425, 1.7045454545454544, 1.8973454221769988, 2.383957420842358, 3.0258015808396244, 2.045454545454545, 2.2086938995626135, 2.6384961768587876, 3.2301523644436125, 2.3863636363636367, 2.527681912227708, 2.910757492945171, 3.4561150740330797, 2.7272727272727275, 2.8517470037452597, 3.19621562268621, 3.6997319536590245, 3.0681818181818183, 3.179337055718681, 3.4916353542715863, 3.9577442652881816, 3.409090909090909, 3.509465097545597, 3.7946908443539984, 4.227517099485971, 3.75, 3.84147685720537, 4.103690750748377, 4.5069390943299865, 4.0488116536601195, 4.090909090909091, 4.174922949531774, 4.417387799125228, 4.794323434029315, 4.431818181818182, 4.509485207996436, 4.734848484848485, 5.088321176645025, 4.723919147375017, 4.7727272727272725, 4.844932410702873, 5.055363824455416, 5.387849814149862, 5.590302067005153, 5.113636363636363, 5.181092674711443, 5.378387735863035, 5.692036266530996, 5.454545454545454, 5.517835677160649, 5.7034940074905185, 6.00017217383822, 5.795454545454545, 5.855060873541299, 6.0303458579261875, 6.311679125908553, 6.192689490207821, 6.358674111437362, 6.626081698687842, 7.71418090964246, 11.127745313990038], [3.6014740375771854, 1.5981078113431049, 1.4037860390182386, 1.3636363636363635, 1.5981078113431053, 2.153434909629075, 1.3192480884293938, 1.0227272727272727, 1.3192480884293942, 1.9554