totalHoles = 100;
zeroHoleID = 66;
C = [[0.0, 2.0, 3.5, 5.0, 6.5, 1.6138022391486595, 1.6770509831248424, 2.1666666666666665, 3.5978388574871505, 5.068968775248516, 6.553201083779166, 2.0274944739495537, 6.985589793854188, 2.6034165586355518, 3.8765677832043357, 5.270462766947299, 6.710274046399132, 2.5, 3.2015621187164243, 4.301162633521313, 5.5901699437494745, 6.96419413859206, 6.827220722857322, 3.0, 3.0413812651491097, 3.1622776601683795, 3.3541019662496847, 3.605551275463989, 4.6097722286464435, 5.830951894845301, 7.158910531638177, 3.980162748146124, 4.908329196552541, 6.0697360322941645, 7.354705670639044, 3.7378057508856735, 4.367226163122491, 5.227108604177035, 6.3302973358177725, 7.5711732485699725, 4.76370723013017, 5.5626348589849455, 6.610061011397282, 7.806593788227645, 5.1674386445635445, 5.912057353014154, 6.906694009823275, 8.059306554867405, 5.576845978926114, 6.2730543655116175, 7.218116864713702, 8.327737452193386, 5.5, 5.522680508593631, 5.5901699437494745, 5.70087712549569, 5.990765673634829, 6.643739410633245, 7.542497819449561, 6.408323415413722, 7.0225785148006565, 7.878236414105621, 6.828851879568013, 7.408320861914634, 8.223941755209577, 7.251834274583277, 7.799942329659929, 8.578408963556164, 7.676864988741389, 8.196600274221217, 8.940595956386986, 8.10362172865363, 8.597597636613802, 9.309601770274991, 8.0, 8.0156097709407, 8.06225774829855, 8.139410298049853, 8.531845494572236, 9.002354555517828, 9.684647001478814, 8.96132598011027, 9.41038592841969, 10.065056548365702, 9.39189078177272, 9.821283646079436, 10.450244612292451, 9.823397322113001, 10.23470248459118, 10.839701792397099, 10.255726731726414, 10.650348857941122, 11.232984055710563, 10.5, 10.51189802081432, 10.547511554864494, 10.606601717798213, 10.688779163215974, 11.067971810589327, 11.629703349613008], [2.0, 0.0, 1.5, 3.0, 4.5, 0.46938299297718, 0.9013878188659973, 0.8333333333333335, 1.7159383568311668, 3.1135902820449006, 4.576510072581994, 1.0038792619394334, 5.014754112279738, 1.666666666666667, 2.242270674512285, 3.4318767136623336, 4.7987266829626565, 3.2015621187164243, 2.5, 2.9154759474226504, 3.905124837953327, 5.1478150704935, 5.072655399870808, 3.605551275463989, 3.3541019662496847, 3.1622776601683795, 3.0413812651491097, 3.0, 3.3541019662496847, 4.242640687119285, 5.408326913195984, 3.4411764705882355, 3.7538907152087027, 4.565270583627011, 5.664953265626302, 3.53390524379075, 3.882352941176471, 4.162050499436737, 4.906390155691004, 5.94328733613491, 4.323529411764706, 4.57634205172586, 5.262405018087686, 6.240425191795384, 4.764705882352941, 4.995239948724057, 5.630490400074288, 6.553809742838795, 5.205882352941177, 5.4176757998854415, 6.008428336317607, 6.88122162647479, 5.852349955359813, 5.70087712549569, 5.5901699437494745, 5.522680508593631, 5.647058823529411, 5.842882281579989, 6.394472093644742, 6.088235294117647, 6.270295766272895, 6.787238687164302, 6.529411764705882, 6.6994938609629, 7.185625789942, 6.970588235294118, 7.130154300295384, 7.588748272674537, 7.411764705882353, 7.562027245082057, 7.995889947677077, 7.852941176470587, 7.994916204758324, 8.406466863142164, 8.246211251235321, 8.139410298049853, 8.06225774829855, 8.0156097709407, 8.294117647058822, 8.428664635827705, 8.819999293835151, 8.735294117647058, 8.863146355657188, 9.23609026167454, 9.176470588235293, 9.298258571192102, 9.654408964651715, 9.617647058823529, 9.733916732132903, 10.074677907908365, 10.058823529411764, 10.170050678135668, 10.496662840915095, 10.688779163215974, 10.606601717798213, 10.547511554864494, 10.51189802081432, 10.5, 10.606601717798213, 10.920164833920778], [3.5, 1.5, 0.0, 1.5, 3.0, 1.9189300246120118, 2.1360009363293826, 1.7159383568311668, 0.8333333333333335, 1.7159383568311668, 3.1135902820449006, 1.982562324504358, 3.5580513396516102, 2.242270674512285, 1.666666666666667, 2.242270674512285, 3.4318767136623336, 4.301162633521313, 2.9154759474226504, 2.5, 2.9154759474226504, 3.905124837953327, 3.9143965449680707, 4.6097722286464435, 4.242640687119285, 3.905124837953327, 3.605551275463989, 3.3541019662496847, 3.0, 3.3541019662496847, 4.242640687119285, 3.7538907152087027, 3.4411764705882355, 3.7538907152087027, 4.565270583627011, 4.077555285050721, 4.162050499436737, 3.882352941176471, 4.162050499436737, 4.906390155691004, 4.57634205172586, 4.323529411764706, 4.57634205172586, 5.262405018087686, 4.995239948724057, 4.764705882352941, 4.995239948724057, 5.630490400074288, 5.4176757998854415, 5.205882352941177, 5.4176757998854415, 6.008428336317607, 6.519202405202649, 6.264982043070834, 6.041522986797286, 5.852349955359813, 5.842882281579989, 5.647058823529411, 5.842882281579989, 6.270295766272895, 6.088235294117647, 6.270295766272895, 6.6994938609629, 6.529411764705882, 6.6994938609629, 7.130154300295384, 6.970588235294118, 7.130154300295384, 7.562027245082057, 7.411764705882353, 7.562027245082057, 7.994916204758324, 7.852941176470587, 7.994916204758324, 8.73212459828649, 8.54400374531753, 8.381527307120106, 8.246211251235321, 8.428664635827705, 8.294117647058822, 8.428664635827705, 8.863146355657188, 8.735294117647058, 8.863146355657188, 9.298258571192102, 9.176470588235293, 9.298258571192102, 9.733916732132903, 9.617647058823529, 9.733916732132903, 10.170050678135668, 10.058823529411764, 10.170050678135668, 11.067971810589327, 10.920164833920778, 10.793516572461451, 10.688779163215974, 10.606601717798213, 10.5, 10.606601717798213], [5.0, 3.0, 1.5, 0.0, 1.5, 3.412369335904116, 3.5794552658190883, 3.1135902820449006, 1.7159383568311668, 0.8333333333333335, 1.7159383568311668, 3.3694707549608123, 2.1614115444696513, 3.4318767136623336, 2.242270674512285, 1.666666666666667, 2.242270674512285, 5.5901699437494745, 3.905124837953327, 2.9154759474226504, 2.5, 2.9154759474226504, 3.068088625948976, 5.830951894845301, 5.408326913195984, 5.0, 4.6097722286464435, 4.242640687119285, 3.3541019662496847, 3.0, 3.3541019662496847, 4.565270583627011, 3.7538907152087027, 3.4411764705882355, 3.7538907152087027, 5.0263732385486835, 4.906390155691004, 4.162050499436737, 3.882352941176471, 4.162050499436737, 5.262405018087686, 4.57634205172586, 4.323529411764706, 4.57634205172586, 5.630490400074288, 4.995239948724057, 4.764705882352941, 4.995239948724057, 6.008428336317607, 5.4176757998854415, 5.205882352941177, 5.4176757998854415, 7.433034373659253, 7.106335201775948, 6.800735254367722, 6.519202405202649, 6.394472093644742, 5.842882281579989, 5.647058823529411, 6.787238687164302, 6.270295766272895, 6.088235294117647, 7.185625789942, 6.6994938609629, 6.529411764705882, 7.588748272674537, 7.130154300295384, 6.970588235294118, 7.995889947677077, 7.562027245082057, 7.411764705882353, 8.406466863142164, 7.994916204758324, 7.852941176470587, 9.433981132056603, 9.17877987534291, 8.94427190999916, 8.73212459828649, 8.819999293835151, 8.428664635827705, 8.294117647058822, 9.23609026167454, 8.863146355657188, 8.735294117647058, 9.654408964651715, 9.298258571192102, 9.176470588235293, 10.074677907908365, 9.733916732132903, 9.617647058823529, 10.496662840915095, 10.170050678135668, 10.058823529411764, 11.629703349613008, 11.423659658795863, 11.236102527122116, 11.067971810589327, 10.920164833920778, 10.606601717798213, 10.5], [6.5, 4.5, 3.0, 1.5, 0.0, 4.909810233591513, 5.055937104039171, 4.576510072581994, 3.1135902820449006, 1.7159383568311668, 0.8333333333333335, 4.824532409107461, 1.0879661729744863, 4.7987266829626565, 3.4318767136623336, 2.242270674512285, 1.666666666666667, 6.96419413859206, 5.1478150704935, 3.905124837953327, 2.9154759474226504, 2.5, 2.8291050390710106, 7.158910531638177, 6.708203932499369, 6.264982043070834, 5.830951894845301, 5.408326913195984, 4.242640687119285, 3.3541019662496847, 3.0, 5.664953265626302, 4.565270583627011, 3.7538907152087027, 3.4411764705882355, 6.196966900327263, 5.94328733613491, 4.906390155691004, 4.162050499436737, 3.882352941176471, 6.240425191795384, 5.262405018087686, 4.57634205172586, 4.323529411764706, 6.553809742838795, 5.630490400074288, 4.995239948724057, 4.764705882352941, 6.88122162647479, 6.008428336317607, 5.4176757998854415, 5.205882352941177, 8.514693182963201, 8.139410298049853, 7.7781745930520225, 7.433034373659253, 7.2207529632581515, 6.394472093644742, 5.842882281579989, 7.570773342039755, 6.787238687164302, 6.270295766272895, 7.929893945891053, 7.185625789942, 6.6994938609629, 8.29693318919833, 7.588748272674537, 7.130154300295384, 8.670885540437224, 7.995889947677077, 7.562027245082057, 9.050894161413403, 8.406466863142164, 7.994916204758324, 10.307764064044152, 10.0, 9.7082439194738, 9.433981132056603, 9.436227399933331, 8.819999293835151, 8.428664635827705, 9.826258867025603, 9.23609026167454, 8.863146355657188, 10.220450697339496, 9.654408964651715, 9.298258571192102, 10.61833955701629, 10.074677907908365, 9.733916732132903, 11.019524980499284, 10.496662840915095, 10.170050678135668, 12.349089035228468, 12.093386622447824, 11.853269591129697, 11.629703349613008, 11.423659658795863, 10.920164833920778, 10.606601717798213], [1.6138022391486595, 0.46938299297718, 1.9189300246120118, 3.412369335904116, 4.909810233591513, 0.0, 0.5199598035479577, 0.7186537101875952, 1.9946015141946618, 3.455489436489262, 4.939876444907314, 0.7610556425508975, 5.3718045400977665, 1.4837435105588386, 2.3798039520907404, 3.6912652161078796, 5.107583669496682, 2.7675716100867986, 2.2968272342458462, 2.955907202405831, 4.086484972992793, 5.400123283755395, 5.293023665603793, 3.1891176847105966, 2.9705996513646236, 2.8246155438291725, 2.7626877587224943, 2.7904183080586438, 3.3538643948749787, 4.382964570296154, 5.627819335207251, 3.227578695957463, 3.725484704553183, 4.673457855712509, 5.856891699048413, 3.2462672471749494, 3.6657015017114354, 4.110880628881203, 4.986111871004496, 6.109278487303816, 4.104478543871541, 4.506519295682987, 5.317018733051853, 6.3822143690795565, 4.543720291892494, 4.909925267885129, 5.662979620436408, 6.673178420118807, 4.983303866032128, 5.319331674794494, 6.0214002949258605, 6.979916443410658, 5.497778329180896, 5.373970342173916, 5.294671653683407, 5.2618949630406275, 5.423146144800755, 5.7334532485343015, 6.390184519901579, 5.8631889062970854, 6.151337756633629, 6.767638306045004, 6.303390163268058, 6.572267462272496, 7.152389226049362, 6.743718878055727, 6.995692699905167, 7.5433207804499265, 7.184151614387552, 7.421186324555428, 7.939520042737454, 7.624670346131084, 7.848411936973743, 8.340236326249586, 7.923424859660644, 7.838026039025517, 7.783870686888098, 7.761612818992554, 8.065260982276738, 8.277101349959223, 8.744848700964358, 8.505912349283983, 8.70703835635074, 9.152840487205284, 8.946615473550285, 9.138046863352727, 9.563779196640409, 9.387363065623827, 9.56998209878679, 9.977300707925007, 9.82814914297238, 10.002724010076953, 10.393096731341974, 10.384399667605514, 10.319386955547275, 10.278313958041611, 10.261468145534865, 10.268968749761608, 10.436172249864494, 10.810904831423823], [1.6770509831248424, 0.9013878188659973, 2.1360009363293826, 3.5794552658190883, 5.055937104039171, 0.5199598035479577, 0.0, 0.5068968775248517, 2.0017353582440522, 3.500991922933334, 5.000694396225833, 0.35811901122079304, 5.418758363627715, 1.0441636738451392, 2.2000631304073477, 3.618048891015402, 5.083333333333333, 2.3048861143232218, 1.8200274723201295, 2.6575364531836625, 3.913118960624632, 5.297405025104273, 5.151826963188273, 2.704163456597992, 2.462214450449026, 2.3048861143232218, 2.25, 2.3048861143232218, 3.010398644698074, 4.16082924427331, 5.482928049865327, 2.7372304973910677, 3.3529734260574977, 4.415023306376508, 5.678241875426561, 2.730482595601056, 3.1720080309004404, 3.716400805631288, 4.6969814719771765, 5.9001385532966, 3.60833929346277, 4.095132776449062, 5.002010841326457, 6.145739374293983, 4.045721607055941, 4.485294117647059, 5.326149014231512, 6.412321211682967, 4.4838474040998095, 4.884146552188273, 5.666117501716021, 6.697379154807693, 4.981214711292819, 4.8541219597369, 4.7762432936357, 4.75, 4.9225181686924495, 5.289724484423292, 6.019234595952152, 5.361600139451218, 5.70059260562999, 6.383318576991385, 5.800999943632197, 6.115684781446863, 6.756596802090588, 6.240650446314037, 6.534196047952616, 7.137626916075089, 6.6805021515257215, 6.955509255010721, 7.5252314912260205, 7.120517773055648, 7.379144486754638, 7.918445135025017, 7.403546447480424, 7.318640584152224, 7.267220926874317, 7.25, 7.560668692163699, 7.80472363845539, 8.316472273305813, 8.000932579726486, 8.231945222444613, 8.7186536888059, 8.441291759819373, 8.660566180937275, 9.124440069088868, 8.881732058549256, 9.090388570345143, 9.533371091060161, 9.322241978286666, 9.521249681724038, 9.94505884858054, 9.86470982847443, 9.80114789195633, 9.762812094883317, 9.75, 9.762812094883317, 9.95301461869719, 10.35917467755033], [2.1666666666666665, 0.8333333333333335, 1.7159383568311668, 3.1135902820449006, 4.576510072581994, 0.7186537101875952, 0.5068968775248517, 0.0, 1.5, 3.0, 4.5, 0.26714915019843827, 4.915733225785159, 0.8333333333333335, 1.7159383568311668, 3.1135902820449006, 4.576510072581994, 2.6034165586355513, 1.6666666666666665, 2.2422706745122847, 3.431876713662333, 4.7987266829626565, 4.6620048476852105, 2.948634335492355, 2.6352313834736494, 2.3863035105460586, 2.223610677354389, 2.1666666666666665, 2.6352313834736494, 3.7006005518624194, 4.994441354590566, 2.607843137254902, 3.0084623694717356, 3.9750277770762166, 5.201042763574194, 2.7179465671829734, 3.0490196078431375, 3.398017152548221, 4.27744322802909, 5.435671124066642, 3.490196078431372, 3.7988772901868955, 4.602332959043459, 5.694863357965468, 3.9313725490196076, 4.207812985291163, 4.945269468814104, 5.975423844313048, 4.372549019607844, 4.622681573380706, 5.302752580393839, 6.274486825938318, 5.0771820705759385, 4.9018137232842465, 4.772607021092117, 4.69337594677624, 4.813725490196077, 5.0420187519448465, 5.672032536486675, 5.254901960784313, 5.464795935572966, 6.050949893814591, 5.696078431372548, 5.8902724466995195, 6.437803157626641, 6.137254901960784, 6.317902953642267, 6.831244230126871, 6.578431372549019, 6.7472779195270425, 7.230197737499105, 7.019607843137253, 7.17808430372854, 7.633799464973785, 7.440504761849904, 7.321960878829598, 7.236097782030803, 7.1840873540841015, 7.460784313725489, 7.610079012463163, 8.04134954941845, 7.901960784313724, 8.043070572662655, 8.452276867024173, 8.34313725490196, 8.476906231292936, 8.866111845343086, 8.784313725490195, 8.911462709782016, 9.282465600681503, 9.22549019607843, 9.346639468704206, 9.701013831447682, 9.87139526330723, 9.782353727219459, 9.7182531580755, 9.67958906382107, 9.666666666666666, 9.782353727219459, 10.121484300459317], [3.5978388574871505, 1.7159383568311668, 0.8333333333333335, 1.7159383568311668, 3.1135902820449006, 1.9946015141946618, 2.0017353582440522, 1.5, 0.0, 1.5, 3.0, 1.730360790830574, 3.4170753102702074, 1.7159383568311668, 0.8333333333333335, 1.7159383568311668, 3.1135902820449006, 3.8765677832043357, 2.2422706745122847, 1.6666666666666665, 2.2422706745122847, 3.431876713662333, 3.365257301494183, 4.1163630117428225, 3.7006005518624194, 3.3082388735465345, 2.948634335492355, 2.6352313834736494, 2.1666666666666665, 2.6352313834736494, 3.7006005518624194, 3.0084623694717356, 2.607843137254902, 3.0084623694717356, 3.9750277770762166, 3.394879139618231, 3.398017152548221, 3.0490196078431375, 3.398017152548221, 4.27744322802909, 3.7988772901868955, 3.490196078431372, 3.7988772901868955, 4.602332959043459, 4.207812985291163, 3.9313725490196076, 4.207812985291163, 4.945269468814104, 4.622681573380706, 4.372549019607844, 4.622681573380706, 5.302752580393839, 5.833333333333333, 5.547772325697745, 5.294126724756197, 5.0771820705759385, 5.0420187519448465, 4.813725490196077, 5.0420187519448465, 5.464795935572966, 5.254901960784313, 5.464795935572966, 5.8902724466995195, 5.696078431372548, 5.8902724466995195, 6.317902953642267, 6.137254901960784, 6.317902953642267, 6.7472779195270425, 6.578431372549019, 6.7472779195270425, 7.17808430372854, 7.019607843137253, 7.17808430372854, 7.9756574093369315, 7.769241347204442, 7.590198357823799, 7.440504761849904, 7.610079012463163, 7.460784313725489, 7.610079012463163, 8.043070572662655, 7.901960784313724, 8.043070572662655, 8.476906231292936, 8.34313725490196, 8.476906231292936, 8.911462709782016, 8.784313725490195, 8.911462709782016, 9.346639468704206, 9.22549019607843, 9.346639468704206, 10.28078034219409, 10.121484300459317, 9.984710533833438, 9.87139526330723, 9.782353727219459, 9.666666666666666, 9.782353727219459], [5.068968775248516, 3.1135902820449006, 1.7159383568311668, 0.8333333333333335, 1.7159383568311668, 3.455489436489262, 3.500991922933334, 3.0, 1.5, 0.0, 1.5, 3.227526648137219, 1.9205140470791409, 3.1135902820449006, 1.7159383568311668, 0.8333333333333335, 1.7159383568311668, 5.270462766947299, 3.431876713662333, 2.2422706745122847, 1.6666666666666665, 2.2422706745122847, 2.327149374380471, 5.449260908090605, 4.994441354590566, 4.549114687985393, 4.1163630117428225, 3.7006005518624194, 2.6352313834736494, 2.1666666666666665, 2.6352313834736494, 3.9750277770762166, 3.0084623694717356, 2.607843137254902, 3.0084623694717356, 4.490342437183196, 4.27744322802909, 3.398017152548221, 3.0490196078431375, 3.398017152548221, 4.602332959043459, 3.7988772901868955, 3.490196078431372, 3.7988772901868955, 4.945269468814104, 4.207812985291163, 3.9313725490196076, 4.207812985291163, 5.302752580393839, 4.622681573380706, 4.372549019607844, 4.622681573380706, 6.83942817622773, 6.482883446258907, 6.146362971528591, 5.833333333333333, 5.672032536486675, 5.0420187519448465, 4.813725490196077, 6.050949893814591, 5.464795935572966, 5.254901960784313, 6.437803157626641, 5.8902724466995195, 5.696078431372548, 6.831244230126871, 6.317902953642267, 6.137254901960784, 7.230197737499105, 6.7472779195270425, 6.578431372549019, 7.633799464973785, 7.17808430372854, 7.019607843137253, 8.738484485945552, 8.462334849857402, 8.207381501496753, 7.9756574093369315, 8.04134954941845, 7.610079012463163, 7.460784313725489, 8.452276867024173, 8.043070572662655, 7.901960784313724, 8.866111845343086, 8.476906231292936, 8.34313725490196, 9.282465600681503, 8.911462709782016, 8.784313725490195, 9.701013831447682, 9.346639468704206, 9.22549019607843, 10.88321847820967, 10.662759701148874, 10.461569884316809, 10.28078034219409, 10.121484300459317, 9.782353727219459, 9.666666666666666], [6.553201083779166, 4.576510072581994, 3.1135902820449006, 1.7159383568311668, 0.8333333333333335, 4.939876444907314, 5.000694396225833, 4.5, 3.0, 1.5, 0.0, 4.726490036213758, 0.44759885388410786, 4.576510072581994, 3.1135902820449006, 1.7159383568311668, 0.8333333333333335, 6.710274046399132, 4.7987266829626565, 3.431876713662333, 2.2422706745122847, 1.6666666666666665, 2.0015723109842734, 6.851601597031489, 6.379219736334879, 5.9113826169894, 5.449260908090605, 4.994441354590566, 3.7006005518624194, 2.6352313834736494, 2.1666666666666665, 5.201042763574194, 3.9750277770762166, 3.0084623694717356, 2.607843137254902, 5.770714516740682, 5.435671124066642, 4.27744322802909, 3.398017152548221, 3.0490196078431375, 5.694863357965468, 4.602332959043459, 3.7988772901868955, 3.490196078431372, 5.975423844313048, 4.945269468814104, 4.207812985291163, 3.9313725490196076, 6.274486825938318, 5.302752580393839, 4.622681573380706, 4.372549019607844, 8.00173592277187, 7.6011695006609195, 7.213028336127467, 6.83942817622773, 6.589533602233429, 5.672032536486675, 5.0420187519448465, 6.918380924570055, 6.050949893814591, 5.464795935572966, 7.259153497230069, 6.437803157626641, 5.8902724466995195, 7.610249518356259, 6.831244230126871, 6.317902953642267, 7.9703048450694265, 7.230197737499105, 6.7472779195270425, 8.338158925772166, 7.633799464973785, 7.17808430372854, 9.675283515799995, 9.346716595206635, 9.033886821911768, 8.738484485945552, 8.71282402989595, 8.04134954941845, 7.610079012463163, 9.093458321058714, 8.452276867024173, 8.043070572662655, 9.479342764882647, 8.866111845343086, 8.476906231292936, 9.869861580986607, 9.282465600681503, 8.911462709782016, 10.264485830178696, 9.701013831447682, 9.346639468704206, 11.648795836671034, 11.377365443917341, 11.121800413801914, 10.88321847820967, 10.662759701148874, 10.121484300459317, 9.782353727219459], [2.0274944739495537, 1.0038792619394334, 1.982562324504358, 3.3694707549608123, 4.824532409107461, 0.7610556425508975, 0.35811901122079304, 0.26714915019843827, 1.730360790830574, 3.227526648137219, 4.726490036213758, 0.0, 5.137013565744603, 0.7237766597786386, 1.856510827125009, 3.2968791681261913, 4.77411688663113, 2.338415231788765, 1.5379289733007133, 2.2995663340964634, 3.5652188043515523, 4.963221224254866, 4.808624953318248, 2.690664636690134, 2.3903840946171955, 2.1652242499249104, 2.0402097894890394, 2.033891815655624, 2.6569711544883194, 3.8055585022142355, 5.138584952276951, 2.472856766563425, 3.0062934630422524, 4.057164056816367, 5.327603587159493, 2.5315254791490753, 2.9124901054746073, 3.3771849834558294, 4.339142566276385, 5.5453528299345995, 3.3525288958393538, 3.763273813507316, 4.645967024573244, 5.788591313213779, 3.7928320206396666, 4.160331060718803, 4.973040753178451, 6.054247610625597, 4.233317001187449, 4.565495880026041, 5.3166279189470105, 6.339504099416521, 4.85768753024529, 4.698019590653555, 4.587553597161413, 4.529890499724319, 4.6739324219223795, 4.976788531039797, 5.6737292745319925, 5.114644571546794, 5.392807143895019, 6.04194908032476, 5.555430429607625, 5.812537058479923, 6.419374335104201, 5.996273741213707, 6.235228831210695, 6.8044734091297, 6.437162702412381, 6.660318570107674, 7.196014400577114, 6.878088534723181, 7.087374809439849, 7.59300082230172, 7.242553423749548, 7.136444494881911, 7.064212621459971, 7.026902581782273, 7.319044574399946, 7.5160623520594445, 7.994621509367246, 7.760025671930312, 7.946117179290119, 8.400211784532674, 8.20102778512444, 8.37732872283135, 8.809223366924419, 8.642047696706495, 8.809527126363939, 9.221201005733155, 9.083082814128604, 9.242573949193506, 9.635764266746177, 9.68566115710394, 9.606575455535445, 9.553038883808652, 9.525482237043125, 9.524131024974832, 9.67635528382873, 10.052593266260812], [6.985589793854188, 5.014754112279738, 3.5580513396516102, 2.1614115444696513, 1.0879661729744863, 5.3718045400977665, 5.418758363627715, 4.915733225785159, 3.4170753102702074, 1.9205140470791409, 0.44759885388410786, 5.137013565744603, 0.0, 4.956813127044298, 3.475912384599005, 2.0233480754380366, 0.77840090143118, 7.072139312545485, 5.134632264795413, 3.7251065788307502, 2.426600410578182, 1.5493095499570988, 1.9367221152441254, 7.194337522917702, 6.715341830712589, 6.239642570931046, 5.768055384844331, 5.301677699774702, 3.952183821795039, 2.762558142415921, 2.035607530738323, 5.482814122555876, 4.192042608498657, 3.095996085339626, 2.469243262501359, 6.067816866311085, 5.69245011652358, 4.462729978172486, 3.4536834520623714, 2.9051505840523184, 5.927562678885974, 4.75898832117625, 3.8288301568575753, 3.3424408594666373, 6.1852472587226295, 5.076342598811261, 4.216778949562799, 3.780634237591096, 6.462804449103433, 5.411082320231434, 4.614301941279012, 4.219449363869808, 8.244706306577156, 7.830230238720304, 7.426293092857736, 7.034710556283264, 6.757786057546349, 5.760177334816863, 5.019124770067782, 7.068010809852085, 6.121172055836691, 5.42961489114339, 7.391559684748909, 6.492081723313059, 5.8445783108061375, 7.726759067980977, 6.8713009120250526, 6.263125956945651, 8.072157714790295, 7.2575271753827115, 6.684584596696239, 8.426501528313638, 7.64969924478356, 7.1084364711666534, 9.833202518496435, 9.488371582069357, 9.157866497666257, 8.843293634089887, 8.788708619433068, 8.04694785159362, 7.534277686363653, 9.157846020998797, 8.448556934370128, 7.961789045325405, 9.533108708482837, 8.853933147292302, 8.3907152678238, 9.913801133146684, 9.26258189904686, 8.82084995709147, 10.2993212166536, 9.674088486921189, 9.25202456664222, 11.743447596758635, 11.456259641238622, 11.184060464658154, 10.927970167729516, 10.689146621524234, 10.088103192642956, 9.68410019332633], [2.6034165586355518, 1.666666666666667, 2.242270674512285, 3.4318767136623336, 4.7987266829626565, 1.4837435105588386, 1.0441636738451392, 0.8333333333333335, 1.7159383568311668, 3.1135902820449006, 4.576510072581994, 0.7237766597786386, 4.956813127044298, 0.0, 1.5, 3.0, 4.5, 2.1666666666666665, 0.833333333333333, 1.7159383568311666, 3.1135902820449006, 4.576510072581994, 4.3732864624594665, 2.403700850309326, 2.0069324297987157, 1.6666666666666663, 1.4240006242195882, 1.333333333333333, 2.0069324297987157, 3.2829526005987013, 4.693375946776241, 1.7745098039215685, 2.3235500950514845, 3.4855250743917714, 4.837239403235461, 1.9169949663263461, 2.215686274509804, 2.675680411979565, 3.729512792182262, 5.015901281629367, 2.6568627450980387, 3.051052219528516, 4.007358187920053, 5.225793685775385, 3.098039215686274, 3.442070159356143, 4.312522113790261, 5.46331831233821, 3.5392156862745097, 3.843962496431456, 4.639617190455646, 5.725036914638328, 4.3237072570242825, 4.1163630117428225, 3.9616214413349042, 3.865804501581067, 3.9803921568627443, 4.253648048724113, 4.984327609860175, 4.42156862745098, 4.669075832245471, 5.343245186893331, 4.862745098039215, 5.088839738929142, 5.713693191667226, 5.303921568627451, 5.511949202065589, 6.093569069613594, 5.745098039215686, 5.937689069006555, 6.481215278032348, 6.18627450980392, 6.365531581152491, 6.87531761525602, 6.641619615057091, 6.508541396588878, 6.411794687223781, 6.353039517515306, 6.6274509803921555, 6.79507957992406, 7.2748269049855026, 7.068627450980391, 7.226028926094438, 7.678899272731316, 7.5098039215686265, 7.658143047789557, 8.086850743052423, 7.950980392156862, 8.091235331917055, 8.498122686597487, 8.392156862745097, 8.52515670289524, 8.912255427719721, 9.056918779462348, 8.959786703810407, 8.889756902063057, 8.84747295999133, 8.833333333333332, 8.959786703810407, 9.328867979437685], [3.8765677832043357, 2.242270674512285, 1.666666666666667, 2.242270674512285, 3.4318767136623336, 2.3798039520907404, 2.2000631304073477, 1.7159383568311668, 0.8333333333333335, 1.7159383568311668, 3.1135902820449006, 1.856510827125009, 3.475912384599005, 1.5, 0.0, 1.5, 3.0, 3.5978388574871505, 1.7159383568311666, 0.833333333333333, 1.7159383568311666, 3.1135902820449006, 2.952338393231836, 3.745367509040705, 3.2829526005987013, 2.833333333333333, 2.403700850309326, 2.0069324297987157, 1.333333333333333, 2.0069324297987157, 3.2829526005987013, 2.3235500950514845, 1.7745098039215685, 2.3235500950514845, 3.4855250743917714, 2.7951458873328705, 2.675680411979565, 2.215686274509804, 2.675680411979565, 3.729512792182262, 3.051052219528516, 2.6568627450980387, 3.051052219528516, 4.007358187920053, 3.442070159356143, 3.098039215686274, 3.442070159356143, 4.312522113790261, 3.843962496431456, 3.5392156862745097, 3.843962496431456, 4.639617190455646, 5.1908038341324785, 4.867693955503411, 4.576510072581994, 4.3237072570242825, 4.253648048724113, 3.9803921568627443, 4.253648048724113, 4.669075832245471, 4.42156862745098, 4.669075832245471, 5.088839738929142, 4.862745098039215, 5.088839738929142, 5.511949202065589, 5.303921568627451, 5.511949202065589, 5.937689069006555, 5.745098039215686, 5.937689069006555, 6.365531581152491, 6.18627450980392, 6.365531581152491, 7.236097782030803, 7.0079320138762125, 6.808899405271832, 6.641619615057091, 6.79507957992406, 6.6274509803921555, 6.79507957992406, 7.226028926094438, 7.068627450980391, 7.226028926094438, 7.658143047789557, 7.5098039215686265, 7.658143047789557, 8.091235331917055, 7.950980392156862, 8.091235331917055, 8.52515670289524, 8.392156862745097, 8.52515670289524, 9.501461875826148, 9.328867979437685, 9.180292902613607, 9.056918779462348, 8.959786703810407, 8.833333333333332, 8.959786703810407], [5.270462766947299, 3.4318767136623336, 2.242270674512285, 1.666666666666667, 2.242270674512285, 3.6912652161078796, 3.618048891015402, 3.1135902820449006, 1.7159383568311668, 0.8333333333333335, 1.7159383568311668, 3.2968791681261913, 2.0233480754380366, 3.0, 1.5, 0.0, 1.5, 5.068968775248516, 3.1135902820449006, 1.7159383568311666, 0.833333333333333, 1.7159383568311666, 1.675401293293713, 5.174724898753341, 4.693375946776241, 4.216370213557839, 3.745367509040705, 3.2829526005987013, 2.0069324297987157, 1.333333333333333, 2.0069324297987157, 3.4855250743917714, 2.3235500950514845, 1.7745098039215685, 2.3235500950514845, 4.055959980328598, 3.729512792182262, 2.675680411979565, 2.215686274509804, 2.675680411979565, 4.007358187920053, 3.051052219528516, 2.6568627450980387, 3.051052219528516, 4.312522113790261, 3.442070159356143, 3.098039215686274, 3.442070159356143, 4.639617190455646, 3.843962496431456, 3.5392156862745097, 3.843962496431456, 6.300352723811933, 5.9113826169894, 5.540256712864887, 5.1908038341324785, 4.984327609860175, 4.253648048724113, 3.9803921568627443, 5.343245186893331, 4.669075832245471, 4.42156862745098, 5.713693191667226, 5.088839738929142, 4.862745098039215, 6.093569069613594, 5.511949202065589, 5.303921568627451, 6.481215278032348, 5.937689069006555, 5.745098039215686, 6.87531761525602, 6.365531581152491, 6.18627450980392, 8.069145624606803, 7.769241347204443, 7.49073501808141, 7.236097782030803, 7.2748269049855026, 6.79507957992406, 6.6274509803921555, 7.678899272731316, 7.226028926094438, 7.068627450980391, 8.086850743052423, 7.658143047789557, 7.5098039215686265, 8.498122686597487, 8.091235331917055, 7.950980392156862, 8.912255427719721, 8.52515670289524, 8.392156862745097, 10.150259985723407, 9.9135149053087, 9.696792138525904, 9.501461875826148, 9.328867979437685, 8.959786703810407, 8.833333333333332], [6.710274046399132, 4.7987266829626565, 3.4318767136623336, 2.242270674512285, 1.666666666666667, 5.107583669496682, 5.083333333333333, 4.576510072581994, 3.1135902820449006, 1.7159383568311668, 0.8333333333333335, 4.77411688663113, 0.77840090143118, 4.5, 3.0, 1.5, 0.0, 6.553201083779166, 4.576510072581994, 3.1135902820449006, 1.7159383568311666, 0.833333333333333, 1.182216984732394, 6.635343079131461, 6.146362971528592, 5.659308948783215, 5.174724898753341, 4.693375946776241, 3.2829526005987013, 2.0069324297987157, 1.333333333333333, 4.837239403235461, 3.4855250743917714, 2.3235500950514845, 1.7745098039215685, 5.43955716879421, 5.015901281629367, 3.729512792182262, 2.675680411979565, 2.215686274509804, 5.225793685775385, 4.007358187920053, 3.051052219528516, 2.6568627450980387, 5.46331831233821, 4.312522113790261, 3.442070159356143, 3.098039215686274, 5.725036914638328, 4.639617190455646, 3.843962496431456, 3.5392156862745097, 7.54615428178118, 7.120003121097943, 6.704061787039588, 6.300352723811933, 6.007788421908219, 4.984327609860175, 4.253648048724113, 6.308745447968142, 5.343245186893331, 4.669075832245471, 6.625427524960514, 5.713693191667226, 5.088839738929142, 6.955687169946006, 6.093569069613594, 5.511949202065589, 7.297681239969305, 6.481215278032348, 5.937689069006555, 7.649836096979446, 6.87531761525602, 6.365531581152491, 9.07530226004132, 8.724168218868268, 8.388153021441079, 8.069145624606803, 8.010811850087414, 7.2748269049855026, 6.79507957992406, 8.379468601334667, 7.678899272731316, 7.226028926094438, 8.754836088723051, 8.086850743052423, 7.658143047789557, 9.13608719291048, 8.498122686597487, 8.091235331917055, 9.52251525642882, 8.912255427719721, 8.52515670289524, 10.9671225842414, 10.678378986427564, 10.40566085252531, 10.150259985723407, 9.9135149053087, 9.328867979437685, 8.959786703810407], [2.5, 3.2015621187164243, 4.301162633521313, 5.5901699437494745, 6.96419413859206, 2.7675716100867986, 2.3048861143232218, 2.6034165586355513, 3.8765677832043357, 5.270462766947299, 6.710274046399132, 2.338415231788765, 7.072139312545485, 2.1666666666666665, 3.5978388574871505, 5.068968775248516, 6.553201083779166, 0.0, 2.0, 3.5, 5.0, 6.5, 6.227758717812127, 0.5, 0.7071067811865476, 1.118033988749895, 1.5811388300841898, 2.0615528128088303, 3.5355339059327378, 5.024937810560445, 6.519202405202649, 2.2103875562418747, 3.6243362356145887, 5.087810250863226, 6.567786015758196, 1.6834786330484066, 2.4312341832861843, 3.7630970827204604, 5.187571652900733, 6.645366780997061, 2.706521663606433, 3.9465503310576104, 5.322148017067069, 6.750945083139911, 3.021405754539435, 4.168799915271062, 5.488979206880275, 6.883232724059533, 3.364788152017669, 4.424002634262154, 5.685226407801054, 7.040724345403566, 3.0, 3.0413812651491097, 3.1622776601683795, 3.3541019662496847, 3.728803995754446, 4.706801380848179, 5.9079589740243055, 4.107971826333714, 5.012527558622651, 6.154301952776737, 4.498461867077476, 5.337242656049112, 6.4215386917428265, 4.897566657999682, 5.677689597851416, 6.707172218569475, 5.303341637680111, 6.031204898355846, 7.008953739749718, 5.71436603996929, 6.395621880533144, 7.324887660486972, 5.5, 5.522680508593631, 5.5901699437494745, 5.70087712549569, 6.129583942484063, 6.769180106036363, 7.65322149868658, 6.548197670623879, 7.150447030330621, 7.99242721165254, 6.969595362398805, 7.538253081156863, 8.341178544760382, 7.393300998470117, 7.931639153036353, 8.698327405540633, 7.818939387716784, 8.329814712752555, 9.06288106226651, 8.0, 8.0156097709407, 8.06225774829855, 8.139410298049853, 8.246211251235321, 8.73212459828649, 9.433981132056603], [3.2015621187164243, 2.5, 2.9154759474226504, 3.905124837953327, 5.1478150704935, 2.2968272342458462, 1.8200274723201295, 1.6666666666666665, 2.2422706745122847, 3.431876713662333, 4.7987266829626565, 1.5379289733007133, 5.134632264795413, 0.833333333333333, 1.7159383568311666, 3.1135902820449006, 4.576510072581994, 2.0, 0.0, 1.5, 3.0, 4.5, 4.231532660220283, 2.0615528128088303, 1.5811388300841898, 1.118033988749895, 0.7071067811865476, 0.5, 1.5811388300841898, 3.0413812651491097, 4.527692569068709, 0.9411764705882355, 1.7708227321753376, 3.1441712976218277, 4.597370242735398, 1.1624950531801321, 1.382352941176471, 2.039828339341142, 3.303165096385471, 4.707536473993509, 1.8235294117647056, 2.3611987454619174, 3.510734896794535, 4.855436078826591, 2.264705882352941, 2.716411738592663, 3.7588419404869917, 5.037746791330824, 2.7058823529411766, 3.093832462813473, 4.040024666751242, 5.250885573687402, 3.605551275463989, 3.3541019662496847, 3.1622776601683795, 3.0413812651491097, 3.1470588235294112, 3.48625576209697, 4.347870655706576, 3.5882352941176467, 3.889142903770901, 4.677117972208051, 4.029411764705882, 4.299553368612858, 5.023560407674041, 4.470588235294118, 4.715523212703991, 5.383879564918793, 4.911764705882353, 5.135701755938672, 5.755469791941537, 5.352941176470587, 5.559134756304646, 6.136283829709502, 5.852349955359813, 5.70087712549569, 5.5901699437494745, 5.522680508593631, 5.7941176470588225, 5.985131519687639, 6.52470683693593, 6.235294117647058, 6.4131811711165625, 6.919457546192765, 6.6764705882352935, 6.842898473276579, 7.319512245742262, 7.117647058823529, 7.273987878322265, 7.724046844367222, 7.5588235294117645, 7.70621912151406, 8.132392830452114, 8.246211251235321, 8.139410298049853, 8.06225774829855, 8.0156097709407, 8.0, 8.139410298049853, 8.54400374531753], [4.301162633521313, 2.9154759474226504, 2.5, 2.9154759474226504, 3.905124837953327, 2.955907202405831, 2.6575364531836625, 2.2422706745122847, 1.6666666666666665, 2.2422706745122847, 3.431876713662333, 2.2995663340964634, 3.7251065788307502, 1.7159383568311666, 0.833333333333333, 1.7159383568311666, 3.1135902820449006, 3.5, 1.5, 0.0, 1.5, 3.0, 2.737980306709758, 3.5355339059327378, 3.0413812651491097, 2.5495097567963922, 2.0615528128088303, 1.5811388300841898, 0.5, 1.5811388300841898, 3.0413812651491097, 1.7708227321753376, 0.9411764705882355, 1.7708227321753376, 3.1441712976218277, 2.34293951676555, 2.039828339341142, 1.382352941176471, 2.039828339341142, 3.303165096385471, 2.3611987454619174, 1.8235294117647056, 2.3611987454619174, 3.510734896794535, 2.716411738592663, 2.264705882352941, 2.716411738592663, 3.7588419404869917, 3.093832462813473, 2.7058823529411766, 3.093832462813473, 4.040024666751242, 4.6097722286464435, 4.242640687119285, 3.905124837953327, 3.605551275463989, 3.48625576209697, 3.1470588235294112, 3.48625576209697, 3.889142903770901, 3.5882352941176467, 3.889142903770901, 4.299553368612858, 4.029411764705882, 4.299553368612858, 4.715523212703991, 4.470588235294118, 4.715523212703991, 5.135701755938672, 4.911764705882353, 5.135701755938672, 5.559134756304646, 5.352941176470587, 5.559134756304646, 6.519202405202649, 6.264982043070834, 6.041522986797286, 5.852349955359813, 5.985131519687639, 5.7941176470588225, 5.985131519687639, 6.4131811711165625, 6.235294117647058, 6.4131811711165625, 6.842898473276579, 6.6764705882352935, 6.842898473276579, 7.273987878322265, 7.117647058823529, 7.273987878322265, 7.70621912151406, 7.5588235294117645, 7.70621912151406, 8.73212459828649, 8.54400374531753, 8.381527307120106, 8.246211251235321, 8.139410298049853, 8.0, 8.139410298049853], [5.5901699437494745, 3.905124837953327, 2.9154759474226504, 2.5, 2.9154759474226504, 4.086484972992793, 3.913118960624632, 3.431876713662333, 2.2422706745122847, 1.6666666666666665, 2.2422706745122847, 3.5652188043515523, 2.426600410578182, 3.1135902820449006, 1.7159383568311666, 0.833333333333333, 1.7159383568311666, 5.0, 3.0, 1.5, 0.0, 1.5, 1.2598427145282725, 5.024937810560445, 4.527692569068709, 4.031128874149275, 3.5355339059327378, 3.0413812651491097, 1.5811388300841898, 0.5, 1.5811388300841898, 3.1441712976218277, 1.7708227321753376, 0.9411764705882355, 1.7708227321753376, 3.7586349130734815, 3.303165096385471, 2.039828339341142, 1.382352941176471, 2.039828339341142, 3.510734896794535, 2.3611987454619174, 1.8235294117647056, 2.3611987454619174, 3.7588419404869917, 2.716411738592663, 2.264705882352941, 2.716411738592663, 4.040024666751242, 3.093832462813473, 2.7058823529411766, 3.093832462813473, 5.830951894845301, 5.408326913195984, 5.0, 4.6097722286464435, 4.347870655706576, 3.48625576209697, 3.1470588235294112, 4.677117972208051, 3.889142903770901, 3.5882352941176467, 5.023560407674041, 4.299553368612858, 4.029411764705882, 5.383879564918793, 4.715523212703991, 4.470588235294118, 5.755469791941537, 5.135701755938672, 4.911764705882353, 6.136283829709502, 5.559134756304646, 5.352941176470587, 7.433034373659253, 7.106335201775948, 6.800735254367722, 6.519202405202649, 6.52470683693593, 5.985131519687639, 5.7941176470588225, 6.919457546192765, 6.4131811711165625, 6.235294117647058, 7.319512245742262, 6.842898473276579, 6.6764705882352935, 7.724046844367222, 7.273987878322265, 7.117647058823529, 8.132392830452114, 7.70621912151406, 7.5588235294117645, 9.433981132056603, 9.17877987534291, 8.94427190999916, 8.73212459828649, 8.54400374531753, 8.139410298049853, 8.0], [6.96419413859206, 5.1478150704935, 3.905124837953327, 2.9154759474226504, 2.5, 5.400123283755395, 5.297405025104273, 4.7987266829626565, 3.431876713662333, 2.2422706745122847, 1.6666666666666665, 4.963221224254866, 1.5493095499570988, 4.576510072581994, 3.1135902820449006, 1.7159383568311666, 0.833333333333333, 6.5, 4.5, 3.0, 1.5, 0.0, 0.42174775727853364, 6.519202405202649, 6.020797289396148, 5.522680508593631, 5.024937810560445, 4.527692569068709, 3.0413812651491097, 1.5811388300841898, 0.5, 4.597370242735398, 3.1441712976218277, 1.7708227321753376, 0.9411764705882355, 5.221619216328227, 4.707536473993509, 3.303165096385471, 2.039828339341142, 1.382352941176471, 4.855436078826591, 3.510734896794535, 2.3611987454619174, 1.8235294117647056, 5.037746791330824, 3.7588419404869917, 2.716411738592663, 2.264705882352941, 5.250885573687402, 4.040024666751242, 3.093832462813473, 2.7058823529411766, 7.158910531638177, 6.708203932499369, 6.264982043070834, 5.830951894845301, 5.491263901758349, 4.347870655706576, 3.48625576209697, 5.755469791941536, 4.677117972208051, 3.889142903770901, 6.040377402907055, 5.023560407674041, 4.299553368612858, 6.343197866183127, 5.383879564918793, 4.715523212703991, 6.661488761977427, 5.75546979194153