totalHoles = 100;
zeroHoleID = 25;
C = [[0.0, 1.1666666666666667, 2.3333333333333335, 3.5, 4.0, 4.333333333333333, 4.046412829917809, 4.376212354068439, 0.9166666666666665, 1.4837078178970713, 2.5069348260818876, 3.6180488910154014, 4.28498671072748, 4.6097722286464435, 4.182562272159713, 4.502399908745513, 4.46730233177214, 4.779715369386098, 1.833333333333333, 2.1730674684008826, 2.9674156357941426, 3.9510898637098992, 4.400126260814695, 4.705198071164368, 4.722222222222222, 5.018791847141927, 4.687782913273108, 4.97524737271958, 2.75, 2.98724138815582, 3.606514168063734, 4.451123453691214, 5.0387388192769915, 5.317685377847939, 5.033529552221426, 5.302282294527914, 5.40604371439737, 5.66693899127776, 3.666666666666666, 3.8477987935383977, 4.346134936801765, 5.068968775248516, 5.426273532033235, 5.676462121975467, 5.814519926469308, 6.057848699348435, 5.8565674858272905, 6.089101780544251, 4.583333333333333, 4.729487874554237, 5.143091374736491, 5.766883425598652, 6.256108126374487, 6.482883446258909, 6.316742401578621, 6.532917598261822, 5.9006061899982925, 6.7242880205056705, 6.935772363018048, 5.5, 5.622375931144333, 5.97448277631164, 6.519202405202649, 6.800735254367722, 7.0019838458666674, 7.21388407564123, 7.411410955120423, 6.0, 6.112373606964083, 6.437735971942655, 6.946221994724902, 7.211102550927978, 6.343562142004489, 6.375, 6.480874640903889, 6.788598488969902, 7.272594103894428, 7.525996611745184, 7.720823214600313, 7.905694150420948, 6.75, 6.850081102520693, 7.1419146203552755, 7.603453162872775, 7.846177413237608, 8.146232939899958, 7.125, 7.219884771318107, 7.497337490365792, 7.938238154653714, 8.171023497702109, 8.47063965182743, 7.5, 7.5901983578238, 7.8545811119654525, 8.276472678623424, 8.5, 10.61183617103249, 13.619355422775449, 14.408264621887378], [1.1666666666666667, 0.0, 1.1666666666666667, 2.333333333333333, 2.833333333333333, 3.166666666666666, 2.8984883246101294, 3.2250945052666644, 1.4837078178970713, 0.9166666666666665, 1.4837078178970713, 2.506934826081887, 3.1622776601683795, 3.48010216963685, 3.0857097948886256, 3.3943489711978057, 3.4052428712715455, 3.702268240343585, 2.1730674684008826, 1.833333333333333, 2.1730674684008826, 2.967415635794142, 3.3747427885527643, 3.659083066683358, 3.733399470313654, 4.006168083848877, 3.742069804233091, 4.000385783865486, 2.98724138815582, 2.75, 2.98724138815582, 3.6065141680637334, 4.126472801046649, 4.374801582802228, 4.167037020577594, 4.400476966291745, 4.567734398020993, 4.7932565800273315, 3.8477987935383977, 3.666666666666666, 3.8477987935383977, 4.346134936801765, 4.633812924819281, 4.844813951249544, 5.044554575400838, 5.249632556218448, 5.13099995067503, 5.322326605332218, 4.729487874554237, 4.583333333333333, 4.729487874554237, 5.143091374736491, 5.547772325697746, 5.734883511361751, 5.6505762843871965, 5.824861573091589, 5.387580111500024, 6.070826819437773, 6.242279181734509, 5.622375931144333, 5.5, 5.622375931144333, 5.97448277631164, 6.1869037310901955, 6.346477588219923, 6.609009936872468, 6.766839990482273, 6.112373606964083, 6.0, 6.112373606964083, 6.437735971942655, 6.635343079131461, 6.185355106788287, 6.480874640903889, 6.375, 6.480874640903889, 6.788598488969902, 6.976274276272241, 7.158910531638177, 7.304869000270375, 6.850081102520693, 6.75, 6.850081102520693, 7.1419146203552755, 7.320538079798355, 7.615773105863909, 7.219884771318107, 7.125, 7.219884771318107, 7.497337490365792, 7.667685620692712, 7.9618229696470895, 7.5901983578238, 7.5, 7.5901983578238, 7.8545811119654525, 8.017342313870461, 10.01992953848768, 13.290629034634774, 14.030152530728941], [2.3333333333333335, 1.1666666666666667, 0.0, 1.1666666666666665, 1.6666666666666665, 1.9999999999999996, 1.775171700963384, 2.091281136079856, 2.5069348260818876, 1.4837078178970713, 0.9166666666666665, 1.483707817897071, 2.088327347690278, 2.3863035105460586, 2.0667861375264747, 2.3438914566365536, 2.440653626276533, 2.700022862271748, 2.9674156357941426, 2.1730674684008826, 1.833333333333333, 2.1730674684008826, 2.4776781245530843, 2.7131367660166177, 2.8808649249920384, 3.1036617163252047, 2.958561545709855, 3.15837120078931, 3.606514168063734, 2.98724138815582, 2.75, 2.98724138815582, 3.3747427885527643, 3.5668224265054493, 3.4805455794837967, 3.6519063176766213, 3.9019621528117505, 4.069231128273331, 4.346134936801765, 3.8477987935383977, 3.666666666666666, 3.8477987935383977, 4.027681991198191, 4.176654695380556, 4.450690056082162, 4.598040377013013, 4.590986875806461, 4.722222222222222, 5.143091374736491, 4.729487874554237, 4.583333333333333, 4.729487874554237, 5.013869652163775, 5.145116346811045, 5.165173021853094, 5.282161921779872, 5.094811844262483, 5.587132483010946, 5.705206632195664, 5.97448277631164, 5.622375931144333, 5.5, 5.622375931144333, 5.74697988318889, 5.852349955359813, 6.167667586437367, 6.274827231894394, 6.437735971942655, 6.112373606964083, 6.0, 6.112373606964083, 6.227180564089801, 6.24489208608872, 6.788598488969902, 6.480874640903889, 6.375, 6.480874640903889, 6.589264206099022, 6.75359986311827, 6.851601597031489, 7.1419146203552755, 6.850081102520693, 6.75, 6.850081102520693, 6.952717294538717, 7.236097782030804, 7.497337490365792, 7.219884771318107, 7.125, 7.219884771318107, 7.317335770468496, 7.599456303651671, 7.8545811119654525, 7.5901983578238, 7.5, 7.5901983578238, 7.68295371441074, 9.534628006057948, 13.058216584315524, 13.740978599755197], [3.5, 2.333333333333333, 1.1666666666666665, 0.0, 0.5, 0.833333333333333, 0.7895928001973276, 1.0333930687632373, 3.6180488910154014, 2.506934826081887, 1.483707817897071, 0.9166666666666665, 1.2018504251546633, 1.4142135623730951, 1.320540480444968, 1.4792807728549273, 1.7435949807194686, 1.8962275739862235, 3.9510898637098992, 2.967415635794142, 2.1730674684008826, 1.833333333333333, 1.90029237516523, 2.0138409955990952, 2.3200681130912337, 2.436856911051257, 2.495056841431736, 2.5825865109265465, 4.451123453691214, 3.6065141680637334, 2.98724138815582, 2.75, 2.9107081994288304, 3.0046260628866577, 3.096194398465061, 3.1671539586087167, 3.508367423077099, 3.586669420348661, 5.068968775248516, 4.346134936801765, 3.8477987935383977, 3.666666666666666, 3.70060055186242, 3.7601713908928263, 4.10998483070704, 4.177024163707642, 4.306899431847625, 4.35819081276782, 5.766883425598652, 5.143091374736491, 4.729487874554237, 4.583333333333333, 4.714045207910318, 4.772607021092118, 4.914390559153926, 4.9594030903270685, 5.060673692431293, 5.31971641312292, 5.37167927855014, 6.519202405202649, 5.97448277631164, 5.622375931144333, 5.5, 5.522680508593631, 5.562773089426212, 5.926504601375372, 5.973191135873606, 6.946221994724902, 6.437735971942655, 6.112373606964083, 6.0, 6.020797289396148, 6.516207390724864, 7.272594103894428, 6.788598488969902, 6.480874640903889, 6.375, 6.394577781214331, 6.534098594637553, 6.576473218982953, 7.603453162872775, 7.1419146203552755, 6.850081102520693, 6.75, 6.768493185340442, 7.031674369909662, 7.938238154653714, 7.497337490365792, 7.219884771318107, 7.125, 7.142522313580827, 7.405070522584133, 8.276472678623424, 7.8545811119654525, 7.5901983578238, 7.5, 7.516648189186454, 9.172867419393645, 12.927313828159788, 13.546439677810664], [4.0, 2.833333333333333, 1.6666666666666665, 0.5, 0.0, 0.33333333333333304, 0.6111111111111112, 0.6961091158967592, 4.103690750748377, 2.977928064200939, 1.902118701752221, 1.0441636738451388, 1.0137937550497034, 1.118033988749895, 1.2222222222222223, 1.2668615834434866, 1.6197088596792502, 1.686914050076553, 4.400126260814695, 3.374742788552764, 2.477678124553084, 1.9002923751652296, 1.8333333333333335, 1.8633899812498247, 2.228463457792398, 2.277777777777778, 2.4444444444444446, 2.4670670345749466, 4.8541219597369, 3.948452580160711, 3.215630230262456, 2.7950849718747373, 2.838231060987734, 2.8771127502720115, 3.055555555555556, 3.073683598582901, 3.4484743450752213, 3.4805455794837967, 5.426273532033235, 4.6338129248192805, 4.0276819911981905, 3.700600551862419, 3.666666666666667, 3.6817870057290873, 4.058978768357296, 4.0862612329851755, 4.277777777777779, 4.290745136588807, 6.083333333333333, 5.38838772010907, 4.876958296133177, 4.610525397874351, 4.669641908707301, 4.693375946776242, 4.888888888888889, 4.900239349155544, 5.127881661782033, 5.280408700979757, 5.301409083593243, 6.800735254367722, 6.1869037310901955, 5.74697988318889, 5.522680508593631, 5.5, 5.510091751605513, 5.891246907358136, 5.910077186101635, 7.211102550927978, 6.635343079131461, 6.227180564089801, 6.020797289396148, 6.0, 6.691646065079162, 7.525996611745184, 6.976274276272241, 6.589264206099022, 6.394577781214331, 6.375, 6.50213640104372, 6.519202405202649, 7.846177413237608, 7.320538079798355, 6.952717294538717, 6.768493185340442, 6.75, 7.001983845866668, 8.171023497702109, 7.667685620692712, 7.317335770468496, 7.142522313580827, 7.125, 7.37688299878599, 8.5, 8.017342313870461, 7.68295371441074, 7.516648189186454, 7.5, 9.059493100210677, 12.903137494213054, 13.493120650073996], [4.333333333333333, 3.166666666666666, 1.9999999999999996, 0.833333333333333, 0.33333333333333304, 0.0, 0.6961091158967592, 0.6111111111111112, 4.4292274219727705, 3.296673407475413, 2.2000631304073472, 1.2388390622765417, 1.0137937550497031, 1.0137937550497034, 1.2668615834434866, 1.2222222222222223, 1.6197088596792502, 1.6197088596792502, 4.705198071164368, 3.6590830666833574, 2.7131367660166172, 2.013840995599095, 1.8633899812498247, 1.8333333333333335, 2.228463457792398, 2.228463457792398, 2.4670670345749466, 2.4444444444444446, 5.132278030054273, 4.194076510720539, 3.4003676271838605, 2.873489941594445, 2.8382310609877335, 2.838231060987734, 3.073683598582901, 3.055555555555556, 3.4484743450752213, 3.4484743450752213, 5.676462121975466, 4.844813951249543, 4.176654695380555, 3.7601713908928254, 3.6817870057290873, 3.666666666666667, 4.058978768357296, 4.058978768357296, 4.290745136588807, 4.277777777777779, 6.307513156722086, 5.570881637786089, 5.000694396225833, 4.6584749531245615, 4.669641908707301, 4.669641908707301, 4.900239349155544, 4.888888888888889, 5.198985432338483, 5.280408700979757, 5.280408700979757, 7.0019838458666674, 6.346477588219923, 5.852349955359813, 5.562773089426212, 5.510091751605513, 5.5, 5.891246907358136, 5.891246907358136, 7.401201103724839, 6.784377479015873, 6.324555320336759, 6.057593948462083, 6.009252125773315, 6.8264693440778945, 7.708333333333333, 7.118174118253766, 6.681364007446383, 6.429235525662786, 6.383708648670545, 6.50213640104372, 6.50213640104372, 8.021239167222094, 7.455888798646193, 7.0400639201643616, 6.801245800913568, 6.758225440980133, 7.001983845866668, 8.339268719604721, 7.797012426421916, 7.400380057807842, 7.173567414086554, 7.1327930091312135, 7.37688299878599, 8.661857640124188, 8.14111649454654, 7.762087348130012, 7.54615428178118, 7.507403753036805, 8.998563146591993, 12.897767683888873, 13.467773904540593], [4.046412829917809, 2.8984883246101294, 1.775171700963384, 0.7895928001973276, 0.6111111111111112, 0.6961091158967592, 0.0, 0.33333333333333304, 4.011653549040703, 2.8497617400948876, 1.6944444444444442, 0.5859728641591384, 0.4230985058813283, 0.6334307917217433, 0.6111111111111112, 0.6961091158967592, 1.0137937550497034, 1.118033988749895, 4.182562272159713, 3.085709794888625, 2.0667861375264747, 1.3205404804449679, 1.2222222222222223, 1.2668615834434866, 1.6197088596792502, 1.686914050076553, 1.8333333333333335, 1.8633899812498247, 4.535950361171554, 3.5500173882377144, 2.71157213748595, 2.196553135941024, 2.228463457792398, 2.277777777777778, 2.4444444444444446, 2.4670670345749466, 2.838231060987734, 2.8771127502720115, 5.033529552221425, 4.167037020577594, 3.480545579483796, 3.09619439846506, 3.055555555555556, 3.073683598582901, 3.448474345075221, 3.4805455794837963, 3.6666666666666674, 3.681787005729088, 5.637246613615201, 4.879172794695205, 4.307705556383099, 4.003567082329963, 4.058978768357296, 4.0862612329851755, 4.277777777777779, 4.290745136588807, 4.528380034016081, 4.669641908707301, 4.693375946776242, 6.316742401578621, 5.6505762843871965, 5.165173021853094, 4.914390559153926, 4.888888888888889, 4.900239349155544, 5.280408700979757, 5.301409083593243, 6.711193892057517, 6.088341419021104, 5.640735877043695, 5.412035056870025, 5.388888888888889, 6.131778532936877, 7.015868807457619, 6.422631306655751, 6.000016075081347, 5.785534990254297, 5.763888888888889, 5.891246907358136, 5.910077186101635, 7.327070136836651, 6.761193279880501, 6.361111111111112, 6.159217222190127, 6.138888888888889, 6.391062432205281, 7.644000814808312, 7.103416518448563, 6.723728596141274, 6.533050471012001, 6.513888888888889, 6.765941965389028, 7.9659770350821875, 7.4487964062145355, 7.08763485947425, 6.9070102159658635, 6.888888888888889, 8.461688215150682, 12.292296609871777, 12.884510760266583], [4.376212354068439, 3.2250945052666644, 2.091281136079856, 1.0333930687632373, 0.6961091158967592, 0.6111111111111112, 0.33333333333333304, 0.0, 4.3440927678064885, 3.181374227485449, 2.023206414958904, 0.8875858504816918, 0.4230985058813279, 0.4230985058813283, 0.6961091158967592, 0.6111111111111112, 1.0137937550497031, 1.0137937550497034, 4.502399908745513, 3.394348971197805, 2.343891456636553, 1.479280772854927, 1.2668615834434866, 1.2222222222222223, 1.6197088596792502, 1.6197088596792502, 1.8633899812498247, 1.8333333333333335, 4.832455220360569, 3.8213379144993342, 2.928283742913645, 2.2954934379032297, 2.228463457792398, 2.228463457792398, 2.4670670345749466, 2.4444444444444446, 2.8382310609877335, 2.838231060987734, 5.302282294527913, 4.400476966291744, 3.6519063176766204, 3.167153958608716, 3.073683598582901, 3.055555555555556, 3.448474345075221, 3.448474345075221, 3.681787005729088, 3.6666666666666674, 5.878462993036004, 5.079992830752207, 4.447308105215563, 4.058693610900002, 4.058978768357296, 4.058978768357296, 4.290745136588807, 4.277777777777779, 4.608742227647667, 4.669641908707301, 4.669641908707301, 6.532917598261822, 5.824861573091589, 5.282161921779872, 4.9594030903270685, 4.900239349155544, 4.888888888888889, 5.280408700979757, 5.280408700979757, 6.915048896035942, 6.250432083829717, 5.748053884297722, 5.452941215640837, 5.399188324915259, 6.278635570116438, 7.211115926209658, 6.576487884975883, 6.10101754820102, 5.8238182979812505, 5.773519397609045, 5.891246907358136, 5.891246907358136, 7.5142354613028495, 6.9075129075450326, 6.456466277316367, 6.195191783517917, 6.147932002001533, 6.391062432205281, 7.823587810881137, 7.242825845936647, 6.814011187016802, 6.566977455514414, 6.522412097368675, 6.765941965389028, 8.138462256546662, 7.581857813308989, 7.173338840697322, 6.939109061536736, 6.896948690150443, 8.39642131630248, 12.2866598381361, 12.857964325576448], [0.9166666666666665, 1.4837078178970713, 2.5069348260818876, 3.6180488910154014, 4.103690750748377, 4.4292274219727705, 4.011653549040703, 4.3440927678064885, 0.0, 1.1666666666666667, 2.3333333333333335, 3.5, 4.1674999166833295, 4.500771538796926, 4.011653549040703, 4.3440927678064885, 4.224140646040431, 4.55326839604473, 0.9166666666666665, 1.4837078178970713, 2.5069348260818876, 3.6180488910154014, 4.103690750748377, 4.4292274219727705, 4.366415740599272, 4.685560298261241, 4.281834295984796, 4.594766883754755, 1.8333333333333335, 2.173067468400883, 2.967415635794143, 3.9510898637098992, 4.586362635272338, 4.891176863609729, 4.535950361171554, 4.83245522036057, 4.873476336757805, 5.161362271128346, 2.7499999999999996, 2.98724138815582, 3.6065141680637334, 4.451123453691213, 4.8541219597369, 5.132278030054274, 5.216678499572428, 5.4865857741212904, 5.224659596685182, 5.484053763322561, 3.6666666666666665, 3.847798793538398, 4.346134936801766, 5.068968775248516, 5.605676686280713, 5.8576872569299905, 5.6372466136152015, 5.878462993036005, 5.139438597248855, 6.031616801038335, 6.266521373414185, 4.583333333333334, 4.729487874554238, 5.143091374736492, 5.766883425598652, 6.083333333333334, 6.307513156722087, 6.487226290046588, 6.70619070912545, 5.083333333333334, 5.215495076106284, 5.593274731516612, 6.171732153761842, 6.468406123441677, 5.454515983761464, 5.458333333333334, 5.581622872327447, 5.936147506777626, 6.484088430749367, 6.767082294296249, 6.966686602842288, 7.171025806055304, 5.833333333333334, 5.948856099191583, 6.282692274990255, 6.8027772106528515, 7.073031724640982, 7.373469709407883, 6.208333333333334, 6.317001969992482, 6.6323334673568874, 7.126949051156307, 7.385350552125321, 7.685777810706966, 6.583333333333334, 6.685909727844738, 6.984606089266754, 7.455888798646194, 7.703264098924415, 9.857980921056233, 12.75465926045158, 13.557199230957774], [1.4837078178970713, 0.9166666666666665, 1.4837078178970713, 2.506934826081887, 2.977928064200939, 3.296673407475413, 2.8497617400948876, 3.181374227485449, 1.1666666666666667, 0.0, 1.1666666666666667, 2.333333333333333, 3.0011571842281843, 3.334374837290426, 2.8497617400948876, 3.181374227485449, 3.0793267261561827, 3.404902964480906, 1.4837078178970713, 0.9166666666666665, 1.4837078178970713, 2.506934826081887, 2.9779280642009396, 3.296673407475413, 3.27176944613186, 3.579886369670563, 3.218987840307786, 3.5159469159885477, 2.173067468400883, 1.8333333333333335, 2.173067468400883, 2.967415635794142, 3.5600015605489714, 3.8450906650197756, 3.5500173882377144, 3.8213379144993342, 3.9229657778047415, 4.18339235608355, 2.98724138815582, 2.7499999999999996, 2.98724138815582, 3.606514168063733, 3.9484525801607115, 4.1940765107205396, 4.341960784805653, 4.578617102128243, 4.396003375682547, 4.617883246576547, 3.847798793538398, 3.6666666666666665, 3.847798793538398, 4.346134936801765, 4.802343178074637, 5.0173310744967905, 4.879172794695206, 5.079992830752208, 4.541221767682759, 5.29332505363659, 5.4891166169583165, 4.729487874554238, 4.583333333333334, 4.729487874554238, 5.143091374736492, 5.388387720109071, 5.57088163778609, 5.807150232873307, 5.986159448116264, 5.215495076106284, 5.083333333333334, 5.215495076106284, 5.593274731516612, 5.819626753972763, 5.269685167513203, 5.581622872327447, 5.458333333333334, 5.581622872327447, 5.936147506777626, 6.149892727158382, 6.338265623268807, 6.502670391633135, 5.948856099191583, 5.833333333333334, 5.948856099191583, 6.282692274990255, 6.485025486114574, 6.782841915041545, 6.317001969992482, 6.208333333333334, 6.317001969992482, 6.6323334673568874, 6.8243080642330005, 7.121100297316732, 6.685909727844738, 6.583333333333334, 6.685909727844738, 6.984606089266754, 7.167151146414841, 9.217793058825585, 12.403036356256361, 13.154647148786255], [2.5069348260818876, 1.4837078178970713, 0.9166666666666665, 1.483707817897071, 1.902118701752221, 2.2000631304073472, 1.6944444444444442, 2.023206414958904, 2.3333333333333335, 1.1666666666666667, 0.0, 1.1666666666666665, 1.8352262954621035, 2.1682686385429477, 1.6944444444444444, 2.0232064149589046, 1.9604499987326545, 2.2752357088583586, 2.5069348260818876, 1.4837078178970713, 0.9166666666666665, 1.483707817897071, 1.9021187017522212, 2.2000631304073472, 2.2506857665505167, 2.529608616582103, 2.260947305013848, 2.5167647761107124, 2.967415635794143, 2.173067468400883, 1.8333333333333335, 2.173067468400883, 2.652305077139925, 2.892759159618297, 2.71157213748595, 2.928283742913645, 3.122622552429011, 3.3292799429113207, 3.6065141680637334, 2.98724138815582, 2.7499999999999996, 2.9872413881558195, 3.2156302302624566, 3.400367627183861, 3.6350700911951113, 3.814061863844708, 3.751645729411607, 3.911146622313535, 4.346134936801766, 3.847798793538398, 3.6666666666666665, 3.847798793538398, 4.174159928789399, 4.330928820062095, 4.3077055563831, 4.447308105215564, 4.189723548622558, 4.7307928758896125, 4.869674996126666, 5.143091374736492, 4.729487874554238, 4.583333333333334, 4.729487874554238, 4.876958296133178, 5.000694396225833, 5.299443832919792, 5.4237844971574, 5.593274731516612, 5.215495076106284, 5.083333333333334, 5.215495076106284, 5.349584615234678, 5.339442024643609, 5.936147506777626, 5.581622872327447, 5.458333333333334, 5.581622872327447, 5.7071166586600945, 5.8766250707546615, 5.988994536276984, 6.282692274990255, 5.948856099191583, 5.833333333333334, 5.948856099191583, 6.0667582410671, 6.3535860390456325, 6.6323334673568874, 6.317001969992482, 6.208333333333334, 6.317001969992482, 6.428155299582888, 6.7135073214792556, 6.984606089266754, 6.685909727844738, 6.583333333333334, 6.685909727844738, 6.791027577293113, 8.68779903847803, 12.15366245545898, 12.845779635836859], [3.6180488910154014, 2.506934826081887, 1.483707817897071, 0.9166666666666665, 1.0441636738451388, 1.2388390622765417, 0.5859728641591384, 0.8875858504816918, 3.5, 2.333333333333333, 1.1666666666666665, 0.0, 0.6718548123582128, 1.0034662148993578, 0.5859728641591386, 0.8875858504816919, 0.9626513028424146, 1.2174781667117294, 3.6180488910154014, 2.506934826081887, 1.483707817897071, 0.9166666666666665, 1.0441636738451392, 1.2388390622765422, 1.4659194224398628, 1.6445289017350762, 1.6075151440255877, 1.7402727897418984, 3.9510898637098992, 2.967415635794142, 2.173067468400883, 1.8333333333333335, 2.029299276980987, 2.1618536285121417, 2.1965531359410244, 2.29549343790323, 2.614212106595715, 2.7183929984141666, 4.451123453691213, 3.606514168063733, 2.9872413881558195, 2.7499999999999996, 2.7950849718747377, 2.873489941594445, 3.20890447056851, 3.2943320198167827, 3.398097688594984, 3.4628763110568963, 5.068968775248516, 4.346134936801765, 3.847798793538398, 3.6666666666666665, 3.8087982940088136, 3.8810436740650065, 4.003567082329964, 4.0586936109000025, 4.148143428898197, 4.411772270630165, 4.474292136579462, 5.766883425598652, 5.143091374736492, 4.729487874554238, 4.583333333333334, 4.610525397874352, 4.658474953124562, 5.016715885079098, 5.071784087198558, 6.171732153761842, 5.593274731516612, 5.215495076106284, 5.083333333333334, 5.107864306907318, 5.654372001077931, 6.484088430749367, 5.936147506777626, 5.581622872327447, 5.458333333333334, 5.481186256439183, 5.6229934692791135, 5.672178691747212, 6.8027772106528515, 6.282692274990255, 5.948856099191583, 5.833333333333334, 5.854722690083433, 6.119753989245719, 7.126949051156307, 6.6323334673568874, 6.317001969992482, 6.208333333333334, 6.228435018347529, 6.492650759812119, 7.455888798646194, 6.984606089266754, 6.685909727844738, 6.583333333333334, 6.6022933725924196, 8.289162660537471, 12.012906955856751, 12.637467686135293], [4.28498671072748, 3.1622776601683795, 2.088327347690278, 1.2018504251546633, 1.0137937550497034, 1.0137937550497031, 0.4230985058813283, 0.4230985058813279, 4.1674999166833295, 3.0011571842281843, 1.8352262954621035, 0.6718548123582128, 0.0, 0.33333333333333304, 0.27777777777777807, 0.2777777777777775, 0.6111111111111112, 0.6961091158967592, 4.249182927993988, 3.1135902820449006, 2.0138409955990952, 1.0671873729054748, 0.8498365855987977, 0.8498365855987975, 1.2222222222222223, 1.2668615834434866, 1.4540280364780447, 1.4540280364780447, 4.5192489543187495, 3.473110997362451, 2.5344843876242584, 1.8726837545203527, 1.8333333333333335, 1.8633899812498247, 2.062301243696732, 2.062301243696732, 2.4444444444444446, 2.4670670345749466, 4.94694069321861, 4.013864859597431, 3.236081306491266, 2.7487370837451066, 2.6718699236469, 2.6718699236469, 3.0555555555555554, 3.0736835985829005, 3.2820123306093185, 3.2820123306093185, 5.495579031265849, 4.6733582976033174, 4.025094891911107, 3.6448212881048394, 3.666666666666667, 3.6817870057290873, 3.892458679022969, 3.892458679022969, 4.189343934126719, 4.277777777777779, 4.290745136588807, 6.132789830991366, 5.408326913195984, 4.85912657903775, 4.549114687985393, 4.503085362035432, 4.503085362035432, 4.888888888888889, 4.900239349155544, 6.508541396588879, 5.830951894845301, 5.325515102890153, 5.044248650140519, 5.002777006601211, 5.8568230446155525, 6.800862894597355, 6.155536126122565, 5.679061199803284, 5.416185876098091, 5.377583358515029, 5.5, 5.510091751605513, 7.1009584642575625, 6.485560885536423, 6.035197686166636, 5.7885183289374185, 5.752414951807439, 6.0, 7.407883375911847, 6.82023643285187, 6.393491699463691, 6.161174355952316, 6.12726715410531, 6.375, 7.720823214600313, 7.158910531638177, 6.75359986311827, 6.534098594637553, 6.50213640104372, 8.046471890822936, 11.899516896431077, 12.482550232991606], [4.6097722286464435, 3.48010216963685, 2.3863035105460586, 1.4142135623730951, 1.118033988749895, 1.0137937550497034, 0.6334307917217433, 0.4230985058813283, 4.500771538796926, 3.334374837290426, 2.1682686385429477, 1.0034662148993578, 0.33333333333333304, 0.0, 0.5471587667664503, 0.27777777777777807, 0.6961091158967592, 0.6111111111111112, 4.576510072581994, 3.4359213546813834, 2.321398046197353, 1.3017082793177757, 0.9718253158075502, 0.8498365855987977, 1.2668615834434866, 1.2222222222222223, 1.528535165799734, 1.4540280364780447, 4.828301978956992, 3.7647856660255057, 2.7851291611780673, 2.0155644370746373, 1.8633899812498247, 1.8333333333333335, 2.1154925294066413, 2.062301243696732, 2.4670670345749466, 2.4444444444444446, 5.2307849421584045, 4.268749491621898, 3.4359213546813834, 2.8480012484391763, 2.713136766016618, 2.6718699236469, 3.0736835985829005, 3.0555555555555554, 3.3156940691948393, 3.2820123306093185, 5.752414951807438, 4.894015620008674, 4.187448175467037, 3.720252380924952, 3.6817870057290873, 3.666666666666667, 3.920899997465309, 3.892458679022969, 4.28905501223087, 4.290745136588807, 4.277777777777779, 6.363961030678928, 5.600099205470481, 4.994441354590566, 4.6097722286464435, 4.527692569068709, 4.503085362035432, 4.900239349155544, 4.888888888888889, 6.726812023536855, 6.009252125773315, 5.449260908090605, 5.0990195135927845, 5.024937810560445, 6.019638189492517, 7.010037446404977, 6.324692570482071, 5.795262672601169, 5.46723193215726, 5.398205720422296, 5.510091751605513, 5.5, 7.301540933255117, 6.646323127196804, 6.1446679686085925, 5.836308764964376, 5.771698190307598, 6.009252125773315, 7.600370056780131, 6.973287324577348, 6.496927692720956, 6.206095793653205, 6.145374276640927, 6.383708648670545, 7.905694150420948, 7.304869000270375, 6.851601597031489, 6.576473218982953, 6.519202405202649, 7.984769531511443, 11.898364068751688, 12.459606755296942], [4.182562272159713, 3.0857097948886256, 2.0667861375264747, 1.320540480444968, 1.2222222222222223, 1.2668615834434866, 0.6111111111111112, 0.6961091158967592, 4.011653549040703, 2.8497617400948876, 1.6944444444444444, 0.5859728641591386, 0.27777777777777807, 0.5471587667664503, 0.0, 0.33333333333333304, 0.4230985058813283, 0.6334307917217433, 4.046412829917809, 2.898488324610129, 1.7751717009633838, 0.7895928001973271, 0.6111111111111112, 0.6961091158967592, 1.0137937550497034, 1.118033988749895, 1.2222222222222223, 1.2668615834434866, 4.281834295984795, 3.2189878403077854, 2.2609473050138478, 1.6075151440255873, 1.6197088596792502, 1.686914050076553, 1.8333333333333335, 1.8633899812498247, 2.228463457792398, 2.277777777777778, 4.687782913273107, 3.7420698042330907, 2.958561545709854, 2.495056841431735, 2.4444444444444446, 2.4670670345749466, 2.8382310609877335, 2.877112750272011, 3.0555555555555562, 3.0736835985829014, 5.224659596685181, 4.396003375682546, 3.751645729411606, 3.3980976885949827, 3.4484743450752213, 3.4805455794837967, 3.666666666666667, 3.6817870057290873, 3.9324540312580134, 4.058978768357297, 4.086261232985176, 5.85656748582729, 5.1309999506750295, 4.59098687580646, 4.306899431847624, 4.277777777777778, 4.290745136588806, 4.669641908707301, 4.693375946776242, 6.231144396804423, 5.5547221597128456, 5.0601322385492, 4.803869325223903, 4.777777777777778, 5.58266983386341, 6.523121862050448, 5.880382351934122, 5.415615994966618, 5.176979701250575, 5.152777777777778, 5.2804087009797565, 5.301409083593242, 6.823219706303896, 6.211610494732554, 5.773569514457378, 5.550344778524468, 5.527777777777778, 5.780181124079114, 7.130412715532472, 6.547561627934855, 6.133560407430984, 5.92391639828139, 5.902777777777778, 6.155034700186006, 7.443822527919409, 6.887544671719979, 6.4952499262875385, 6.297657804863685, 6.277777777777778, 7.865928632292688, 11.68148399287567, 12.276149386743562], [4.502399908745513, 3.3943489711978057, 2.3438914566365536, 1.4792807728549273, 1.2668615834434866, 1.2222222222222223, 0.6961091158967592, 0.6111111111111112, 4.3440927678064885, 3.181374227485449, 2.0232064149589046, 0.8875858504816919, 0.2777777777777775, 0.27777777777777807, 0.33333333333333304, 0.0, 0.4230985058813279, 0.4230985058813283, 4.376212354068439, 3.225094505266664, 2.091281136079856, 1.0333930687632369, 0.6961091158967592, 0.6111111111111112, 1.0137937550497031, 1.0137937550497034, 1.2668615834434866, 1.2222222222222223, 4.594766883754755, 3.5159469159885473, 2.516764776110712, 1.7402727897418981, 1.6197088596792502, 1.6197088596792502, 1.8633899812498247, 1.8333333333333335, 2.228463457792398, 2.228463457792398, 4.97524737271958, 4.000385783865486, 3.1583712007893094, 2.5825865109265456, 2.4670670345749466, 2.4444444444444446, 2.838231060987733, 2.8382310609877335, 3.0736835985829014, 3.0555555555555562, 5.484053763322561, 4.617883246576546, 3.9111466223135336, 3.462876311056895, 3.4484743450752213, 3.4484743450752213, 3.6817870057290873, 3.666666666666667, 4.024732773288768, 4.058978768357297, 4.058978768357297, 6.08910178054425, 5.322326605332217, 4.722222222222221, 4.35819081276782, 4.290745136588806, 4.277777777777778, 4.669641908707301, 4.669641908707301, 6.45018901053333, 5.731922737756061, 5.179494231469628, 4.8499077247172035, 4.789391569389401, 5.7435841701218555, 6.732673808000672, 6.048048991611945, 5.527306652173416, 5.219728275648546, 5.163548192693819, 5.2804087009797565, 5.2804087009797565, 7.02382409647847, 6.3705655116537026, 5.878462993036004, 5.590238957767214, 5.537818909246215, 5.780181124079114, 7.322606316852282, 6.698549340835292, 6.232398053223748, 5.961311092223891, 5.912182051065264, 6.155034700186006, 7.628123727689416, 7.031235425224948, 6.588664039633565, 6.3328459851479835, 6.28662110662569, 7.795675513947502, 11.67555233420723, 12.248284485266318], [4.46730233177214, 3.4052428712715455, 2.440653626276533, 1.7435949807194686, 1.6197088596792502, 1.6197088596792502, 1.0137937550497034, 1.0137937550497031, 4.224140646040431, 3.0793267261561827, 1.9604499987326545, 0.9626513028424146, 0.6111111111111112, 0.6961091158967592, 0.4230985058813283, 0.4230985058813279, 0.0, 0.33333333333333304, 4.172588384583423, 3.0082191934846407, 1.8467522376216292, 0.7027283689263067, 0.27777777777777807, 0.2777777777777775, 0.6111111111111112, 0.6961091158967592, 0.8498365855987977, 0.8498365855987975, 4.319511432135084, 3.20890447056851, 2.1582814951589793, 1.319663724468856, 1.2222222222222223, 1.2668615834434866, 1.4540280364780447, 1.4540280364780447, 1.8333333333333335, 1.8633899812498247, 4.646118783790016, 3.6366617442340314, 2.7543456124978976, 2.160961148752969, 2.062301243696732, 2.062301243696732, 2.444444444444444, 2.467067034574946, 2.6718699236469003, 2.6718699236469003, 5.118126224448036, 4.223044510571917, 3.492164951628533, 3.0460711388140704, 3.055555555555556, 3.073683598582901, 3.282012330609318, 3.2820123306093176, 3.6033151702094517, 3.6666666666666674, 3.681787005729088, 5.699523480189775, 4.911563578955632, 4.29936831421019, 3.945617978792156, 3.8924586790229685, 3.8924586790229685, 4.277777777777779, 4.290745136588807, 6.0517317182872095, 5.316234163297582, 4.75641217622311, 4.439233055771773, 4.3920523057894165, 5.324019094148526, 6.328961088266393, 5.629799050204102, 5.10448317234861, 4.810309947407076, 4.76680344921592, 4.888888888888889, 4.900239349155544, 6.615836313230308, 5.950477208791383, 5.456124093480352, 5.1819517034405225, 5.1415908812471125, 5.388888888888889, 6.911156328004993, 6.277178560389401, 5.810686860442874, 5.554044933510783, 5.516407205490737, 5.763888888888889, 7.21388407564123, 6.609009936872468, 6.167667586437367, 5.926504601375372, 5.891246907358136, 7.449408320778296, 11.288504034688092, 11.873609189936861], [4.779715369386098, 3.702268240343585, 2.700022862271748, 1.8962275739862235, 1.686914050076553, 1.6197088596792502, 1.118033988749895, 1.0137937550497034, 4.55326839604473, 3.404902964480906, 2.2752357088583586, 1.2174781667117294, 0.6961091158967592, 0.6111111111111112, 0.6334307917217433, 0.4230985058813283, 0.33333333333333304, 0.0, 4.505483627320088, 3.3407325285273126, 2.1780328648791842, 1.0243938285880985, 0.5471587667664503, 0.27777777777777807, 0.6961091158967592, 0.6111111111111112, 0.9718253158075502, 0.8498365855987977, 4.641881935296778, 3.5225245226038777, 2.4477565944511337, 1.5156080961893046, 1.2668615834434866, 1.2222222222222223, 1.528535165799734, 1.4540280364780447, 1.8633899812498247, 1.8333333333333335, 4.947252635754041, 3.9161741219060233, 2.986595567936802, 2.28589340127122, 2.1154925294066413, 2.062301243696732, 2.467067034574946, 2.444444444444444, 2.7131367660166186, 2.6718699236469003, 5.392968100987767, 4.466006722944191, 3.678117641228465, 3.135937648977033, 3.073683598582901, 3.055555555555556, 3.315694069194839, 3.282012330609318, 3.718772716286918, 3.681787005729088, 3.6666666666666674, 5.947558893371587, 5.121969142940492, 4.451730139459028, 4.0154024443539225, 3.9208999974653085, 3.8924586790229685, 4.290745136588807, 4.277777777777779, 6.285884637742913, 5.51121191664079, 4.894567409225946, 4.501371533101033, 4.4172780848631605, 5.502621836117311, 6.553215801854766, 5.81427110279441, 5.233457919017163, 4.867713769900508, 4.790056090034752, 4.900239349155544, 4.888888888888889, 6.830679249704651, 6.12529918644443, 5.5769726067814, 5.235282133022602, 5.163155915943822, 5.399188324915259, 7.117090042918689, 6.443142229543242, 5.924307142903446, 5.603835354381172, 5.536512501477112, 5.773519397609045, 7.411410955120423, 6.766839990482273, 6.274827231894394, 5.973191135873606, 5.910077186101635, 7.382717583060507, 11.287288801358892, 11.849486713475631], [1.833333333333333, 2.1730674684008826, 2.9674156357941426, 3.9510898637098992, 4.400126260814695, 4.705198071164368, 4.182562272159713, 4.502399908745513, 0.9166666666666665, 1.4837078178970713, 2.5069348260818876, 3.6180488910154014, 4.249182927993988, 4.576510072581994, 4.046412829917809, 4.376212354068439, 4.172588384583423, 4.505483627320088, 0.0, 1.1666666666666667, 2.3333333333333335, 3.5, 4.0, 4.333333333333333, 4.184775463392552, 4.516772583150632, 4.04641282991781, 4.376212354068439, 0.916666666666667, 1.4837078178970715, 2.5069348260818876, 3.618048891015402, 4.28498671072748, 4.6097722286464435, 4.182562272159714, 4.502399908745513, 4.46730233177214, 4.779715369386098, 1.833333333333333, 2.1730674684008826, 2.9674156357941426, 3.9510898637098992, 4.400126260814695, 4.705198071164368, 4.722222222222222, 5.018791847141927, 4.687782913273109, 4.975247372719581, 2.75, 2.98724138815582, 3.606514168063734, 4.451123453691214, 5.0387388192769915, 5.317685377847939, 5.033529552221426, 5.302282294527914, 4.4374610235912995, 5.40604371439737, 5.66693899127776, 3.666666666666667, 3.8477987935383986, 4.346134936801766, 5.068968775248517, 5.426273532033235, 5.676462121975467, 5.814519926469308, 6.057848699348435, 4.166666666666667, 4.32691832858239, 4.775516260631468, 5.441609239104836, 5.7759078170544855, 4.576381118340295, 4.541666666666667, 4.689120090403127, 5.105994570654728, 5.733823864674526, 6.052002652933251, 6.256108126374487, 6.482883446258909, 4.916666666666667, 5.0531893119318445, 5.442247289085232, 6.035197686166636, 6.338265623268807, 6.637435917246626, 5.291666666666667, 5.418749599512993, 5.783267290689197, 6.344425593472676, 6.633380443718806, 6.933338341344346, 5.666666666666667, 5.785518319236594, 6.128258770283412, 6.660413734229362, 6.936217348894937, 9.133951188534972, 11.8977468087079, 12.715257296531137], [2.1730674684008826, 1.833333333333333, 2.1730674684008826, 2.967415635794142, 3.374742788552764, 3.6590830666833574, 3.085709794888625, 3.394348971197805, 1.4837078178970713, 0.9166666666666665, 1.4837078178970713, 2.506934826081887, 3.1135902820449006, 3.4359213546813834, 2.898488324610129, 3.225094505266664, 3.0082191934846407, 3.3407325285273126, 1.1666666666666667, 0.0, 1.1666666666666667, 2.333333333333333, 2.833333333333333, 3.166666666666666, 3.025100753347107, 3.3559418467864344, 2.8984883246101294, 3.2250945052666644, 1.4837078178970715, 0.916666666666667, 1.4837078178970715, 2.506934826081887, 3.1622776601683795, 3.48010216963685, 3.0857097948886256, 3.3943489711978057, 3.4052428712715455, 3.7022682403435856, 2.1730674684008826, 1.833333333333333, 2.1730674684008826, 2.967415635794142, 3.3747427885527643, 3.659083066683358, 3.733399470313654, 4.006168083848877, 3.742069804233092, 4.000385783865487, 2.98724138815582, 2.75, 2.98724138815582, 3.6065141680637334, 4.126472801046649, 4.374801582802229, 4.167037020577595, 4.400476966291745, 3.728260503810911, 4.567734398020993, 4.7932565800273315, 3.8477987935383986, 3.666666666666667, 3.8477987935383986, 4.346134936801766, 4.633812924819281, 4.844813951249544, 5.044554575400839, 5.249632556218449, 4.32691832858239, 4.166666666666667, 4.32691832858239, 4.775516260631468, 5.0387388192769915, 4.354434669150628, 4.689120090403127, 4.541666666666667, 4.689120090403127, 5.105994570654728, 5.35299111608537, 5.547772325697746, 5.734883511361751, 5.0531893119318445, 4.916666666666667, 5.0531893119318445, 5.442247289085232, 5.6746267620777395, 5.97448277631164, 5.418749599512993, 5.291666666666667, 5.418749599512993, 5.783267290689197, 6.002458986856045, 6.3015926117485925, 5.785518319236594, 5.666666666666667, 5.785518319236594, 6.128258770283412, 6.335525936249405, 8.439015662384083, 11.51999813925822, 12.285147892401485], [2.9674156357941426, 2.1730674684008826, 1.833333333333333, 2.1730674684008826, 2.477678124553084, 2.7131367660166172, 2.0667861375264747, 2.343891456636553, 2.5069348260818876, 1.4837078178970713, 0.9166666666666665, 1.483707817897071, 2.0138409955990952, 2.321398046197353, 1.7751717009633838, 2.091281136079856, 1.8467522376216292, 2.1780328648791842, 2.3333333333333335, 1.1666666666666667, 0.0, 1.1666666666666665, 1.6666666666666665, 1.9999999999999996, 1.8741253103814448, 2.2012903062398834, 1.775171700963384, 2.0912811360798567, 2.5069348260818876, 1.4837078178970715, 0.916666666666667, 1.4837078178970715, 2.0883273476902784, 2.386303510546059, 2.066786137526475, 2.343891456636554, 2.4406536262765335, 2.7000228622717484, 2.9674156357941426, 2.1730674684008826, 1.833333333333333, 2.1730674684008826, 2.477678124553085, 2.7131367660166177, 2.8808649249920384, 3.1036617163252047, 2.9585615457098555, 3.1583712007893108, 3.606514168063734, 2.98724138815582, 2.75, 2.98724138815582, 3.374742788552765, 3.56682242650545, 3.480545579483797, 3.6519063176766218, 3.2910506916307227, 3.9019621528117514, 4.069231128273332, 4.346134936801766, 3.8477987935383986, 3.666666666666667, 3.8477987935383986, 4.027681991198191, 4.176654695380556, 4.450690056082163, 4.598040377013014, 4.775516260631468, 4.32691832858239, 4.166666666666667, 4.32691832858239, 4.487637339278754, 4.438598952115692, 5.105994570654728, 4.689120090403127, 4.541666666666667, 4.689120090403127, 4.8378211923229335, 5.013869652163775, 5.145116346811045, 5.442247289085232, 5.0531893119318445, 4.916666666666667, 5.0531893119318445, 5.191472709057507, 5.482294734466175, 5.783267290689197, 5.418749599512993, 5.291666666666667, 5.418749599512993, 5.547928792701732, 5.8370523858841254, 6.128258770283412, 5.785518319236594, 5.666666666666667, 5.785518319236594, 5.90668171555645, 7.8566614161239325, 11.251069164978453, 11.953835015658665], [3.9510898637098992, 2.967415635794142, 2.1730674684008826, 1.833333333333333, 1.9002923751652296, 2.013840995599095, 1.3205404804449679, 1.479280772854927, 3.6180488910154014, 2.506934826081887, 1.483707817897071, 0.9166666666666665, 1.0671873729054748, 1.3017082793177757, 0.7895928001973271, 1.0333930687632369, 0.7027283689263067, 1.0243938285880985, 3.5, 2.333333333333333, 1.1666666666666665, 0.0, 0.5, 0.833333333333333, 0.771802443858323, 1.0