totalHoles = 100;
zeroHoleID = 78;
C = [[0.0, 0.8333333333333335, 1.666666666666667, 2.5, 3.0, 3.833333333333333, 4.666666666666667, 5.5, 4.04930136012806, 0.4375, 0.9411964165063765, 1.7231320401460182, 2.537992563030869, 0.875, 1.2083333333333335, 1.882392833012753, 2.6487025125521364, 1.3125, 1.554702767233803, 2.121422642421302, 2.8235892495191295, 1.75, 1.9382838916021679, 2.416666666666667, 3.0516389039334255, 2.1875, 2.340854693150441, 2.7500789130091845, 3.321920566479578, 2.625, 2.7541004782767904, 3.109405534467606, 3.625, 3.0625, 3.1738542333327855, 3.486643662288674, 3.9533411502171174, 3.5, 3.5978388574871505, 3.8765677832043357, 4.301162633521313, 5.666545058536643, 4.0, 4.0858835573770875, 4.333333333333333, 4.716990566028302, 5.0, 6.146362971528593, 5.227724319672949, 6.332999237350166, 5.460440115045673, 6.526421992775044, 5.697535788610722, 6.726045780417926, 6.300352723811933, 5.938486760109852, 6.931334848193224, 6.525798495735556, 6.182842312601867, 7.141800672118887, 6.755431199741763, 6.430214323799791, 7.356998982450507, 6.98883813712583, 6.680267701409877, 7.576526535311401, 7.225653565210862, 6.932712311931024, 7.8000178062474825, 7.46555312799691, 7.187296192762616, 8.027141729175945, 7.708248873411161, 7.443799852897712, 8.257598563007152, 7.95348483414311, 7.702031489321502, 8.491116937145419, 8.20103313274885, 7.9618229696470895, 8.727451104290289, 8.450690563909227, 8.22302645395842, 8.702275604371792, 8.485511549105334, 8.95562580208354, 8.749162906387102, 9.21059549890475, 8.5, 8.540751983545972, 8.661857640124188, 8.860022573334675, 9.013878188659973, 9.467053845148682, 9.724883068420127, 9.983976963462228, 10.244239573752873, 15.053552841843521, 15.252659898626968, 13.893299311059554], [0.8333333333333335, 0.0, 0.8333333333333335, 1.6666666666666665, 2.1666666666666665, 2.9999999999999996, 3.8333333333333335, 4.666666666666666, 3.2181174443850096, 0.9411964165063765, 0.4375, 0.9411964165063765, 1.7231320401460177, 1.2083333333333335, 0.875, 1.2083333333333335, 1.8823928330127528, 1.554702767233803, 1.3125, 1.554702767233803, 2.1214226424213014, 1.9382838916021679, 1.75, 1.9382838916021679, 2.4166666666666665, 2.340854693150441, 2.1875, 2.340854693150441, 2.7500789130091845, 2.7541004782767904, 2.625, 2.7541004782767904, 3.109405534467606, 3.1738542333327855, 3.0625, 3.1738542333327855, 3.486643662288674, 3.5978388574871505, 3.5, 3.5978388574871505, 3.8765677832043357, 5.0524011927146555, 4.0858835573770875, 4.0, 4.0858835573770875, 4.333333333333333, 4.549114687985393, 5.540256712864887, 4.79828573627545, 5.746611697943793, 5.050826733757994, 5.959098144387659, 5.3062565436420845, 6.177083333333333, 5.830951894845301, 5.564177337616446, 6.400005425344922, 6.073845697949529, 5.824258193705396, 6.627366257190291, 6.319921380048964, 6.086222202191146, 6.85872442181813, 6.56882136022133, 6.34983629764929, 7.093688815203585, 6.82023643285187, 6.6149032074887115, 7.331912741191377, 7.073898434562091, 6.881255045916002, 7.573088604192113, 7.329574083805961, 7.148748190728531, 7.81694318096559, 7.587059810130667, 7.417259164067576, 8.063233439938623, 7.846177413237608, 7.686681302385604, 8.311742864432492, 8.106770415060488, 7.956922049822057, 8.368700989400924, 8.227900746511496, 8.631847372521134, 8.499546811856762, 8.896101674329042, 8.540751983545972, 8.5, 8.540751983545972, 8.661857640124188, 8.771798244627178, 9.161368023526835, 9.427560991582075, 9.694604249916548, 9.962429422585638, 14.662752654970491, 14.874423434594691, 13.826005216722125], [1.666666666666667, 0.8333333333333335, 0.0, 0.833333333333333, 1.333333333333333, 2.166666666666666, 3.0, 3.833333333333333, 2.3884319449094944, 1.7231320401460182, 0.9411964165063765, 0.4375, 0.9411964165063762, 1.882392833012753, 1.2083333333333335, 0.875, 1.208333333333333, 2.121422642421302, 1.554702767233803, 1.3125, 1.5547027672338027, 2.416666666666667, 1.9382838916021679, 1.75, 1.9382838916021676, 2.7500789130091845, 2.340854693150441, 2.1875, 2.340854693150441, 3.109405534467606, 2.7541004782767904, 2.625, 2.75410047827679, 3.486643662288674, 3.1738542333327855, 3.0625, 3.1738542333327855, 3.8765677832043357, 3.5978388574871505, 3.5, 3.5978388574871505, 4.509176378536526, 4.333333333333333, 4.0858835573770875, 4.0, 4.0858835573770875, 4.216370213557839, 5.0, 4.484069506628748, 5.227724319672949, 4.753333990766668, 5.460440115045673, 5.02391200562647, 5.697535788610722, 5.449260908090605, 5.295602211059454, 5.938486760109852, 5.708418871013623, 5.568241808711057, 6.182842312601867, 5.969577095108534, 5.841697872004147, 6.430214323799791, 6.232484136116549, 6.1158608830055785, 6.680267701409877, 6.496927692720956, 6.390639856679281, 6.932712311931024, 6.762727519791437, 6.665958621254544, 7.187296192762616, 7.0297297739276186, 6.941752950644223, 7.443799852897712, 7.297802477934329, 7.21796833189768, 7.702031489321502, 7.566831863101257, 7.49455821098067, 7.9618229696470895, 7.836719403356512, 7.771482602456096, 8.107379397465277, 8.048706978625683, 8.378736987574227, 8.326201375193719, 8.650726526971273, 8.661857640124188, 8.540751983545972, 8.5, 8.540751983545972, 8.603939666093538, 8.923290228774611, 9.196377041772724, 9.469941710852524, 9.74394398816231, 14.309859068781991, 14.534173520670004, 13.8087640159377], [2.5, 1.6666666666666665, 0.833333333333333, 0.0, 0.5, 1.333333333333333, 2.166666666666667, 3.0, 1.562633454768611, 2.537992563030869, 1.7231320401460177, 0.9411964165063762, 0.4375, 2.6487025125521364, 1.8823928330127528, 1.208333333333333, 0.875, 2.8235892495191295, 2.1214226424213014, 1.5547027672338027, 1.3125, 3.0516389039334255, 2.4166666666666665, 1.9382838916021676, 1.75, 3.321920566479578, 2.7500789130091845, 2.340854693150441, 2.1875, 3.625, 3.109405534467606, 2.75410047827679, 2.625, 3.9533411502171174, 3.486643662288674, 3.1738542333327855, 3.0625, 4.301162633521313, 3.8765677832043357, 3.5978388574871505, 3.5, 4.065399648527555, 4.716990566028302, 4.333333333333333, 4.0858835573770875, 4.0, 4.031128874149275, 4.549114687985393, 4.310348195041788, 4.798285736275451, 4.5898154919342895, 5.050826733757994, 4.86948806985909, 5.306256543642085, 5.174724898753341, 5.149332481011495, 5.564177337616447, 5.446960559823963, 5.429322154974781, 5.824258193705396, 5.720068533486097, 5.70943572080464, 6.086222202191146, 5.993929582525789, 5.9896557966631105, 6.34983629764929, 6.268445004766156, 6.269968101992227, 6.6149032074887115, 6.5435324435871625, 6.550360796360763, 6.881255045916002, 6.8191226728793914, 6.8308239803115995, 7.148748190728531, 7.095157104693157, 7.11134931377302, 7.417259164067576, 7.371585838730889, 7.391929720986259, 7.686681302385604, 7.648366122269368, 7.672559159921805, 7.925461123983751, 7.953232440335188, 8.202838950039052, 8.233945078909624, 8.480471848769842, 8.860022573334675, 8.661857640124188, 8.540751983545972, 8.5, 8.514693182963201, 8.758335563352079, 9.036408801497295, 9.314672798347656, 9.59311095410544, 13.997739339080761, 14.23463439063889, 13.841762746549774], [3.0, 2.1666666666666665, 1.333333333333333, 0.5, 0.0, 0.833333333333333, 1.666666666666667, 2.5, 1.072762637179125, 3.031733208908726, 2.210396049228383, 1.4032761765874089, 0.6643841132959156, 3.125, 2.3366791488016587, 1.5948049340837194, 1.0077822185373186, 3.274546724357434, 2.533199694940066, 1.8709446885939138, 1.4045128158902644, 3.473110997362451, 2.7851291611780673, 2.2000631304073472, 1.8200274723201295, 3.7128366850697865, 3.0788960187775816, 2.5618224036372577, 2.24391538387703, 3.9863046797754937, 3.4036846864015535, 2.9442151378215855, 2.6721947908039936, 4.287062659910629, 3.7514464802852303, 3.3401622756653273, 3.1030478968266024, 4.6097722286464435, 4.1163630117428225, 3.745367509040705, 3.5355339059327378, 3.8614793256745994, 5.0, 4.549114687985393, 4.216370213557839, 4.031128874149275, 4.0, 4.333333333333333, 4.28125, 4.594222386898329, 4.5625, 4.857384484244353, 4.84375, 5.122469310818541, 5.068968775248516, 5.125, 5.389193147195392, 5.346591999296789, 5.40625, 5.657324176700304, 5.624575601273793, 5.6875, 5.926671412165329, 5.9028686676009015, 5.96875, 6.197076273556569, 6.181429401396124, 6.25, 6.468406123441676, 6.460223177796913, 6.53125, 6.740549261023005, 6.73922107475667, 6.8125, 7.013411012323303, 7.0183987494972415, 7.09375, 7.286910651317044, 7.297735569643809, 7.375, 7.560978956311, 7.577213934352417, 7.65625, 7.8568187388054485, 7.9375, 8.136536948047642, 8.21875, 8.416357255038811, 9.013878188659973, 8.771798244627178, 8.603939666093538, 8.514693182963201, 8.5, 8.696269804171466, 8.976265966115557, 9.256338153230166, 9.536479667279979, 13.831202308309422, 14.07554804210318, 13.885550834186962], [3.833333333333333, 2.9999999999999996, 2.166666666666666, 1.333333333333333, 0.833333333333333, 0.0, 0.8333333333333339, 1.666666666666667, 0.33205128586961713, 3.8582185908064415, 3.0317332089087254, 2.2103960492283825, 1.4032761765874089, 3.93192948111286, 3.1249999999999996, 2.3366791488016583, 1.5948049340837194, 4.051802153911817, 3.2745467243574335, 2.5331996949400657, 1.8709446885939138, 4.213898959923511, 3.473110997362451, 2.785129161178067, 2.2000631304073472, 4.413570062256228, 3.712836685069786, 3.0788960187775816, 2.5618224036372577, 4.645973465749072, 3.9863046797754933, 3.4036846864015535, 2.9442151378215855, 4.906460098120074, 4.287062659910629, 3.7514464802852303, 3.3401622756653273, 5.1908038341324785, 4.6097722286464435, 4.1163630117428225, 3.745367509040705, 3.6507598516378446, 5.540256712864887, 5.0, 4.549114687985393, 4.216370213557839, 4.0858835573770875, 4.0858835573770875, 4.36159901950471, 4.36159901950471, 4.637979160630677, 4.637979160630678, 4.914911851391075, 4.914911851391075, 5.0, 5.192308681544699, 5.192308681544699, 5.28125, 5.470099039957544, 5.470099039957544, 5.5625, 5.748225873645228, 5.748225873645228, 5.84375, 6.0266425982419465, 6.0266425982419465, 6.125, 6.305310812675648, 6.305310812675648, 6.40625, 6.584198585017347, 6.584198585017347, 6.6875, 6.863279150263702, 6.863279150263702, 6.96875, 7.142529909418962, 7.142529909418962, 7.25, 7.421931651830569, 7.421931651830569, 7.53125, 7.701467944940395, 7.8125, 7.981124650977733, 8.09375, 8.260889540899603, 8.375, 9.324400487132909, 9.013878188659973, 8.771798244627178, 8.603939666093538, 8.540751983545972, 8.65625, 8.9375, 9.21875, 9.5, 13.590033831895084, 13.846511878953164, 13.997970441279326], [4.666666666666667, 3.8333333333333335, 3.0, 2.166666666666667, 1.666666666666667, 0.8333333333333339, 0.0, 0.833333333333333, 0.6771892837727946, 4.687129614996558, 3.858218590806442, 3.031733208908726, 2.2103960492283834, 4.747989340529082, 3.9319294811128604, 3.125, 2.336679148801659, 4.847724623756776, 4.051802153911818, 3.274546724357434, 2.5331996949400666, 4.984002184768561, 4.213898959923511, 3.473110997362451, 2.7851291611780673, 5.153924138729419, 4.413570062256229, 3.7128366850697865, 3.0788960187775825, 5.3542882606166975, 4.645973465749072, 3.9863046797754937, 3.4036846864015544, 5.58181726929302, 4.906460098120074, 4.287062659910629, 3.7514464802852308, 5.833333333333334, 5.190803834132479, 4.6097722286464435, 4.116363011742823, 3.624080751713196, 6.146362971528593, 5.540256712864887, 5.0, 4.549114687985393, 4.333333333333333, 4.0, 4.594222386898329, 4.28125, 4.857384484244353, 4.5625, 5.122469310818541, 4.84375, 5.068968775248517, 5.389193147195392, 5.125, 5.34659199929679, 5.657324176700304, 5.40625, 5.624575601273793, 5.926671412165329, 5.6875, 5.9028686676009015, 6.197076273556569, 5.96875, 6.181429401396124, 6.468406123441676, 6.25, 6.460223177796913, 6.740549261023005, 6.53125, 6.73922107475667, 7.013411012323303, 6.8125, 7.0183987494972415, 7.286910651317044, 7.09375, 7.297735569643809, 7.560978956311, 7.375, 7.577213934352417, 7.8355562559576954, 7.8568187388054485, 8.110590855651502, 8.136536948047642, 8.38603776167731, 8.416357255038811, 9.696792138525904, 9.324400487132909, 9.013878188659973, 8.771798244627178, 8.661857640124188, 8.696269804171466, 8.976265966115557, 9.256338153230166, 9.536479667279979, 13.39644619664525, 13.664538727352507, 14.15862704749151], [5.5, 4.666666666666666, 3.833333333333333, 3.0, 2.5, 1.666666666666667, 0.833333333333333, 0.0, 1.4818237022516014, 5.517373129488344, 4.6871296149965564, 3.8582185908064415, 3.031733208908726, 5.569167352486366, 4.74798934052908, 3.93192948111286, 3.125, 5.654436864091773, 4.8477246237567755, 4.051802153911817, 3.274546724357434, 5.771698190307598, 4.984002184768559, 4.213898959923511, 3.473110997362451, 5.919050282773411, 5.153924138729418, 4.413570062256228, 3.7128366850697865, 6.094310871624453, 5.354288260616697, 4.645973465749072, 3.9863046797754937, 6.295149422372752, 5.581817269293019, 4.906460098120074, 4.287062659910629, 6.519202405202649, 5.833333333333333, 5.1908038341324785, 4.6097722286464435, 3.785335385990821, 6.800735254367722, 6.146362971528591, 5.540256712864887, 5.0, 4.716990566028302, 4.0858835573770875, 4.957731493586557, 4.36159901950471, 5.202538442914189, 4.637979160630677, 5.450863607035127, 4.914911851391075, 5.270462766947299, 5.702247363978522, 5.192308681544699, 5.537994162174404, 5.956302465666095, 5.470099039957544, 5.806822197017727, 6.212701203985268, 5.748225873645228, 6.076774789333383, 6.471165008134161, 6.0266425982419465, 6.347708466665571, 6.73145600891813, 6.305310812675648, 6.619502763824317, 6.993370186290727, 6.584198585017347, 6.8920558636576486, 7.2567317884844, 6.863279150263702, 7.165281176637647, 7.521388772194933, 7.142529909418962, 7.439104635490603, 7.7872090635862605, 7.421931651830569, 7.713462538981944, 8.054077480537421, 7.988299820849101, 8.321893189052597, 8.26356865042445, 8.59056759256919, 8.539227293952175, 10.124228365658293, 9.696792138525904, 9.324400487132909, 9.013878188659973, 8.860022573334675, 8.81523918225012, 9.091572142802244, 9.368197763725837, 9.645090864153524, 13.252524692905043, 13.531527442884295, 14.365902413488527], [4.04930136012806, 3.2181174443850096, 2.3884319449094944, 1.562633454768611, 1.072762637179125, 0.33205128586961713, 0.6771892837727946, 1.4818237022516014, 0.0, 4.044939819208145, 3.212627666215893, 2.381029985393888, 1.5512962160215416, 4.087670152653745, 3.2662647868194097, 2.452919266348872, 1.6595267655941623, 4.176047043889348, 3.376211974017199, 2.597524699229279, 1.8666415621656158, 4.307261664753795, 3.5372222759359895, 2.8036170742429904, 2.1441746331595195, 4.477549517820914, 3.742711325397465, 3.058793117369577, 2.4684876935819284, 4.682649764868067, 3.9858057154280764, 3.351861344200885, 2.823506796387446, 4.918209070007052, 4.260072632833833, 3.673764568753533, 3.1990252054534936, 5.180073801808263, 4.559890675542611, 4.017577658553659, 3.5886134371101375, 3.3682873672914337, 5.50672932786147, 4.927829772937555, 4.430782497557157, 4.045868225629299, 3.883045977183659, 3.7928632602891703, 4.154684792933297, 4.070524705607423, 4.427523971853817, 4.348647395647226, 4.70135453237141, 4.627148159436696, 4.7454495085229835, 4.976012809645711, 4.905962610139564, 5.026445136042969, 5.2513689309995355, 5.185040144472982, 5.307467710533812, 5.527318603280998, 5.464340453568519, 5.588513166851093, 5.80377716318306, 5.74383103949049, 5.869578218132631, 6.080675201208679, 6.02348541568114, 6.1506601781017, 6.3579552979164, 6.303281781788944, 6.431756829917859, 6.635569558298083, 6.583202033459204, 6.712866327948444, 6.913477726927398, 6.863231012507915, 6.9939871232089805, 7.19164573122385, 7.143355932176375, 7.275117906076989, 7.4700445441201495, 7.556257561784871, 7.748649287704808, 7.837405135485854, 8.027438520571629, 8.118559804574272, 9.178354840257247, 8.843168886456585, 8.576127519108077, 8.383744949752515, 8.306393666583965, 8.399720856561725, 8.68088767125039, 8.962059706260389, 9.243236485197436, 13.286336293797817, 13.544840307685638, 13.778692727006929], [0.4375, 0.9411964165063765, 1.7231320401460182, 2.537992563030869, 3.031733208908726, 3.8582185908064415, 4.687129614996558, 5.517373129488344, 4.044939819208145, 0.0, 0.8333333333333335, 1.666666666666667, 2.5, 0.4375, 0.9411964165063765, 1.7231320401460182, 2.537992563030869, 0.875, 1.2083333333333335, 1.882392833012753, 2.6487025125521364, 1.3125, 1.554702767233803, 2.121422642421302, 2.8235892495191295, 1.75, 1.9382838916021679, 2.416666666666667, 3.0516389039334255, 2.1875, 2.340854693150441, 2.7500789130091845, 3.321920566479578, 2.625, 2.7541004782767904, 3.109405534467606, 3.625, 3.0625, 3.1738542333327855, 3.486643662288674, 3.9533411502171174, 5.398237455122721, 3.5625, 3.658667885234248, 3.933088357484202, 4.352172589638421, 4.657403380640333, 5.871046246434939, 4.875901358979691, 6.045840871233528, 5.100551440775791, 6.228435018347529, 5.330575865936062, 6.418163042512848, 5.959098144387659, 5.565308279870936, 6.6144110869961645, 6.177083333333333, 5.80417750956154, 6.816616047591194, 6.400005425344922, 6.046693311223912, 7.024263504295506, 6.627366257190291, 6.292434072956188, 7.236884988741895, 6.85872442181813, 6.541036328442153, 7.454054871529843, 7.093688815203585, 6.792185882504984, 7.67538708081083, 7.331912741191377, 7.045610335520976, 7.900531803478661, 7.573088604192113, 7.301072802164076, 8.12917227276417, 7.81694318096559, 7.558366639029891, 8.36102170956264, 8.063233439938623, 7.817311018662363, 8.311742864432492, 8.077747210701755, 8.562278231110248, 8.339535452439781, 8.814666794294862, 8.0625, 8.105451911796433, 8.232963259226764, 8.441202891176115, 8.602552310215847, 9.06875382877628, 9.324400487132909, 9.581481931671345, 9.839885705354735, 14.67387965503754, 14.869257468329637, 13.458567735225921], [0.9411964165063765, 0.4375, 0.9411964165063765, 1.7231320401460177, 2.210396049228383, 3.0317332089087254, 3.858218590806442, 4.6871296149965564, 3.212627666215893, 0.8333333333333335, 0.0, 0.8333333333333335, 1.6666666666666665, 0.9411964165063765, 0.4375, 0.9411964165063765, 1.7231320401460177, 1.2083333333333335, 0.875, 1.2083333333333335, 1.8823928330127528, 1.554702767233803, 1.3125, 1.554702767233803, 2.1214226424213014, 1.9382838916021679, 1.75, 1.9382838916021679, 2.4166666666666665, 2.340854693150441, 2.1875, 2.340854693150441, 2.7500789130091845, 2.7541004782767904, 2.625, 2.7541004782767904, 3.109405534467606, 3.1738542333327855, 3.0625, 3.1738542333327855, 3.486643662288674, 4.749525506154088, 3.658667885234248, 3.5625, 3.658667885234248, 3.933088357484202, 4.169634359802361, 5.233149213852443, 4.412352944512082, 5.4285226818117325, 4.659406554964317, 5.631169456200412, 4.91014088463299, 5.840332482568475, 5.460440115045673, 5.164019819331103, 6.055336546753156, 5.697535788610722, 5.42060153552578, 6.275581328207327, 5.938486760109852, 5.679519737129579, 6.5005341660854645, 6.182842312601867, 5.940468921469453, 6.729722951722786, 6.430214323799791, 6.2031927823052895, 6.962729399771647, 6.680267701409877, 6.467475048807258, 7.19918283605469, 6.932712311931024, 6.733132216468383, 7.43875456272382, 7.187296192762616, 7.000007750491741, 7.681152811065826, 7.443799852897712, 7.267967439005519, 7.926118261447052, 7.702031489321502, 7.536895647874159, 7.9618229696470895, 7.806692285753579, 8.22302645395842, 8.077270331426604, 8.485511549105334, 8.105451911796433, 8.0625, 8.105451911796433, 8.232963259226764, 8.348553808561363, 8.749162906387102, 9.013878188659973, 9.279566345605812, 9.546146146482359, 14.272687427012254, 14.481010192245332, 13.38908884091086], [1.7231320401460182, 0.9411964165063765, 0.4375, 0.9411964165063762, 1.4032761765874089, 2.2103960492283825, 3.031733208908726, 3.8582185908064415, 2.381029985393888, 1.666666666666667, 0.8333333333333335, 0.0, 0.833333333333333, 1.7231320401460182, 0.9411964165063765, 0.4375, 0.9411964165063762, 1.882392833012753, 1.2083333333333335, 0.875, 1.208333333333333, 2.121422642421302, 1.554702767233803, 1.3125, 1.5547027672338027, 2.416666666666667, 1.9382838916021679, 1.75, 1.9382838916021676, 2.7500789130091845, 2.340854693150441, 2.1875, 2.340854693150441, 3.109405534467606, 2.7541004782767904, 2.625, 2.75410047827679, 3.486643662288674, 3.1738542333327855, 3.0625, 3.1738542333327855, 4.1670020799389516, 3.933088357484202, 3.658667885234248, 3.5625, 3.658667885234248, 3.8038380653989172, 4.657403380640333, 4.068438501474218, 4.875901358979691, 4.335135843059335, 5.100551440775791, 4.603565665902657, 5.330575865936062, 5.050826733757994, 4.873441702511458, 5.565308279870936, 5.3062565436420845, 5.14453635814519, 5.80417750956154, 5.564177337616446, 5.416666666666667, 6.046693311223912, 5.824258193705396, 5.689684028158135, 6.292434072956188, 6.086222202191146, 5.963466611609205, 6.541036328442153, 6.34983629764929, 6.237913660854708, 6.792185882504984, 6.6149032074887115, 6.5129411772084795, 7.045610335520976, 6.881255045916002, 6.788478610136279, 7.301072802164076, 7.148748190728531, 7.064466294616868, 7.558366639029891, 7.417259164067576, 7.340853447677442, 7.686681302385604, 7.617596588017626, 7.956922049822057, 7.894658278879319, 8.227900746511496, 8.232963259226764, 8.105451911796433, 8.0625, 8.105451911796433, 8.172006120150533, 8.499546811856762, 8.771798244627178, 9.044600378510067, 9.317904844676427, 13.909901420813583, 14.131290939091112, 13.371284283300245], [2.537992563030869, 1.7231320401460177, 0.9411964165063762, 0.4375, 0.6643841132959156, 1.4032761765874089, 2.2103960492283834, 3.031733208908726, 1.5512962160215416, 2.5, 1.6666666666666665, 0.833333333333333, 0.0, 2.537992563030869, 1.7231320401460177, 0.9411964165063762, 0.4375, 2.6487025125521364, 1.8823928330127528, 1.208333333333333, 0.875, 2.8235892495191295, 2.1214226424213014, 1.5547027672338027, 1.3125, 3.0516389039334255, 2.4166666666666665, 1.9382838916021676, 1.75, 3.321920566479578, 2.7500789130091845, 2.340854693150441, 2.1875, 3.625, 3.109405534467606, 2.75410047827679, 2.625, 3.9533411502171174, 3.486643662288674, 3.1738542333327855, 3.0625, 3.6822152332137983, 4.352172589638421, 3.933088357484202, 3.658667885234248, 3.5625, 3.59741660778954, 4.1696343598023615, 3.876133906678148, 4.412352944512083, 4.155192534648665, 4.659406554964317, 4.434528054088733, 4.91014088463299, 4.753333990766668, 4.714091243283269, 5.164019819331104, 5.02391200562647, 4.993843866451974, 5.420601535525781, 5.295602211059454, 5.273755777432247, 5.679519737129579, 5.568241808711057, 5.5538028919380995, 5.940468921469453, 5.841697872004147, 5.833965739529158, 6.2031927823052895, 6.1158608830055785, 6.1142284110507354, 6.467475048807258, 6.390639856679281, 6.394577781214331, 6.733132216468383, 6.665958621254544, 6.675002926029321, 7.000007750491741, 6.941752950644223, 6.95549468046666, 7.267967439005519, 7.21796833189768, 7.236045298538422, 7.49455821098067, 7.516648189186454, 7.771482602456096, 7.79729770898226, 8.048706978625683, 8.441202891176115, 8.232963259226764, 8.105451911796433, 8.0625, 8.077988997888026, 8.326201375193719, 8.603939666093538, 8.881898971519423, 9.160059171630813, 13.588598072398733, 13.823024267918104, 13.405359960431852], [0.875, 1.2083333333333335, 1.882392833012753, 2.6487025125521364, 3.125, 3.93192948111286, 4.747989340529082, 5.569167352486366, 4.087670152653745, 0.4375, 0.9411964165063765, 1.7231320401460182, 2.537992563030869, 0.0, 0.8333333333333335, 1.666666666666667, 2.5, 0.4375, 0.9411964165063765, 1.7231320401460182, 2.537992563030869, 0.875, 1.2083333333333335, 1.882392833012753, 2.6487025125521364, 1.3125, 1.554702767233803, 2.121422642421302, 2.8235892495191295, 1.75, 1.9382838916021679, 2.416666666666667, 3.0516389039334255, 2.1875, 2.340854693150441, 2.7500789130091845, 3.321920566479578, 2.625, 2.7541004782767904, 3.109405534467606, 3.625, 5.153155813999184, 3.125, 3.234203061720838, 3.541666666666667, 4.00195264839553, 4.331930862790864, 5.616351375918158, 4.539001989699939, 5.7775701501823225, 4.753699217451604, 5.947725113669746, 4.975035332789105, 6.1260716891232825, 5.6311694562004115, 5.202163011671203, 6.3119155394997, 5.840332482568475, 5.434356131364598, 6.504614080810466, 6.055336546753156, 5.6709925277679565, 6.70357621182737, 6.275581328207327, 5.91153863748686, 6.908260768115068, 6.5005341660854645, 6.155536126122565, 7.118174118253767, 6.729722951722786, 6.402590418143269, 7.332867231873068, 6.962729399771647, 6.652360953075231, 7.551932469757511, 7.19918283605469, 6.90455295891776, 7.775000279117537, 7.43875456272382, 7.158910531638177, 8.00173592277187, 7.681152811065826, 7.415210823874126, 7.926118261447052, 7.6732591673942565, 8.173420092405898, 7.932884977263946, 8.422852512328852, 7.625, 7.670402169667796, 7.805024200973228, 8.024376922852017, 8.193938308286192, 8.674231724305297, 8.927393275444095, 9.182189744660281, 9.438488726721268, 14.297511937357285, 14.488920381994308, 13.024021564810177], [1.2083333333333335, 0.875, 1.2083333333333335, 1.8823928330127528, 2.3366791488016587, 3.1249999999999996, 3.9319294811128604, 4.74798934052908, 3.2662647868194097, 0.9411964165063765, 0.4375, 0.9411964165063765, 1.7231320401460177, 0.8333333333333335, 0.0, 0.8333333333333335, 1.6666666666666665, 0.9411964165063765, 0.4375, 0.9411964165063765, 1.7231320401460177, 1.2083333333333335, 0.875, 1.2083333333333335, 1.8823928330127528, 1.554702767233803, 1.3125, 1.554702767233803, 2.1214226424213014, 1.9382838916021679, 1.75, 1.9382838916021679, 2.4166666666666665, 2.340854693150441, 2.1875, 2.340854693150441, 2.7500789130091845, 2.7541004782767904, 2.625, 2.7541004782767904, 3.109405534467606, 4.469008811254685, 3.234203061720838, 3.125, 3.234203061720838, 3.5416666666666665, 3.802639799460954, 4.945712228228048, 4.03695225472688, 5.128058453932097, 4.276926547702736, 5.319031932076029, 4.521661310507946, 5.517736946153237, 5.100551440775791, 4.77042392712057, 5.723368277897592, 5.330575865936062, 5.0226159525634095, 5.93520606271968, 5.565308279870936, 5.277745796686729, 6.1526092590416015, 5.80417750956154, 5.535407257550653, 6.375008510342903, 6.046693311223912, 5.795262672601169, 6.6018989271606126, 6.292434072956188, 6.057029676908018, 6.8328331244765845, 6.541036328442153, 6.320470765255104, 7.067414710800863, 6.792185882504984, 6.585385031032311, 7.30529232864397, 7.045610335520976, 6.851601597031489, 7.54615428178118, 7.301072802164076, 7.1189743648186035, 7.558366639029891, 7.387377795567548, 7.817311018662363, 7.656703501308147, 8.077747210701755, 7.670402169667796, 7.625, 7.670402169667796, 7.805024200973228, 7.926857475976495, 8.339535452439781, 8.602552310215847, 8.866688449612967, 9.13184674641444, 13.885449573475942, 14.09019703070921, 12.952211866194132], [1.882392833012753, 1.2083333333333335, 0.875, 1.208333333333333, 1.5948049340837194, 2.3366791488016583, 3.125, 3.93192948111286, 2.452919266348872, 1.7231320401460182, 0.9411964165063765, 0.4375, 0.9411964165063762, 1.666666666666667, 0.8333333333333335, 0.0, 0.833333333333333, 1.7231320401460182, 0.9411964165063765, 0.4375, 0.9411964165063762, 1.882392833012753, 1.2083333333333335, 0.875, 1.208333333333333, 2.121422642421302, 1.554702767233803, 1.3125, 1.5547027672338027, 2.416666666666667, 1.9382838916021679, 1.75, 1.9382838916021676, 2.7500789130091845, 2.340854693150441, 2.1875, 2.340854693150441, 3.109405534467606, 2.7541004782767904, 2.625, 2.75410047827679, 3.844210394304573, 3.541666666666667, 3.234203061720838, 3.125, 3.234203061720838, 3.3975583553160313, 4.331930862790864, 3.657911540794525, 4.539001989699939, 3.9211521301497316, 4.753699217451604, 4.186735523086905, 4.975035332789105, 4.659406554964317, 4.454242671630922, 5.202163011671203, 4.91014088463299, 4.723346730897254, 5.434356131364598, 5.164019819331103, 4.993789545803645, 5.6709925277679565, 5.42060153552578, 5.265364834489418, 5.91153863748686, 5.679519737129579, 5.537905992139788, 6.155536126122565, 5.940468921469453, 5.811277126439401, 6.402590418143269, 6.2031927823052895, 6.085366384021407, 6.652360953075231, 6.467475048807258, 6.3600809224629975, 6.90455295891776, 6.733132216468383, 6.635343079131461, 7.158910531638177, 7.000007750491741, 6.911087420969133, 7.267967439005519, 7.187258450047402, 7.536895647874159, 7.463808802500087, 7.806692285753579, 7.805024200973228, 7.670402169667796, 7.625, 7.670402169667796, 7.740697822404501, 8.077270331426604, 8.348553808561363, 8.620476118344301, 8.892978659844205, 13.512270756801064, 13.730527294373365, 12.933805921762104], [2.6487025125521364, 1.8823928330127528, 1.208333333333333, 0.875, 1.0077822185373186, 1.5948049340837194, 2.336679148801659, 3.125, 1.6595267655941623, 2.537992563030869, 1.7231320401460177, 0.9411964165063762, 0.4375, 2.5, 1.6666666666666665, 0.833333333333333, 0.0, 2.537992563030869, 1.7231320401460177, 0.9411964165063762, 0.4375, 2.6487025125521364, 1.8823928330127528, 1.208333333333333, 0.875, 2.8235892495191295, 2.1214226424213014, 1.5547027672338027, 1.3125, 3.0516389039334255, 2.4166666666666665, 1.9382838916021676, 1.75, 3.321920566479578, 2.7500789130091845, 2.340854693150441, 2.1875, 3.625, 3.109405534467606, 2.75410047827679, 2.625, 3.3125150935770113, 4.00195264839553, 3.5416666666666665, 3.234203061720838, 3.125, 3.164747225293041, 3.8026397994609544, 3.4427516701760528, 4.036952254726881, 3.721243911651049, 4.276926547702736, 4.000122068449912, 4.521661310507947, 4.335135843059335, 4.2793106921559225, 4.770423927120571, 4.603565665902657, 4.558752741978885, 5.0226159525634095, 4.873441702511458, 4.838404308240476, 5.27774579668673, 5.14453635814519, 5.11823104817475, 5.535407257550654, 5.416666666666667, 5.398205720422296, 5.795262672601169, 5.689684028158135, 5.678306443165955, 6.057029676908018, 5.963466611609205, 5.958515440107544, 6.320470765255104, 6.237913660854708, 6.238818122248796, 6.585385031032311, 6.5129411772084795, 6.519202405202649, 6.851601597031489, 6.788478610136279, 6.799658194534487, 7.064466294616868, 7.0801769928441765, 7.340853447677442, 7.360751596304551, 7.617596588017626, 8.024376922852017, 7.805024200973228, 7.670402169667796, 7.625, 7.6413758577889626, 7.894658278879319, 8.172006120150533, 8.449611934300757, 8.727451104290289, 13.181278429710376, 13.413053197827342, 12.96903110898134], [1.3125, 1.554702767233803, 2.121422642421302, 2.8235892495191295, 3.274546724357434, 4.051802153911817, 4.847724623756776, 5.654436864091773, 4.176047043889348, 0.875, 1.2083333333333335, 1.882392833012753, 2.6487025125521364, 0.4375, 0.9411964165063765, 1.7231320401460182, 2.537992563030869, 0.0, 0.8333333333333335, 1.666666666666667, 2.5, 0.4375, 0.9411964165063765, 1.7231320401460182, 2.537992563030869, 0.875, 1.2083333333333335, 1.882392833012753, 2.6487025125521364, 1.3125, 1.554702767233803, 2.121422642421302, 2.8235892495191295, 1.75, 1.9382838916021679, 2.416666666666667, 3.0516389039334255, 2.1875, 2.340854693150441, 2.7500789130091845, 3.321920566479578, 4.934761854924448, 2.6875, 2.813734297058705, 3.162346285241036, 3.670511715006506, 4.027735871429506, 5.3852051054512104, 4.220601445588057, 5.53093611789883, 4.422951503238533, 5.686851306107606, 4.63354362907052, 5.852136732876103, 5.319031932076028, 4.851304592581258, 6.026021409502109, 5.517736946153236, 5.075311720722186, 6.207782763618407, 5.723368277897592, 5.304773793480736, 6.396749391509549, 5.93520606271968, 5.53901291409399, 6.592301710349564, 6.1526092590416015, 5.777448074193311, 6.793871063523195, 6.375008510342903, 6.0195806799560385, 7.000937747207711, 6.6018989271606126, 6.264982043070834, 7.213028336127468, 6.8328331244765845, 6.5132827024857445, 7.429712601458941, 7.067414710800863, 6.764163381379844, 7.650600239705234, 7.30529232864397, 7.0173473665267565, 7.54615428178118, 7.272594103894428, 7.789723743942685, 7.5296938226265215, 8.035754519299632, 7.1875, 7.235647911171773, 7.378206694568659, 7.609872288678701, 7.788463022317048, 8.284027312059301, 8.534346456785338, 8.786537060010868, 9.040442505455385, 13.924717719480837, 14.111896488851652, 12.589679998221433], [1.554702767233803, 1.3125, 1.554702767233803, 2.1214226424213014, 2.533199694940066, 3.2745467243574335, 4.051802153911818, 4.8477246237567755, 3.376211974017199, 1.2083333333333335, 0.875, 1.2083333333333335, 1.8823928330127528, 0.9411964165063765, 0.4375, 0.9411964165063765, 1.7231320401460177, 0.8333333333333335, 0.0, 0.8333333333333335, 1.6666666666666665, 0.9411964165063765, 0.4375, 0.9411964165063765, 1.7231320401460177, 1.2083333333333335, 0.875, 1.2083333333333335, 1.8823928330127528, 1.554702767233803, 1.3125, 1.554702767233803, 2.1214226424213014, 1.9382838916021679, 1.75, 1.9382838916021679, 2.4166666666666665, 2.340854693150441, 2.1875, 2.340854693150441, 2.7500789130091845, 4.2153172450642185, 2.813734297058705, 2.6875, 2.813734297058705, 3.1623462852410356, 3.452115394137983, 4.681570323560722, 3.6753123686218077, 4.848496778068894, 3.906013881752655, 5.025628761104867, 4.142966450135029, 5.211925844344338, 4.753699217451604, 4.38515686087105, 5.406440667800253, 4.975035332789105, 4.63176354177806, 5.608318242302628, 5.202163011671203, 4.882117311622534, 5.816792023482053, 5.434356131364598, 5.135670210103492, 6.031178036415808, 5.6709925277679565, 5.391970947106859, 6.250867995282291, 5.91153863748686, 5.650645627443332, 6.475322077467996, 6.155536126122565, 5.9113826169894, 6.704061787039588, 6.402590418143269, 6.173920634972921, 6.936663175255409, 6.652360953075231, 6.438039351731585, 7.172750566863764, 6.90455295891776, 6.703551932143469, 7.158910531638177, 6.970299092897266, 7.415210823874126, 7.238144341400249, 7.6732591673942565, 7.235647911171773, 7.1875, 7.235647911171773, 7.378206694568659, 7.506970140772137, 7.932884977263946, 8.193938308286192, 8.456286954834255, 8.719814003176902, 13.501282377088952, 13.702206429641178, 12.515378418719761], [2.121422642421302, 1.554702767233803, 1.3125, 1.5547027672338027, 1.8709446885939138, 2.5331996949400657, 3.274546724357434, 4.051802153911817, 2.597524699229279, 1.882392833012753, 1.2083333333333335, 0.875, 1.208333333333333, 1.7231320401460182, 0.9411964165063765, 0.4375, 0.9411964165063762, 1.666666666666667, 0.8333333333333335, 0.0, 0.833333333333333, 1.7231320401460182, 0.9411964165063765, 0.4375, 0.9411964165063762, 1.882392833012753, 1.2083333333333335, 0.875, 1.208333333333333, 2.121422642421302, 1.554702767233803, 1.3125, 1.5547027672338027, 2.416666666666667, 1.9382838916021679, 1.75, 1.9382838916021676, 2.7500789130091845, 2.340854693150441, 2.1875, 2.340854693150441, 3.5460983174671137, 3.162346285241036, 2.813734297058705, 2.6875, 2.813734297058705, 3.0000723370908537, 4.027735871429506, 3.254420738054282, 4.220601445588057, 3.5128731513929985, 4.422951503238533, 3.77458664495568, 4.63354362907052, 4.276926547702736, 4.038927336283456, 4.851304592581258, 4.521661310507946, 4.30541134391103, 5.075311720722186, 4.77042392712057, 4.573664042950441, 5.304773793480736, 5.0226159525634095, 4.843391563798841, 5.53901291409399, 5.277745796686729, 5.114360568807969, 5.777448074193311, 5.535407257550653, 5.3863836978326916, 6.0195806799560385, 5.795262672601169, 5.659308948783215, 6.264982043070834, 6.057029676908018, 5.933011827080557, 6.5132827024857445, 6.320470765255104, 6.207389469638406, 6.764163381379844, 6.585385031032311, 6.482356195109752, 6.851601597031489, 6.75784009708559, 7.1189743648186035, 7.033780408875286, 7.387377795567548, 7.378206694568659, 7.235647911171773, 7.1875, 7.235647911171773, 7.310125445420057, 7.656703501308147, 7.926857475976495, 8.197757834124184, 8.469332954515629, 13.117178697168484, 13.33207367433234, 12.496329075323873], [2.8235892495191295, 2.1214226424213014, 1.5547027672338027, 1.3125, 1.4045128158902644, 1.8709446885939138, 2.5331996949400666, 3.274546724357434, 1.8666415621656158, 2.6487025125521364, 1.8823928330127528, 1.208333333333333, 0.875, 2.537992563030869, 1.7231320401460177, 0.9411964165063762, 0.4375, 2.5, 1.6666666666666665, 0.833333333333333, 0.0, 2.537992563030869, 1.7231320401460177, 0.9411964165063762, 0.4375, 2.6487025125521364, 1.8823928330127528, 1.208333333333333, 0.875, 2.8235892495191295, 2.1214226424213014, 1.5547027672338027, 1.3125, 3.0516389039334255, 2.4166666666666665, 1.9382838916021676, 1.75, 3.321920566479578, 2.7500789130091845, 2.340854693150441, 2.1875, 2.961353738856486, 3.670511715006506, 3.1623462852410356, 2.813734297058705, 2.6875, 2.73361596607863, 3.4521153941379836, 3.010560838531585, 3.675312368621808, 3.2882366094914763, 3.9060138817526555, 3.5664725657854146, 4.142966450135029, 3.9211521301497316, 3.845147103818006, 4.38515686087105, 4.186735523086905, 4.124171318277164, 4.631763541778061, 4.454242671630922, 4.403478738452134, 4.882117311622535, 4.723346730897254, 4.683018691239658, 5.135670210103492, 4.993789545803645, 4.962751882776329, 5.39197094710686, 5.265364834489418, 5.242647381094784, 5.650645627443332, 5.537905992139788, 5.522680508593631, 5.9113826169894, 5.811277126439401, 5.802831340173519, 6.173920634972921, 6.085366384021407, 6.083083613595986, 6.438039351731585, 6.3600809224629975, 6.363423926040132, 6.635343079131461, 6.643841132959156, 6.911087420969133, 6.924325892280057, 7.187258450047402, 7.609872288678701, 7.378206694568659, 7.235647911171773, 7.1875, 7.204870314585822, 7.463808802500087, 7.740697822404501, 8.017890423314462, 8.2953561724484, 12.775954641822175, 13.00487619179974, 12.532783914306593], [1.75, 1.9382838916021679, 2.416666666666667, 3.0516389039334255, 3.473110997362451, 4.213898959923511, 4.984002184768561, 5.771698190307598, 4.307261664753795, 1.3125, 1.554702767233803, 2.121422642421302, 2.8235892495191295, 0.875, 1.2083333333333335, 1.882392833012753, 2.6487025125521364, 0.4375, 0.9411964165063765, 1.7231320401460182, 2.537992563030869, 0.0, 0.8333333333333335, 1.666666666666667, 2.5, 0.4375, 0.9411964165063765, 1.7231320401460182, 2.537992563030869, 0.875, 1.2083333333333335, 1.882392833012753, 2.6487025125521364, 1.3125, 1.554702767233803, 2.121422642421302, 2.8235892495191295, 1.75, 1.9382838916021679, 2.416666666666667, 3.0516389039334255, 4.746740648727413, 2.25, 2.3993633414813282, 2.8000496027352404, 3.3634060117684275, 3.75, 5.180760347456518, 3.9252040153984353, 5.308955108143012, 4.112196037398995, 5.448663508400733, 4.309441850460451, 5.5990237399280405, 5.025628761104867, 4.5155979670471105, 5.759201574678367, 5.211925844344338, 4.729499345861039, 5.928401288735251, 5.406440667800252, 4.950142043416532, 6.1058729128420115, 5.608318242302628, 5.176664134604446, 6.290916414981031, 5.816792023482053, 5.408326913195984, 6.482883446258909, 6.031178036415808, 5.644497458808888, 6.681177242094225, 6.250867995282291, 5.8846330599282055, 6.885251195691976, 6.475322077467996, 6.128267623276582, 7.094606531744927, 6.704061787039588, 6.375, 7.308789419444084, 6.936663175255409, 6.624484060098568, 7.172750566863764, 6.876420307834593, 7.411990859879985, 7.1305488261774075, 7.654088413680916, 6.75, 6.801245800913568, 6.952717294538717, 7.198090024443984, 7.386643351347079, 7.898780507581183, 8.145833333333334, 8.395038475608343, 8.646209831159803, 13.555791826211152, 13.738458563039632, 12.15556496813674], [1.9382838916021679, 1.75, 1.9382838916021679, 2.4166666666666665, 2.7851291611780673, 3.473110997362451, 4.213898959923511, 4.984002184768559, 3.5372222759359895, 1.554702767233803, 1.3125, 1.554702767233803, 2.1214226424213014, 1.2083333333333335, 0.875, 1.2083333333333335, 1.8823928330127528, 0.9411964165063765, 0.4375, 0.9411964165063765, 1.7231320401460177, 0.8333333333333335, 0.0, 0.8333333333333335, 1.6666666666666665, 0.9411964165063765, 0.4375, 0.9411964165063765, 1.7231320401460177, 1.2083333333333335, 0.875, 1.2083333333333335, 1.8823928330127528, 1.554702767233803, 1.3125, 1.554702767233803, 2.1214226424213014, 1.9382838916021679, 1.75, 1.9382838916021679, 2.4166666666666665, 3.9935662881689544, 2.3993633414813282, 2.25, 2.3993633414813282, 2.8000496027352404, 3.123610802331885, 4.44487845103153, 3.3319170168154613, 4.5936555167910065, 3.550295860128342, 4.754429586653319, 3.7770005966301414, 4.926026137460544, 4.422951503238533, 4.010619583611047, 5.107354446721359, 4.63354362907052, 4.250012765503704, 5.2974152666129