totalHoles = 100;
zeroHoleID = 14;
C = [[0.0, 3.0, 5.0, 8.0, 3.1277059290633806, 8.048760424978385, 1.118033988749895, 2.692582403567252, 5.5901699437494745, 7.566372975210778, 1.2777777777777777, 5.160689493602838, 1.5, 2.9154759474226504, 5.220153254455275, 7.648529270389178, 3.48284043774516, 8.19330077043391, 1.9498141316363964, 5.813929406858067, 3.382051390049872, 7.838256923891834, 8.178043174333036, 2.5555555555555554, 5.615235008219234, 4.0053588363945645, 8.428695000311972, 2.8140076498215914, 6.157811222606165, 4.63904193332757, 8.747611677433538, 4.346489998681922, 8.300118993643522, 3.6878980078055745, 6.603074413936006, 3.833333333333333, 6.300352723811933, 5.344493377997172, 9.1413133338408, 4.565920842074977, 7.130752634616817, 5.441609239104835, 8.922505876216116, 5.111111111111111, 7.150066908087187, 6.096851452441341, 9.600604024390137, 7.723973285402369, 6.60270240222484, 9.674485981815554, 6.880746656883467, 10.11655448046483, 8.368810085580906, 6.388888888888888, 8.112823259172352, 7.686536296452804, 10.680956897052173, 9.05424154420614, 7.800364030758159, 10.528327455600232, 7.666666666666666, 9.153020145163987, 8.50800180268882, 11.286544851040826, 9.77172893558415, 9.020039418489871, 11.461287497969462, 9.34100839683931, 11.927046485606672, 8.944444444444443, 10.247101366716008, 10.514712150013102, 10.18272408653427, 12.597137366183048, 11.03725117662749, 11.278153464203712, 10.253876111434248, 12.4556001585087, 10.222222222222221, 11.37953545451192, 11.031155448661956, 13.292343304795597, 12.058167700111973, 11.497315843488785, 13.49771356952496, 11.5, 11.884864324004713, 12.539936203984453, 14.0089257261219, 12.851737616498152, 12.0, 12.257650672131263, 13.0, 14.150971698084906, 14.350855658198528, 12.747548783981962, 13.656500283747663, 14.577379737113251, 13.440303058129912, 14.064987481719314], [3.0, 0.0, 2.0, 5.0, 0.8846153846153846, 5.07765146290076, 2.692582403567252, 1.118033988749895, 2.692582403567252, 4.6097722286464435, 3.2607845757398195, 2.373334373699314, 3.3541019662496847, 1.5811388300841898, 2.5, 4.743416490252569, 1.7692307692307692, 5.303788977211753, 3.130778680764419, 3.130778680764419, 2.332010206868373, 5.0436367439515575, 5.381362412988707, 3.9409217446595997, 3.2451293036689406, 2.6538461538461537, 5.660644787326266, 3.730769230769231, 3.730769230769231, 3.5384615384615383, 6.125415092805678, 3.590539696012561, 5.735152596805247, 4.427255551238976, 4.427255551238976, 4.867693955503411, 4.3237072570242825, 4.423076923076923, 6.675598060657609, 5.181470171302221, 5.181470171302221, 4.85912657903775, 6.603870918719649, 5.926504601375372, 5.488484015657097, 5.3076923076923075, 7.291885739171732, 5.971579633029227, 6.131531538885344, 7.58918170900827, 6.192307692307692, 7.9589367729749565, 6.785055802903961, 7.058179739463136, 6.69461733294502, 7.076923076923077, 8.665035501178654, 7.614413302469758, 7.405786859770248, 8.65133972355413, 8.232726023485645, 7.9232428826698085, 7.961538461538462, 9.401387912141281, 8.454979975761772, 8.681077762070277, 9.765301383526834, 8.846153846153847, 10.161419087402237, 9.43414471055819, 9.16531976636675, 9.30371815983444, 9.73076923076923, 10.94019514553946, 10.010765273474417, 10.158579898889913, 9.957006342703712, 10.915217602441187, 10.653348166679516, 10.41603701800708, 10.615384615384615, 11.733984426977239, 11.01813996480457, 11.233355313749238, 12.090834198058388, 11.884864324004713, 11.5, 11.672617529928752, 12.539936203984453, 11.881378697916904, 12.36931687685298, 12.010412149464313, 12.165525060596439, 12.816005617976296, 13.086274188722607, 12.509996003196804, 12.747548783981962, 13.285330255586423, 13.000172804048818, 13.695963024986915], [5.0, 2.0, 0.0, 3.0, 2.1869029193583844, 3.1277059290633806, 4.6097722286464435, 2.692582403567252, 1.118033988749895, 2.692582403567252, 5.160689493602838, 1.2777777777777777, 5.220153254455275, 2.9154759474226504, 1.5, 2.9154759474226504, 2.6702392242630433, 3.48284043774516, 4.878706298592793, 1.9498141316363964, 3.382051390049872, 3.382051390049872, 3.6984017618933676, 5.615235008219234, 2.5555555555555554, 3.3230858261988994, 4.0053588363945645, 5.283809142394759, 2.8140076498215914, 4.064567634960895, 4.63904193332757, 4.346489998681922, 4.346489998681922, 5.796601738603087, 3.6878980078055745, 6.300352723811933, 3.833333333333333, 4.8542362393537895, 5.344493377997172, 6.391215309790046, 4.565920842074977, 5.441609239104835, 5.441609239104835, 7.150066908087187, 5.111111111111111, 5.672001201792546, 6.096851452441341, 5.446077791733191, 6.60270240222484, 6.60270240222484, 6.507278582957165, 6.880746656883467, 6.327478348324924, 8.112823259172352, 6.388888888888888, 7.354103632441304, 7.686536296452804, 7.209666423686216, 7.800364030758159, 7.800364030758159, 9.153020145163987, 7.666666666666666, 8.208903378317729, 8.50800180268882, 8.092384468778812, 9.020039418489871, 9.020039418489871, 9.069423237991625, 9.34100839683931, 10.247101366716008, 8.944444444444443, 8.975476120943844, 9.934176856815323, 10.18272408653427, 9.78834817067512, 9.858840984726866, 10.253876111434248, 10.253876111434248, 11.37953545451192, 10.222222222222221, 10.802147496333513, 11.031155448661956, 10.742411660517561, 11.497315843488785, 11.497315843488785, 12.539936203984453, 11.672617529928752, 11.5, 11.884864324004713, 11.62614122412564, 13.0, 12.257650672131263, 12.0, 12.257650672131263, 12.574560886531192, 12.747548783981962, 12.509996003196804, 12.747548783981962, 13.086111875915117, 13.811218509931237], [8.0, 5.0, 3.0, 0.0, 5.07765146290076, 0.8846153846153846, 7.566372975210778, 5.5901699437494745, 2.692582403567252, 1.118033988749895, 8.10140210391897, 3.2607845757398195, 8.139410298049853, 5.70087712549569, 3.3541019662496847, 1.5811388300841898, 5.303788977211753, 1.7692307692307692, 7.733160747581095, 3.130778680764419, 5.953005258265633, 2.332010206868373, 2.3993430040426587, 8.398265546976402, 3.9409217446595997, 5.660644787326266, 2.6538461538461537, 7.994913323686157, 3.730769230769231, 6.125415092805678, 3.5384615384615383, 6.549196539167379, 3.590539696012561, 8.342696909032254, 4.427255551238976, 8.870988921447509, 4.867693955503411, 6.675598060657609, 4.423076923076923, 8.766278180396437, 5.181470171302221, 7.321960878829598, 4.85912657903775, 9.493337494797256, 5.926504601375372, 7.291885739171732, 5.3076923076923075, 5.971579633029227, 8.221659139878378, 6.131531538885344, 7.9589367729749565, 6.192307692307692, 6.785055802903961, 10.238061400214784, 7.058179739463136, 8.665035501178654, 7.076923076923077, 7.614413302469758, 9.211171424544528, 7.405786859770248, 11.080513425729775, 8.232726023485645, 9.401387912141281, 7.961538461538462, 8.454979975761772, 10.264556060108546, 8.681077762070277, 10.161419087402237, 8.846153846153847, 12.00012860013396, 9.43414471055819, 9.30371815983444, 10.94019514553946, 9.73076923076923, 10.208147125457948, 10.158579898889913, 11.364065087311053, 9.957006342703712, 12.980517214675762, 10.653348166679516, 11.733984426977239, 10.615384615384615, 11.01813996480457, 12.497530620284083, 11.233355313749238, 14.0089257261219, 12.539936203984453, 11.884864324004713, 11.5, 11.881378697916904, 14.422205101855956, 13.200378782444085, 12.36931687685298, 12.010412149464313, 12.386407691863647, 13.656500283747663, 12.747548783981962, 12.509996003196804, 13.769860953173092, 14.508800331176763], [3.1277059290633806, 0.8846153846153846, 2.1869029193583844, 5.07765146290076, 0.0, 5.0, 2.5026613053842213, 0.5131409255433206, 2.5026613053842213, 4.501479046876422, 3.025653097662913, 2.0382778680536124, 3.062466036522213, 0.7929049280033963, 2.0925339244208376, 4.5418826740518154, 0.8846153846153846, 5.07765146290076, 2.692582403567252, 2.692582403567252, 1.480169400346449, 4.710721967355107, 5.050598707513876, 3.4339541428012064, 2.6061544572149917, 1.7692307692307692, 5.303788977211753, 3.130778680764419, 3.130778680764419, 2.6538461538461537, 5.660644787326266, 2.7173371886355784, 5.232964876314565, 3.7307692307692304, 3.7307692307692304, 4.20653509923445, 3.5629955853314477, 3.5384615384615388, 6.125415092805678, 4.427255551238976, 4.427255551238976, 3.9802479116918437, 5.986850043096727, 5.1829784994814165, 4.675817161319146, 4.423076923076923, 6.675598060657609, 5.181470171302221, 5.250357852478065, 6.896829530956821, 5.307692307692307, 7.291885739171732, 5.971579633029227, 6.268734067564784, 5.856366348671105, 6.192307692307692, 7.9589367729749565, 6.785055802903959, 6.523463330041362, 7.909208166333361, 7.415943607685635, 7.070800491625642, 7.076923076923077, 8.665035501178654, 7.614413302469758, 7.798097342074923, 8.989456165779774, 7.961538461538462, 9.401387912141281, 8.600049097165954, 8.304266642736428, 8.454979975761772, 8.846153846153845, 10.161419087402235, 9.147734110932088, 9.30371815983444, 9.0736157397877, 10.115854021946099, 9.807696031878331, 9.549392726960283, 9.73076923076923, 10.94019514553946, 10.158579898889911, 10.349691547526216, 11.27457826834049, 11.031155448661956, 10.615384615384615, 10.802147496333513, 11.733984426977239, 11.01813996480457, 11.513113182277372, 11.126624607127221, 11.293882200020017, 11.991737786823434, 12.253794307909871, 11.62614122412564, 11.881378697916904, 12.456611086620374, 12.116100104183, 12.811456089559469], [8.048760424978385, 5.07765146290076, 3.1277059290633806, 0.8846153846153846, 5.0, 0.0, 7.500887521451542, 5.501210194990504, 2.5026613053842213, 0.5131409255433206, 8.009655215263463, 3.025653097662913, 8.023633729480183, 5.534320032745854, 3.062466036522213, 0.7929049280033963, 5.07765146290076, 0.8846153846153846, 7.566372975210778, 2.692582403567252, 5.673702622954605, 1.480169400346449, 1.5186614946924941, 8.17263978496921, 3.4339541428012064, 5.303788977211753, 1.7692307692307692, 7.733160747581095, 3.130778680764419, 5.660644787326266, 2.6538461538461537, 6.114239232867971, 2.7173371886355784, 7.994913323686157, 3.7307692307692304, 8.526132625117404, 4.20653509923445, 6.125415092805678, 3.5384615384615388, 8.342696909032254, 4.427255551238976, 6.770699626960813, 3.9802479116918437, 9.047832123005302, 5.1829784994814165, 6.675598060657609, 4.423076923076923, 5.181470171302221, 7.587243081586228, 5.250357852478065, 7.291885739171732, 5.307692307692307, 5.971579633029227, 9.710665621359194, 6.268734067564784, 7.9589367729749565, 6.192307692307692, 6.785055802903959, 8.517955964807186, 6.523463330041362, 10.487908256290833, 7.415943607685635, 8.665035501178654, 7.076923076923077, 7.614413302469758, 9.529445007789068, 7.798097342074923, 9.401387912141281, 7.961538461538462, 11.35609283484707, 8.600049097165954, 8.454979975761772, 10.161419087402235, 8.846153846153845, 9.363326638471207, 9.30371815983444, 10.598608521561832, 9.0736157397877, 12.29597094391988, 9.807696031878331, 10.94019514553946, 9.73076923076923, 10.158579898889911, 11.709659052634096, 10.349691547526216, 13.292343304795597, 11.733984426977239, 11.031155448661956, 10.615384615384615, 11.01813996480457, 13.694954368230986, 12.4016843673724, 11.513113182277372, 11.126624607127221, 11.503390730875648, 12.851737616498152, 11.881378697916904, 11.62614122412564, 12.93848752633683, 13.676962053133606], [1.118033988749895, 2.692582403567252, 4.6097722286464435, 7.566372975210778, 2.5026613053842213, 7.500887521451542, 0.0, 2.0, 5.0, 7.0, 0.5719794522770555, 4.50856523672744, 0.7071067811865476, 2.0615528128088303, 4.527692569068709, 7.0178344238090995, 2.6156674055260467, 7.539344532274099, 0.8846153846153846, 5.07765146290076, 2.373334373699314, 7.115666943399102, 7.451508045061097, 1.6339379077614156, 4.761276413570184, 2.9975335028305716, 7.680182751770411, 1.7692307692307692, 5.303788977211753, 3.562834122191001, 7.9179408296758895, 3.2451293036689406, 7.451903394269873, 2.6538461538461533, 5.660644787326266, 2.877112750272011, 5.317685377847939, 4.2388035601218625, 8.24423772227013, 3.5384615384615383, 6.125415092805678, 4.3237072570242825, 7.9808799292085855, 4.141404902675085, 6.095181258002196, 4.980583602124502, 8.649058504701623, 6.675598060657609, 5.488484015657097, 8.667378888113953, 5.762816947604498, 9.121954788947248, 7.291885739171732, 5.412035056870024, 7.020692519744054, 6.571072521502121, 9.652926710735985, 7.9589367729749565, 6.69461733294502, 9.477230673280454, 6.685390373377192, 8.043285674675769, 7.396824842557737, 10.232937884668278, 8.665035501178654, 7.9232428826698085, 10.381607668264957, 8.234812091208566, 10.854129637032846, 7.960163159814262, 9.130399636974506, 9.401387912141281, 9.081648053131476, 11.509836287321672, 9.919392232956755, 10.161419087402237, 9.16531976636675, 11.357952562841291, 9.235766493153092, 10.261548748412658, 9.9350702716073, 12.194491432682838, 10.94019514553946, 10.41603701800708, 12.389262575330859, 10.51189802081432, 10.793516572461451, 11.423659658795863, 12.90348790056394, 11.733984426977239, 11.01135777277262, 11.180339887498949, 11.884864324004713, 13.038404810405298, 13.235673895008103, 11.672617529928752, 12.539936203984453, 13.46291201783626, 12.347741649703346, 12.979895085037255], [2.692582403567252, 1.118033988749895, 2.692582403567252, 5.5901699437494745, 0.5131409255433206, 5.501210194990504, 2.0, 0.0, 3.0, 5.0, 2.5153847605937267, 2.5153847605937267, 2.5495097567963922, 0.5, 2.5495097567963922, 5.024937810560445, 0.917450803221274, 5.553531847061954, 2.1869029193583844, 3.1277059290633806, 1.2777777777777777, 5.160689493602838, 5.499462366273504, 2.9444444444444446, 2.9444444444444446, 1.727775188093554, 5.743274945585638, 2.6702392242630433, 3.48284043774516, 2.587235393668021, 6.057539680616919, 2.5555555555555554, 5.615235008219234, 3.3230858261988994, 4.0053588363945645, 3.7785946829182113, 3.7785946829182113, 3.4594010495029015, 6.47822935849772, 4.064567634960895, 4.63904193332757, 3.833333333333333, 6.300352723811933, 4.811572982705472, 4.811572982705472, 4.3366130813979105, 6.986144359927833, 5.344493377997172, 5.111111111111111, 7.150066908087187, 5.216326214070361, 7.563733150475208, 6.096851452441341, 5.940549087145912, 5.940549087145912, 6.09745800172828, 8.196279282872213, 6.880746656883467, 6.388888888888888, 8.112823259172352, 7.120003121097942, 7.120003121097942, 6.979471165602685, 8.872035716309943, 7.686536296452804, 7.666666666666666, 9.153020145163987, 7.862069077381272, 9.58186465034415, 8.328517126767776, 8.328517126767776, 8.50800180268882, 8.745074691559056, 10.31873690724532, 9.164642972915004, 9.34100839683931, 8.944444444444443, 10.247101366716008, 9.555071047148177, 9.555071047148177, 9.62837583924595, 11.077256939413076, 10.18272408653427, 10.222222222222221, 11.37953545451192, 10.793516572461451, 10.51189802081432, 10.793516572461451, 11.853269591129697, 11.031155448661956, 11.280514172678478, 11.0, 11.280514172678478, 12.083045973594572, 12.330939656070479, 11.5, 11.884864324004713, 12.539936203984453, 12.029486894363155, 12.71408785425965], [5.5901699437494745, 2.692582403567252, 1.118033988749895, 2.692582403567252, 2.5026613053842213, 2.5026613053842213, 5.0, 3.0, 0.0, 2.0, 5.507010122909451, 0.5719794522770555, 5.522680508593631, 3.0413812651491097, 0.7071067811865476, 2.0615528128088303, 2.6156674055260467, 2.6156674055260467, 5.07765146290076, 0.8846153846153846, 3.2607845757398195, 2.373334373699314, 2.7060594185514573, 5.715746065599814, 1.6339379077614156, 2.9975335028305716, 2.9975335028305716, 5.303788977211753, 1.7692307692307692, 3.562834122191001, 3.562834122191001, 3.9409217446595997, 3.2451293036689406, 5.660644787326266, 2.6538461538461533, 6.1869037310901955, 2.877112750272011, 4.2388035601218625, 4.2388035601218625, 6.125415092805678, 3.5384615384615383, 4.867693955503411, 4.3237072570242825, 6.866675656232878, 4.141404902675085, 4.980583602124502, 4.980583602124502, 4.423076923076923, 5.926504601375372, 5.488484015657097, 5.762816947604498, 5.762816947604498, 5.3076923076923075, 7.70000801667051, 5.412035056870024, 6.571072521502121, 6.571072521502121, 6.192307692307692, 7.058179739463136, 6.69461733294502, 8.642594774976114, 6.685390373377192, 7.396824842557737, 7.396824842557737, 7.076923076923077, 8.232726023485645, 7.9232428826698085, 8.234812091208566, 8.234812091208566, 9.662515072736714, 7.960163159814262, 7.961538461538462, 9.081648053131476, 9.081648053131476, 8.796885167241687, 8.846153846153847, 9.43414471055819, 9.16531976636675, 10.737755012852983, 9.235766493153092, 9.9350702716073, 9.9350702716073, 9.73076923076923, 10.653348166679516, 10.41603701800708, 11.853269591129697, 10.793516572461451, 10.51189802081432, 10.793516572461451, 10.615384615384615, 12.298373876248844, 11.40175425099138, 11.01135777277262, 11.180339887498949, 11.504589815444547, 11.884864324004713, 11.5, 11.672617529928752, 12.168455184714663, 12.89975039629529], [7.566372975210778, 4.6097722286464435, 2.692582403567252, 1.118033988749895, 4.501479046876422, 0.5131409255433206, 7.0, 5.0, 2.0, 0.0, 7.5051422700590535, 2.5153847605937267, 7.516648189186454, 5.024937810560445, 2.5495097567963922, 0.5, 4.56527282605666, 0.917450803221274, 7.055674622507633, 2.1869029193583844, 5.160689493602838, 1.2777777777777777, 1.4289407787516508, 7.659618338169321, 2.9444444444444446, 4.794289008872089, 1.727775188093554, 7.220123095542963, 2.6702392242630433, 5.166603040901102, 2.587235393668021, 5.615235008219234, 2.5555555555555554, 7.486180562094667, 3.3230858261988994, 8.017342313870461, 3.7785946829182113, 5.653976973892075, 3.4594010495029015, 7.843513884680233, 4.064567634960895, 6.300352723811933, 3.833333333333333, 8.552849499897752, 4.811572982705472, 6.229463300939454, 4.3366130813979105, 4.8542362393537895, 7.150066908087187, 5.111111111111111, 6.8709576604428015, 5.216326214070361, 5.672001201792546, 9.235265207712777, 5.940549087145912, 7.56167931631858, 6.09745800172828, 6.507278582957165, 8.112823259172352, 6.388888888888888, 10.03466214899358, 7.120003121097942, 8.289331562404733, 6.979471165602685, 7.354103632441304, 9.153020145163987, 7.666666666666666, 9.045005814122774, 7.862069077381272, 10.92539232846419, 8.328517126767776, 8.208903378317729, 9.822236576307187, 8.745074691559056, 9.109419695863968, 9.069423237991625, 10.247101366716008, 8.944444444444443, 11.88694168893115, 9.555071047148177, 10.61629037384411, 9.62837583924595, 9.934176856815323, 11.37953545451192, 10.222222222222221, 12.90348790056394, 11.423659658795863, 10.793516572461451, 10.51189802081432, 10.802147496333513, 13.313526955694348, 12.083045973594572, 11.280514172678478, 11.0, 11.367699686756461, 12.539936203984453, 11.672617529928752, 11.5, 12.661482246413541, 13.400519162852571], [1.2777777777777777, 3.2607845757398195, 5.160689493602838, 8.10140210391897, 3.025653097662913, 8.009655215263463, 0.5719794522770555, 2.5153847605937267, 5.507010122909451, 7.5051422700590535, 0.0, 5.0, 0.22222222222222232, 2.5098571106836705, 5.004935835357871, 7.503291458823213, 3.0399878359638373, 8.01508116258395, 0.7862899472029349, 5.533376173826644, 2.692582403567252, 7.566372975210778, 7.899284042592689, 1.2777777777777777, 5.160689493602838, 3.3005399824294597, 8.117485089337427, 1.5730327478199801, 5.698634224594001, 3.7564199799568834, 8.313284012098904, 3.382051390049872, 7.838256923891834, 2.4281064490158184, 5.991302106199638, 2.5555555555555554, 5.615235008219234, 4.3465971418363045, 8.596098342470237, 3.2987965361911598, 6.393907927643844, 4.346489998681922, 8.300118993643522, 3.833333333333333, 6.300352723811933, 5.023963686016873, 8.957690054830891, 6.887198632536877, 5.441609239104835, 8.922505876216116, 5.757829823884117, 9.388961831896506, 7.45318993305855, 5.111111111111111, 7.150066908087187, 6.529171938354742, 9.880793804173782, 8.076612167850406, 6.60270240222484, 9.674485981815554, 6.388888888888888, 8.112823259172352, 7.326162493269249, 10.424617828859967, 8.745191638774397, 7.800364030758159, 10.528327455600232, 8.141272401312193, 11.012734279567795, 7.666666666666665, 9.153020145163985, 9.449348032817209, 8.969563228181544, 11.63843050004366, 9.921708093274122, 10.181702630165532, 9.02003941848987, 11.461287497969462, 8.944444444444443, 10.247101366716008, 9.807696031878331, 12.295970943919881, 10.936592129650325, 10.253876111434248, 12.4556001585087, 10.222222222222221, 10.653348166679516, 11.37953545451192, 12.980517214675762, 11.709659052634096, 10.722222222222221, 11.00981604672467, 11.830724803777494, 13.084955077596408, 13.265697732620128, 11.497315843488785, 12.497530620284083, 13.49771356952496, 12.209455072759708, 12.824188406884243], [5.160689493602838, 2.373334373699314, 1.2777777777777777, 3.2607845757398195, 2.0382778680536124, 3.025653097662913, 4.50856523672744, 2.5153847605937267, 0.5719794522770555, 2.5153847605937267, 5.0, 0.0, 5.004935835357871, 2.5098571106836705, 0.22222222222222232, 2.5098571106836705, 2.059496550812381, 3.0399878359638373, 4.540732526924747, 0.7862899472029349, 2.692582403567252, 2.692582403567252, 3.032568847805487, 5.160689493602838, 1.2777777777777777, 2.4276664053397985, 3.3005399824294597, 4.740720623039716, 1.5730327478199801, 3.0183921325466097, 3.7564199799568834, 3.382051390049872, 3.382051390049872, 5.088781870718395, 2.4281064490158184, 5.615235008219234, 2.5555555555555554, 3.7273189712472337, 4.3465971418363045, 5.557162818128221, 3.2987965361911598, 4.346489998681922, 4.346489998681922, 6.300352723811933, 3.833333333333333, 4.498912215015563, 5.023963686016873, 4.175344896414885, 5.441609239104835, 5.441609239104835, 5.305902777172741, 5.757829823884117, 5.054704756783061, 7.150066908087187, 5.111111111111111, 6.134336655303409, 6.529171938354742, 5.935626682151534, 6.60270240222484, 6.60270240222484, 8.112823259172352, 6.388888888888888, 6.976579167312952, 7.326162493269249, 6.817505174100686, 7.800364030758159, 7.800364030758159, 7.828174519794995, 8.141272401312193, 9.153020145163985, 7.666666666666665, 7.7000115743618505, 8.686372344330314, 8.969563228181544, 8.510648498354001, 8.58295219893014, 9.02003941848987, 9.02003941848987, 10.247101366716008, 8.944444444444443, 9.549392726960285, 9.807696031878331, 9.466205544479235, 10.253876111434248, 10.253876111434248, 11.37953545451192, 10.41603701800708, 10.222222222222221, 10.653348166679516, 10.349691547526218, 11.830724803777494, 11.00981604672467, 10.722222222222221, 11.00981604672467, 11.320391322735896, 11.497315843488785, 11.233355313749238, 11.497315843488785, 11.818433521762865, 12.545345438185846], [1.5, 3.3541019662496847, 5.220153254455275, 8.139410298049853, 3.062466036522213, 8.023633729480183, 0.7071067811865476, 2.5495097567963922, 5.522680508593631, 7.516648189186454, 0.22222222222222232, 5.004935835357871, 0.0, 2.5, 5.0, 7.5, 3.012056640752393, 8.00452904342914, 0.6308161333406432, 5.51343168943652, 2.618193703988484, 7.540221367546509, 7.870997098406254, 1.0555555555555554, 5.110205233732223, 3.214243448580951, 8.082781757955955, 1.364165219305246, 5.644550180976526, 3.627027080652553, 8.255623867630295, 3.236558147473224, 7.7765872104654825, 2.211120361816124, 5.9066956290668875, 2.333333333333333, 5.517648452415616, 4.188601043095995, 8.517298791179329, 3.079325984807399, 6.283490154421352, 4.166666666666666, 8.207381501496753, 3.6111111111111107, 6.167667586437366, 4.847527277907693, 8.859939091780438, 6.755777715731824, 5.24522122307652, 8.804109590356786, 5.569358264583985, 9.274575541731812, 7.305060254744227, 4.888888888888888, 6.99294176780425, 6.3326196006010935, 9.752029071219853, 7.915324811017253, 6.3975786314572956, 9.535670524178098, 6.166666666666666, 7.939003575876369, 7.124007249430677, 10.283553825888248, 8.573559188561266, 7.590198357823799, 10.373577546396957, 7.9351103540758, 10.861214312007704, 7.444444444444443, 8.967706121769364, 9.269549946627277, 8.76045444769719, 11.478046964975249, 9.73177423097775, 9.99541314922343, 8.806738441404322, 11.29418620243657, 8.722222222222221, 10.053713766257081, 9.596365806199268, 12.12807638029999, 10.745096583638324, 10.038506110884805, 12.278908947389079, 10.0, 10.44030650891055, 11.180339887498949, 12.806248474865697, 11.513948320066396, 10.5, 10.793516572461451, 11.629703349613008, 12.90348790056394, 13.080527038933845, 11.280514172678478, 12.298373876248844, 13.313526955694348, 11.996396374092988, 12.609151264743357], [2.9154759474226504, 1.5811388300841898, 2.9154759474226504, 5.70087712549569, 0.7929049280033963, 5.534320032745854, 2.0615528128088303, 0.5, 3.0413812651491097, 5.024937810560445, 2.5098571106836705, 2.5098571106836705, 2.5, 0.0, 2.5, 5.0, 0.567877810008977, 5.506585621517257, 2.0366465069036503, 3.0245543463596154, 0.7777777777777777, 5.0601322385492, 5.394579505270088, 2.7137054981821804, 2.7137054981821804, 1.2575217480209087, 5.61972961509231, 2.3687437061788956, 3.2574448184984086, 2.098886715329577, 5.865605292191675, 2.0555555555555554, 5.406043714397369, 2.9392266422373536, 3.69310888743317, 3.419714088113865, 3.419714088113865, 2.965531773261729, 6.228513361808326, 3.6376157742001913, 4.269923713687407, 3.333333333333333, 6.009252125773315, 4.392052305789416, 4.392052305789416, 3.8403802819589585, 6.689433511894649, 4.938677205930623, 4.611111111111111, 6.801642866176696, 4.718871843914595, 7.2296439386244975, 5.666913209626894, 5.491013983582744, 5.491013983582744, 5.599292009345214, 7.832756284087814, 6.4344671002271285, 5.888888888888888, 7.725219242563864, 6.654154925892376, 6.654154925892376, 6.48085482709965, 8.485368541786551, 7.2288254343125, 7.166666666666666, 8.738484485945552, 7.363149891952557, 9.176926300857001, 7.853009173967628, 7.853009173967628, 8.042049254575462, 8.245942161462056, 9.899270787799347, 8.686360162341854, 8.868950559320345, 8.444444444444443, 9.813696651889574, 9.07343157211356, 9.07343157211356, 9.129087396141552, 10.64613717206342, 9.706034236067579, 9.722222222222221, 10.932593696752459, 10.307764064044152, 10.012492197250394, 10.307764064044152, 11.412712210513327, 10.55087702123192, 10.793516572461451, 10.5, 10.793516572461451, 11.629703349613008, 11.871665818224296, 11.0, 11.40175425099138, 12.083045973594572, 11.531080384406598, 12.214894086779962], [5.220153254455275, 2.5, 1.5, 3.3541019662496847, 2.0925339244208376, 3.062466036522213, 4.527692569068709, 2.5495097567963922, 0.7071067811865476, 2.5495097567963922, 5.004935835357871, 0.22222222222222232, 5.0, 2.5, 0.0, 2.5, 2.018039941899216, 3.012056640752393, 4.516406646226936, 0.6308161333406432, 2.618193703988484, 2.618193703988484, 2.9581042500629477, 5.110205233732223, 1.0555555555555554, 2.3089740030467127, 3.214243448580951, 4.675569136004956, 1.364165219305246, 2.8557530432071645, 3.627027080652553, 3.236558147473224, 3.236558147473224, 4.988892988874172, 2.211120361816124, 5.517648452415616, 2.333333333333333, 3.5418044409911813, 4.188601043095995, 5.429755843563323, 3.079325984807399, 4.166666666666666, 4.166666666666666, 6.167667586437366, 3.6111111111111107, 4.300990666120907, 4.847527277907693, 3.9548113159010128, 5.24522122307652, 5.24522122307652, 5.100759892338585, 5.569358264583985, 4.833622381345463, 6.99294176780425, 4.888888888888888, 5.9247000772965, 6.3326196006010935, 5.714224957411575, 6.3975786314572956, 6.3975786314572956, 7.939003575876369, 6.166666666666666, 6.763983980609418, 7.124007249430677, 6.595901542606841, 7.590198357823799, 7.590198357823799, 7.6135390148971425, 7.9351103540758, 8.967706121769364, 7.444444444444443, 7.478272274597773, 8.470275209825092, 8.76045444769719, 8.288442317897653, 8.361117390855641, 8.806738441404322, 8.806738441404322, 10.053713766257081, 8.722222222222221, 9.332214993579527, 9.596365806199268, 9.244300979074403, 10.038506110884805, 10.038506110884805, 11.180339887498949, 10.198039027185569, 10.0, 10.44030650891055, 10.127734490850347, 11.629703349613008, 10.793516572461451, 10.5, 10.793516572461451, 11.102824459699919, 11.280514172678478, 11.01135777277262, 11.280514172678478, 11.598193984364197, 12.325444393015824], [7.648529270389178, 4.743416490252569, 2.9154759474226504, 1.5811388300841898, 4.5418826740518154, 0.7929049280033963, 7.0178344238090995, 5.024937810560445, 2.0615528128088303, 0.5, 7.503291458823213, 2.5098571106836705, 7.5, 5.0, 2.5, 0.0, 4.508046717493131, 0.567877810008977, 7.010558393885813, 2.0366465069036503, 5.0601322385492, 0.7777777777777777, 0.9483003057053585, 7.573915600986335, 2.7137054981821804, 4.645574339814783, 1.2575217480209087, 7.114137104776807, 2.3687437061788956, 4.940174636972562, 2.098886715329577, 5.406043714397369, 2.0555555555555554, 7.323868735472931, 2.9392266422373536, 7.8545811119654525, 3.419714088113865, 5.366039386570402, 2.965531773261729, 7.631005734548367, 3.6376157742001913, 6.009252125773315, 3.333333333333333, 8.32406892431761, 4.392052305789416, 5.8947875882052925, 3.8403802819589585, 4.403468240418988, 6.801642866176696, 4.611111111111111, 6.501365355007357, 4.718871843914595, 5.207101432221556, 8.952722187575198, 5.491013983582744, 7.166035933897984, 5.599292009345214, 6.033437400346946, 7.725219242563864, 5.888888888888888, 9.709674442419672, 6.654154925892376, 7.874101808456684, 6.48085482709965, 6.874293938999358, 8.738484485945552, 7.166666666666666, 8.614869490094494, 7.363149891952557, 10.567391025528474, 7.853009173967628, 7.724930822539303, 9.380594977408283, 8.245942161462056, 8.628076219199366, 8.58244044684661, 9.813696651889574, 8.444444444444443, 11.503354314886904, 9.07343157211356, 10.165640003776964, 9.129087396141552, 9.44495106348974, 10.932593696752459, 9.722222222222221, 12.5, 10.965856099730654, 10.307764064044152, 10.012492197250394, 10.311207781688804, 12.90348790056394, 11.629703349613008, 10.793516572461451, 10.5, 10.867795207227017, 12.083045973594572, 11.180339887498949, 11.0, 12.188945506738351, 12.927858346199432], [3.48284043774516, 1.7692307692307692, 2.6702392242630433, 5.303788977211753, 0.8846153846153846, 5.07765146290076, 2.6156674055260467, 0.917450803221274, 2.6156674055260467, 4.56527282605666, 3.0399878359638373, 2.059496550812381, 3.012056640752393, 0.567877810008977, 2.018039941899216, 4.508046717493131, 0.0, 5.0, 2.5026613053842213, 2.5026613053842213, 0.7131760371059246, 4.528644395390535, 4.860362326632704, 3.10133949602244, 2.149024585617559, 0.8846153846153846, 5.07765146290076, 2.692582403567252, 2.692582403567252, 1.7692307692307692, 5.303788977211753, 1.8549814668180091, 4.841586128763827, 3.1307786807644185, 3.1307786807644185, 3.6414996080096973, 2.874111931559865, 2.653846153846154, 5.660644787326266, 3.730769230769231, 3.730769230769231, 3.1046295307717324, 5.444145894751527, 4.490897930196841, 3.894632745130954, 3.5384615384615383, 6.125415092805678, 4.427255551238977, 4.370574893902054, 6.253153196844528, 4.4230769230769225, 6.675598060657609, 5.181470171302221, 5.508288404080091, 5.03400845673934, 5.3076923076923075, 7.291885739171732, 5.971579633029226, 5.641857618004856, 7.199344232764497, 6.616626796515392, 6.227338931226206, 6.1923076923076925, 7.958936772974957, 6.785055802903961, 6.915534828141445, 8.23557053028127, 7.0769230769230775, 8.665035501178654, 7.777126158483821, 7.448737563169567, 7.6144133024697584, 7.961538461538461, 9.401387912141281, 8.289254859480199, 8.454979975761772, 8.19048952355112, 9.331887195814181, 8.969563228181544, 8.686372344330314, 8.846153846153847, 10.161419087402237, 9.303718159834439, 9.466205544479235, 10.469433958449207, 10.18272408653427, 9.73076923076923, 9.934176856815323, 10.94019514553946, 10.158579898889913, 10.661549561543783, 10.242979988912134, 10.42442511859788, 11.176700723078095, 11.429149858852044, 10.742411660517561, 11.01813996480457, 11.636125140441884, 11.232112859628527, 11.926965240370597], [8.19330077043391, 5.303788977211753, 3.48284043774516, 1.7692307692307692, 5.07765146290076, 0.8846153846153846, 7.539344532274099, 5.553531847061954, 2.6156674055260467, 0.917450803221274, 8.01508116258395, 3.0399878359638373, 8.00452904342914, 5.506585621517257, 3.012056640752393, 0.567877810008977, 5.0, 0.0, 7.500887521451542, 2.5026613053842213, 5.523460877013805, 0.7131760371059246, 0.6487737489073371, 8.038551279278419, 3.10133949602244, 5.07765146290076, 0.8846153846153846, 7.566372975210778, 2.692582403567252, 5.303788977211753, 1.7692307692307692, 5.782815598152711, 1.8549814668180091, 7.733160747581095, 3.1307786807644185, 8.261992459155042, 3.6414996080096973, 5.660644787326266, 2.653846153846154, 7.994913323686157, 3.730769230769231, 6.295929202535548, 3.1046295307717324, 8.669957567338278, 4.490897930196841, 6.125415092805678, 3.5384615384615383, 4.427255551238977, 7.007276568197302, 4.370574893902054, 6.675598060657609, 4.4230769230769225, 5.181470171302221, 9.238032319846212, 5.508288404080091, 7.291885739171732, 5.3076923076923075, 5.971579633029226, 7.863240895574765, 5.641857618004856, 9.938800237672831, 6.616626796515392, 7.958936772974957, 6.1923076923076925, 6.785055802903961, 8.8218264525685, 6.915534828141445, 8.665035501178654, 7.0769230769230775, 10.746333853225169, 7.777126158483821, 7.6144133024697584, 9.401387912141281, 7.961538461538461, 8.526581524843946, 8.454979975761772, 9.853127353048912, 8.19048952355112, 11.63843050004366, 8.969563228181544, 10.161419087402237, 8.846153846153847, 9.303718159834439, 10.936592129650325, 9.466205544479235, 12.597137366183048, 10.94019514553946, 10.18272408653427, 9.73076923076923, 10.158579898889913, 12.987249094910531, 11.615448293253877, 10.661549561543783, 10.242979988912134, 10.62063980477302, 12.058167700111973, 11.01813996480457, 10.742411660517561, 12.114657940941749, 12.85217427959778], [1.9498141316363964, 3.130778680764419, 4.878706298592793, 7.733160747581095, 2.692582403567252, 7.566372975210778, 0.8846153846153846, 2.1869029193583844, 5.07765146290076, 7.055674622507633, 0.7862899472029349, 4.540732526924747, 0.6308161333406432, 2.0366465069036503, 4.516406646226936, 7.010558393885813, 2.5026613053842213, 7.500887521451542, 0.0, 5.0, 2.0382778680536124, 7.011032496529821, 7.337825890497417, 0.8367560653985279, 4.549742928230256, 2.6156674055260467, 7.539344532274099, 0.8846153846153846, 5.07765146290076, 2.9975335028305716, 7.680182751770411, 2.6061544572149917, 7.196668747056625, 1.7692307692307687, 5.303788977211753, 2.011840362368617, 4.9038252052510485, 3.5628341221910014, 7.91794082967589, 2.6538461538461537, 5.660644787326266, 3.5629955853314477, 7.595718368995219, 3.265007606896986, 5.537172082669563, 4.2388035601218625, 8.24423772227013, 6.125415092805678, 4.675817161319146, 8.176996155440373, 4.980583602124502, 8.649058504701623, 6.675598060657609, 4.531939960028191, 6.366983571621676, 5.762816947604498, 9.121954788947248, 7.291885739171732, 5.856366348671105, 8.90488780445028, 5.803629642583239, 7.326808106417887, 6.571072521502121, 9.652926710735985, 7.9589367729749565, 7.070800491625642, 9.74660041206027, 7.396824842557737, 10.232937884668278, 7.077512723690918, 8.372047918759593, 8.665035501178654, 8.234812091208564, 10.854129637032846, 9.144899728492527, 9.401387912141281, 8.304266642736428, 10.675244469035121, 8.352585694173287, 9.474475593852583, 9.081648053131476, 11.509836287321672, 10.161419087402235, 9.549392726960283, 11.670085751772433, 9.62837583924595, 9.9350702716073, 10.61629037384411, 12.194491432682838, 10.94019514553946, 10.127734490850347, 10.311207781688804, 11.07117906625847, 12.301260338565303, 12.484277993635299, 10.802147496333513, 11.733984426977239, 12.715596349858876, 11.49048925923097, 12.11614258502708], [5.813929406858067, 3.130778680764419, 1.9498141316363964, 3.130778680764419, 2.692582403567252, 2.692582403567252, 5.07765146290076, 3.1277059290633806, 0.8846153846153846, 2.1869029193583844, 5.533376173826644, 0.7862899472029349, 5.51343168943652, 3.0245543463596154, 0.6308161333406432, 2.0366465069036503, 2.5026613053842213, 2.5026613053842213, 5.0, 0.0, 3.025653097662913, 2.0382778680536124, 2.3751787786133094, 5.540772573656243, 0.8367560653985279, 2.6156674055260467, 2.6156674055260467, 5.07765146290076, 0.8846153846153846, 2.9975335028305716, 2.9975335028305716, 3.4339541428012064, 2.6061544572149917, 5.303788977211753, 1.7692307692307687, 5.835023705492162, 2.011840362368617, 3.5628341221910014, 3.5628341221910014, 5.660644787326266, 2.6538461538461537, 4.20653509923445, 3.5629955853314477, 6.376540964590064, 3.265007606896986, 4.2388035601218625, 4.2388035601218625, 3.5384615384615388, 5.1829784994814165, 4.675817161319146, 4.980583602124502, 4.980583602124502, 4.423076923076923, 7.1090421155947805, 4.531939960028191, 5.762816947604498, 5.762816947604498, 5.307692307692307, 6.268734067564784, 5.856366348671105, 7.980107582499803, 5.803629642583239, 6.571072521502121, 6.571072521502121, 6.192307692307692, 7.415943607685635, 7.070800491625642, 7.396824842557737, 7.396824842557737, 8.949367930418708, 7.077512723690918, 7.076923076923077, 8.234812091208564, 8.234812091208564, 7.913282341644124, 7.961538461538462, 8.600049097165954, 8.304266642736428, 9.988277518096314, 8.352585694173287, 9.081648053131476, 9.081648053131476, 8.846153846153845, 9.807696031878331, 9.549392726960283, 11.077256939413076, 9.9350702716073, 9.62837583924595, 9.9350702716073, 9.73076923076923, 11.513948320066396, 10.55087702123192, 10.127734490850347, 10.311207781688804, 10.631543650335919, 11.031155448661956, 10.615384615384615, 10.802147496333513, 11.297606877170612, 12.030245010341764], [3.382051390049872, 2.332010206868373, 3.382051390049872, 5.953005258265633, 1.480169400346449, 5.673702622954605, 2.373334373699314, 1.2777777777777777, 3.2607845757398195, 5.160689493602838, 2.692582403567252, 2.692582403567252, 2.618193703988484, 0.7777777777777777, 2.618193703988484, 5.0601322385492, 0.7131760371059246, 5.523460877013805, 2.0382778680536124, 3.025653097662913, 0.0, 5.0, 5.321460335088336, 2.5153847605937267, 2.5153847605937267, 0.6256416094528124, 5.512842045939527, 2.059496550812381, 3.0399878359638373, 1.356216628880412, 5.64263445071996, 1.2777777777777777, 5.160689493602838, 2.427666405339798, 3.3005399824294592, 2.9444444444444446, 2.9444444444444446, 2.202795592609819, 5.9035843707718145, 3.0183921325466097, 3.7564199799568834, 2.5555555555555554, 5.615235008219234, 3.7785946829182113, 3.7785946829182113, 3.0708927136237087, 6.279361596419431, 4.3465971418363045, 3.833333333333333, 6.300352723811933, 3.9463330386258044, 6.75081805796524, 5.023963686016873, 4.811572982705472, 4.811572982705472, 4.825121304413851, 7.299438033322046, 5.757829823884117, 5.111111111111111, 7.150066908087187, 5.940549087145912, 5.940549087145912, 5.7057107804605485, 7.90918045756093, 6.529171938354742, 6.388888888888888, 8.112823259172352, 6.587379158331139, 8.567004387509993, 7.120003121097941, 7.120003121097941, 7.326162493269249, 7.46974441318869, 9.262671407232562, 7.947679807889358, 8.141272401312193, 7.666666666666665, 9.153020145163985, 8.328517126767776, 8.328517126767776, 8.352585694173289, 9.988277518096316, 8.969563228181544, 8.944444444444443, 10.247101366716008, 9.555071047148177, 9.235766493153092, 9.555071047148177, 10.737755012852983, 9.807696031878331, 10.038506110884805, 9.722222222222221, 10.038506110884805, 10.932593696752459, 11.164197533544504, 10.222222222222221, 10.653348166679516, 11.37953545451192, 10.75607537053232, 11.438510434306188], [7.838256923891834, 5.0436367439515575, 3.382051390049872, 2.332010206868373, 4.710721967355107, 1.480169400346449, 7.115666943399102, 5.160689493602838, 2.373334373699314, 1.2777777777777777, 7.566372975210778, 2.692582403567252, 7.540221367546509, 5.0601322385492, 2.618193703988484, 0.7777777777777777, 4.528644395390535, 0.7131760371059246, 7.011032496529821, 2.0382778680536124, 5.0, 0.0, 0.340184551441218, 7.5051422700590535, 2.5153847605937267, 4.515686816363454, 0.6256416094528124, 7.017230653385144, 2.059496550812381, 4.673256203596348, 1.356216628880412, 5.160689493602838, 1.2777777777777777, 7.133972538187645, 2.427666405339798, 7.659618338169321, 2.9444444444444446, 4.985208964809925, 2.202795592609819, 7.3559969457456456, 3.0183921325466097, 5.615235008219234, 2.5555555555555554, 8.017