totalHoles = 100;
zeroHoleID = 15;
C = [[0.0, 1.666666666666667, 3.0, 4.0, 0.75, 1.8276426832884427, 2.6100766272276377, 1.3017082793177759, 2.692582403567252, 3.640054944640259, 4.6097722286464435, 1.5, 2.242270674512285, 3.3541019662496847, 4.272001872658765, 1.9382838916021679, 3.0516389039334255, 2.25, 2.8000496027352404, 2.6352313834736494, 3.5355339059327378, 4.301162633521313, 5.1478150704935, 6.6117889827461305, 3.0, 3.4318767136623336, 4.242640687119285, 5.0, 3.355137023199566, 4.100304866714182, 3.75, 4.103690750748377, 4.0858835573770875, 4.716990566028302, 5.315072906367325, 6.020797289396148, 4.5, 4.7987266829626565, 5.408326913195984, 6.020797289396148, 4.822545432076762, 5.367727638395972, 5.0, 5.830951894845301, 6.103277807866851, 6.4031242374328485, 6.726812023536855, 5.984780868237059, 6.250408149938396, 6.5435160304546, 6.860583214335085, 6.139949477954744, 6.399138972692868, 6.685729548212127, 6.996354735991932, 5.562773089426212, 6.041522986797286, 6.519202405202649, 7.106335201775948, 6.296358682052764, 6.549361240079922, 6.829650990574937, 6.453918284615153, 6.700974647354651, 6.975174637562116, 6.612546053232632, 6.853886875789712, 7.122202279219712, 6.7721669277978656, 7.008012906520591, 7.270642674341738, 6.272018663435263, 6.932712311931024, 7.163274390947201, 7.420411039827915, 7.094119438820078, 7.319599074556263, 7.571428571428572, 7.256330803835633, 7.476920270719348, 7.723621995844558, 7.419293656902046, 7.635176380893039, 7.8769231535763335, 7.582959548237356, 7.7943104576482, 8.03126861150865, 7.747283921689284, 7.954269807044849, 8.186599303939659, 7.9122257504782185, 8.115005627017803, 8.342860200586523, 7.5, 8.077747210701755, 8.276472678623424, 8.5, 9.787175022066842, 13.992108000699028, 14.381700073274658], [1.666666666666667, 0.0, 1.333333333333333, 2.333333333333333, 1.8276426832884427, 0.75, 1.1211353372561423, 1.3017082793177759, 1.3017082793177757, 2.0883273476902775, 3.0046260628866577, 2.242270674512285, 1.5, 2.0069324297987157, 2.7738861628488727, 1.9382838916021679, 1.9382838916021676, 2.8000496027352404, 2.25, 2.6352313834736494, 2.6352313834736494, 3.100179206289712, 3.7785946829182113, 5.139714567550303, 3.4318767136623336, 3.0, 3.2829526005987013, 3.8005847503304597, 3.355137023199566, 3.355137023199566, 4.103690750748377, 3.75, 4.0858835573770875, 4.0858835573770875, 4.400126260814695, 4.901813723284247, 4.7987266829626565, 4.5, 4.693375946776241, 5.068968775248516, 4.822545432076762, 4.822545432076762, 5.270462766947299, 5.174724898753341, 5.325515102890153, 5.517648452415616, 5.74697988318889, 5.3474648029317695, 5.4935155548999255, 5.679968880659538, 5.902997528255802, 5.520575818663712, 5.662163076329384, 5.843237461911092, 6.060260503444923, 5.562773089426212, 5.562773089426212, 5.7975090436420285, 6.1869037310901955, 5.694024098196196, 5.831401526577666, 6.007376889916735, 5.867779733618805, 6.001180911754028, 6.17231769021445, 6.041816207391634, 6.171456587972855, 6.337997298087693, 6.2161099311174475, 6.342188581954205, 6.504359256867937, 6.24461310400596, 6.390639856679281, 6.51334100988971, 6.671352519875144, 6.5653871470022755, 6.684881578858073, 6.838930841636677, 6.7403348961658915, 6.856781157788616, 7.007052246068836, 6.915467890542527, 7.0290134071900905, 7.175678561069425, 7.090772404187139, 7.201554458678709, 7.344775010485245, 7.266236022938085, 7.374382636829771, 7.5143098557159425, 7.441847492680052, 7.54747821710283, 7.684254080323935, 7.68295371441074, 7.617596588017626, 7.720823214600313, 7.8545811119654525, 9.909137394151019, 13.03982172737822, 13.638181436678154], [3.0, 1.333333333333333, 0.0, 1.0, 3.092329219213245, 1.5297966458904846, 0.9013878188659973, 2.3863035105460586, 1.118033988749895, 1.118033988749895, 1.8027756377319946, 3.3541019662496847, 2.0069324297987157, 1.5, 1.8027756377319946, 2.7851291611780673, 1.8200274723201295, 3.75, 2.6153924710792023, 3.3082388735465345, 2.5495097567963922, 2.5495097567963922, 2.9154759474226504, 4.0715348043102075, 4.242640687119285, 3.2829526005987013, 3.0, 3.1622776601683795, 3.906013881752655, 3.2882366094914763, 4.802343178074636, 3.979984645419851, 4.549114687985393, 4.031128874149275, 4.031128874149275, 4.272001872658765, 5.408326913195984, 4.693375946776241, 4.5, 4.6097722286464435, 5.220818369225695, 4.7762432936357, 5.830951894845301, 5.0, 5.024937810560445, 5.0990195135927845, 5.220153254455275, 5.178571428571429, 5.202653365429637, 5.274239475110732, 5.391437845400458, 5.357142857142857, 5.380425595790423, 5.449677017203563, 5.5631807081773585, 5.9113826169894, 5.522680508593631, 5.522680508593631, 5.70087712549569, 5.535714285714286, 5.558249063604583, 5.625311782742466, 5.714285714285714, 5.736119003689672, 5.801125858356272, 5.892857142857143, 5.91403122295803, 5.977103421066299, 6.071428571428571, 6.091982017205827, 6.1532304440805055, 6.536112956652225, 6.25, 6.269968101992227, 6.329494450586082, 6.428571428571429, 6.447986554905717, 6.505884306706115, 6.607142857142858, 6.626034767090638, 6.682390046584671, 6.785714285714286, 6.80411040234849, 6.8590027239641, 6.964285714285714, 6.982211362469922, 7.035714285714286, 7.142857142857142, 7.160335757718719, 7.212517463636764, 7.321428571428571, 7.3384818815972155, 7.389405681550486, 8.077747210701755, 7.5, 7.516648189186454, 7.566372975210778, 10.203566586396953, 12.387220922574544, 13.165612390673367], [4.0, 2.333333333333333, 1.0, 0.0, 4.0697051490249265, 2.4509068616421232, 1.6770509831248424, 3.3208098075285455, 1.8027756377319946, 1.118033988749895, 1.118033988749895, 4.272001872658765, 2.7738861628488727, 1.8027756377319946, 1.5, 3.6180488910154014, 2.3048861143232218, 4.589389937671455, 3.2414417231294537, 4.034572812303401, 2.9154759474226504, 2.5495097567963922, 2.5495097567963922, 3.395773309006081, 5.0, 3.8005847503304597, 3.1622776601683795, 3.0, 4.53765113002066, 3.5794552658190883, 5.482928049865327, 4.416666666666666, 5.101742621671322, 4.272001872658765, 4.031128874149275, 4.031128874149275, 6.020797289396148, 5.068968775248516, 4.6097722286464435, 4.5, 5.708789519484649, 4.981214711292819, 6.4031242374328485, 5.0990195135927845, 5.024937810560445, 5.0, 5.024937810560445, 5.274239475110732, 5.202653365429637, 5.178571428571429, 5.202653365429637, 5.449677017203563, 5.380425595790423, 5.357142857142857, 5.380425595790423, 6.346477588219924, 5.70087712549569, 5.522680508593631, 5.522680508593631, 5.625311782742466, 5.558249063604583, 5.535714285714286, 5.801125858356272, 5.736119003689672, 5.714285714285714, 5.977103421066299, 5.91403122295803, 5.892857142857143, 6.1532304440805055, 6.091982017205827, 6.071428571428571, 6.917245892549725, 6.329494450586082, 6.269968101992227, 6.25, 6.505884306706115, 6.447986554905717, 6.428571428571429, 6.682390046584671, 6.626034767090638, 6.607142857142858, 6.8590027239641, 6.80411040234849, 6.785714285714286, 7.035714285714286, 6.982211362469922, 6.964285714285714, 7.212517463636764, 7.160335757718719, 7.142857142857142, 7.389405681550486, 7.3384818815972155, 7.321428571428571, 8.5, 7.566372975210778, 7.516648189186454, 7.5, 10.530310052725202, 11.97210483353489, 12.890566337289453], [0.75, 1.8276426832884427, 3.092329219213245, 4.0697051490249265, 0.0, 1.666666666666667, 2.5, 0.8700255424092126, 2.5124689052802225, 3.5089172119045497, 4.5069390943299865, 0.75, 1.8276426832884427, 3.092329219213245, 4.0697051490249265, 1.3017082793177759, 2.692582403567252, 1.5, 2.242270674512285, 1.9382838916021679, 3.0516389039334255, 3.913118960624632, 4.828301978956992, 6.339338281876272, 2.25, 2.8000496027352404, 3.75, 4.589389937671455, 2.6352313834736494, 3.5355339059327378, 3.0, 3.4318767136623336, 3.355137023199566, 4.100304866714182, 4.7762432936357, 5.55090082779363, 3.75, 4.103690750748377, 4.802343178074636, 5.482928049865327, 4.0858835573770875, 4.716990566028302, 4.25, 5.202163011671203, 5.50567888638631, 5.836308764964376, 6.189709201569974, 5.349041493385444, 5.644665171465814, 5.967599592630121, 6.313655430727843, 5.497796404571785, 5.785824513941158, 6.10129210136037, 6.440168111635164, 4.822545432076762, 5.367727638395972, 5.900211860602973, 6.5431261641512, 5.648279492419775, 5.929001705556323, 6.237231855918921, 5.800356252253928, 6.074054054176767, 6.3752751041081535, 5.95390456690706, 6.220850391372287, 6.515288143423646, 6.108813472419691, 6.369270134074729, 6.657146689146659, 5.531554662644772, 6.264982043070834, 6.519202405202649, 6.800735254367722, 6.4223183874195895, 6.670545215301951, 6.945946549563116, 6.580738746446299, 6.823204705193858, 7.092680907032235, 6.740166684791668, 6.977094448176512, 7.240845733667823, 6.900532366330551, 7.132134809352352, 7.390354994097071, 7.061771905759884, 7.288252359035024, 7.541128725129918, 7.223826788440303, 7.44537933683622, 7.69309258162072, 6.75, 7.386643351347079, 7.603453162872775, 7.846177413237608, 9.037228846048912, 13.406512899542193, 13.73394424376876], [1.8276426832884427, 0.75, 1.5297966458904846, 2.4509068616421232, 1.666666666666667, 0.0, 0.833333333333333, 0.8700255424092126, 0.8700255424092123, 1.8503002759312095, 2.8443413609793353, 1.8276426832884427, 0.75, 1.5297966458904846, 2.4509068616421232, 1.3017082793177759, 1.3017082793177757, 2.242270674512285, 1.5, 1.9382838916021679, 1.9382838916021676, 2.534484387624258, 3.330206867114681, 4.784153230780522, 2.8000496027352404, 2.25, 2.6153924710792023, 3.2414417231294537, 2.6352313834736494, 2.6352313834736494, 3.4318767136623336, 3.0, 3.355137023199566, 3.355137023199566, 3.7314355295396853, 4.311644440092176, 4.103690750748377, 3.75, 3.979984645419851, 4.416666666666666, 4.0858835573770875, 4.0858835573770875, 4.565115308267446, 4.454242671630922, 4.628564692332938, 4.848396069262952, 5.107864306907318, 4.624934883405059, 4.793052890285095, 5.005665724197295, 5.257377927801745, 4.796200901119575, 4.958515545728737, 5.16432084117233, 5.408654461499664, 4.822545432076762, 4.822545432076762, 5.091523456796709, 5.530847835348372, 4.967981381030687, 5.1248582746843745, 5.3242375669136175, 5.140224745168153, 5.291998088073383, 5.485305560997096, 5.312885973707183, 5.459861784234822, 5.647426319685914, 5.485925611835627, 5.628384595239334, 5.810511723184178, 5.500461043409889, 5.659308948783215, 5.7975090436420285, 5.97448277631164, 5.833005335773793, 5.967183974078465, 6.139268516185963, 6.006987616664228, 6.1373637304701685, 6.304805063871844, 6.181231650452302, 6.308007454805885, 6.471034800031596, 6.355715909050159, 6.479078487708466, 6.637905647357452, 6.530421137013858, 6.650543854459626, 6.8053704449812304, 6.705330062507403, 6.822373822981181, 6.973386402160158, 6.952717294538717, 6.880427150822671, 6.994541522581098, 7.1419146203552755, 9.169171947316261, 12.409369544991822, 12.953297664806188], [2.6100766272276377, 1.1211353372561423, 0.9013878188659973, 1.6770509831248424, 2.5, 0.833333333333333, 0.0, 1.6853123680130568, 0.25, 1.0307764064044151, 2.0155644370746373, 2.6100766272276377, 1.1211353372561423, 0.9013878188659973, 1.6770509831248424, 1.9436506316151, 1.0, 2.9154759474226504, 1.7159383568311666, 2.4166666666666665, 1.75, 2.0155644370746373, 2.6575364531836625, 4.040038565494627, 3.3634060117684275, 2.399363341481328, 2.3048861143232218, 2.704163456597992, 3.0046260628866577, 2.5, 3.905124837953327, 3.1135902820449006, 3.6524345001351874, 3.25, 3.400367627183861, 3.816084380618437, 4.5069390943299865, 3.84147685720537, 3.783186487605389, 4.038873605350878, 4.333333333333333, 4.0, 4.930770730829005, 4.2793106921559225, 4.366062299143245, 4.5069390943299865, 4.697073557013984, 4.456707854230428, 4.540071023448773, 4.675707956872326, 4.859243243341414, 4.634195216660865, 4.71442099373003, 4.845179594826433, 5.022525789493016, 5.033912770179652, 4.75, 4.8541219597369, 5.153882032022076, 4.811762798028369, 4.889075702470743, 5.015282766154845, 4.989402033616977, 5.064003618981846, 5.185955326944229, 5.167105533259093, 5.239177377397786, 5.357142857142858, 5.3448668870998395, 5.414573117136412, 5.5287975221395405, 5.671586407304792, 5.522680508593631, 5.5901699437494745, 5.70087712549569, 5.70054150668055, 5.765949485504339, 5.873344317285319, 5.878445581017111, 5.941895526595835, 6.046165929659853, 6.056388935560158, 6.117993702086944, 6.219312416881428, 6.234368206865513, 6.2942312428743445, 6.392757381504127, 6.412380404263271, 6.470596761426227, 6.566477171892063, 6.590422859679624, 6.64708007093248, 6.740450539050617, 7.198090024443984, 6.768493185340442, 6.823672031978091, 6.914658342969665, 9.346558298356742, 11.966817372501074, 12.627533475602783], [1.3017082793177759, 1.3017082793177759, 2.3863035105460586, 3.3208098075285455, 0.8700255424092126, 0.8700255424092126, 1.6853123680130568, 0.0, 1.6666666666666665, 2.6666666666666665, 3.6666666666666665, 0.9718253158075502, 0.9718253158075502, 2.223610677354389, 3.2058973436118907, 0.75, 1.8276426832884423, 1.5023130314433288, 1.5023130314433288, 1.5, 2.2422706745122847, 3.0595932917809696, 3.9616214413349042, 5.4696471838635725, 2.1666666666666665, 2.1666666666666665, 2.948634335492355, 3.745367509040705, 2.25, 2.8000496027352404, 2.873489941594445, 2.873489941594445, 3.0, 3.431876713662333, 4.013864859597431, 4.737556801183965, 3.5978388574871505, 3.5978388574871505, 4.1163630117428225, 4.719934086168766, 3.75, 4.103690750748377, 4.0858835573770875, 4.549114687985393, 4.8074017006186525, 5.101742621671322, 5.426273532033235, 4.70689957701648, 4.956971887633072, 5.242922559169767, 5.559217897161247, 4.866121486563551, 5.108405327366078, 5.386322646790553, 5.694658753779322, 4.5, 4.7987266829626565, 5.230784942158405, 5.804691589089333, 5.026643863063813, 5.261541142359695, 5.5317702283636505, 5.188346002375209, 5.4162349383154975, 5.679107991022547, 5.351120954048096, 5.5723569637559365, 5.828192584171009, 5.5148737247145085, 5.729790473151104, 5.978893336804045, 5.202765243978721, 5.679519737129579, 5.888430275643171, 6.131091075638803, 5.8449835072091085, 6.0481814511647345, 6.28467704284634, 6.011197506724647, 6.208958216280673, 6.439551909736108, 6.1781011840502265, 6.370682923127588, 6.595624881214527, 6.345640119489688, 6.533285176137941, 6.752812884969525, 6.513765295280101, 6.696701052657355, 6.9110398389337035, 6.6824324634161405, 6.86087241499101, 7.070235990506346, 6.553201083779166, 6.851601597031489, 7.025746302785998, 7.230337321161287, 8.816030968126968, 12.691371470854712, 13.103031601961703], [2.692582403567252, 1.3017082793177757, 1.118033988749895, 1.8027756377319946, 2.5124689052802225, 0.8700255424092123, 0.25, 1.6666666666666665, 0.0, 1.0, 2.0, 2.5495097567963922, 0.9718253158075498, 0.7071067811865476, 1.5811388300841898, 1.8276426832884423, 0.75, 2.7950849718747373, 1.5023130314433286, 2.2422706745122847, 1.5, 1.8027756377319946, 2.5, 3.9237393360479733, 3.2015621187164243, 2.1666666666666665, 2.0615528128088303, 2.5, 2.8000496027352404, 2.25, 3.7165171868296265, 2.873489941594445, 3.431876713662333, 3.0, 3.1622776601683795, 3.605551275463989, 4.301162633521313, 3.5978388574871505, 3.5355339059327378, 3.8078865529319543, 4.103690750748377, 3.75, 4.716990566028302, 4.031128874149275, 4.123105625617661, 4.272001872658765, 4.47213595499958, 4.208379638729552, 4.296563648274453, 4.439646290378714, 4.632543489668874, 4.385737552288214, 4.470424350948242, 4.608111747511232, 4.794235484157095, 4.7987266829626565, 4.5, 4.6097722286464435, 4.924428900898052, 4.563190121135942, 4.64464251386828, 4.777311386295921, 4.740726716012891, 4.819179369552286, 4.9471698774065125, 4.9183382376986, 4.994001503845205, 5.117621617549324, 5.096016851924848, 5.169079971823036, 5.28860924583222, 5.431714155400063, 5.273755777432247, 5.344389581607987, 5.460082416960389, 5.451549115169196, 5.519908310389045, 5.631996782234703, 5.629391709626198, 5.695616825279608, 5.804313139416943, 5.807279035479384, 5.87149808787488, 5.97699672042058, 5.9852071043225115, 6.047537026065459, 6.150016591980274, 6.163172387460132, 6.223720260226275, 6.323345149329666, 6.341171751630251, 6.400035873623949, 6.496957686769513, 6.96419413859206, 6.519202405202649, 6.576473218982953, 6.670832032063167, 9.105074892187567, 11.7518744023063, 12.39491471700831], [3.640054944640259, 2.0883273476902775, 1.118033988749895, 1.118033988749895, 3.5089172119045497, 1.8503002759312095, 1.0307764064044151, 2.6666666666666665, 1.0, 0.0, 1.0, 3.5355339059327378, 1.9002923751652296, 0.7071067811865476, 0.7071067811865476, 2.7701283564324437, 1.25, 3.7165171868296265, 2.2189211592823908, 3.0595932917809696, 1.8027756377319946, 1.5, 1.8027756377319946, 3.0577133745168035, 4.031128874149275, 2.7131367660166177, 2.0615528128088303, 2.0615528128088303, 3.48907023590972, 2.462214450449026, 4.451123453691214, 3.3050886691753236, 4.013864859597431, 3.1622776601683795, 3.0, 3.1622776601683795, 4.949747468305833, 3.9510898637098992, 3.5355339059327378, 3.5355339059327378, 4.601479230759508, 3.881043674065006, 5.315072906367325, 4.031128874149275, 4.0, 4.031128874149275, 4.123105625617661, 4.208379638729552, 4.178571428571429, 4.208379638729552, 4.296563648274453, 4.385737552288214, 4.357142857142857, 4.385737552288214, 4.470424350948242, 5.230784942158405, 4.6097722286464435, 4.5, 4.6097722286464435, 4.563190121135942, 4.535714285714286, 4.563190121135942, 4.740726716012891, 4.714285714285714, 4.740726716012891, 4.9183382376986, 4.892857142857143, 4.9183382376986, 5.096016851924848, 5.071428571428571, 5.096016851924848, 5.799227260752278, 5.273755777432247, 5.25, 5.273755777432247, 5.451549115169196, 5.428571428571429, 5.451549115169196, 5.629391709626198, 5.607142857142858, 5.629391709626198, 5.807279035479384, 5.785714285714286, 5.807279035479384, 5.9852071043225115, 5.964285714285714, 5.9852071043225115, 6.163172387460132, 6.142857142857142, 6.163172387460132, 6.341171751630251, 6.321428571428571, 6.341171751630251, 7.3824115301167, 6.519202405202649, 6.5, 6.519202405202649, 9.416849128866488, 11.26918825506358, 12.060980959959979], [4.6097722286464435, 3.0046260628866577, 1.8027756377319946, 1.118033988749895, 4.5069390943299865, 2.8443413609793353, 2.0155644370746373, 3.6666666666666665, 2.0, 1.0, 0.0, 4.527692569068709, 2.877112750272011, 1.5811388300841898, 0.7071067811865476, 3.7425852621476032, 2.1360009363293826, 4.670385423067351, 3.0968173626770077, 3.9616214413349042, 2.5, 1.8027756377319946, 1.5, 2.3029311288329244, 4.924428900898052, 3.4681086744474685, 2.5, 2.0615528128088303, 4.301969833046769, 3.010398644698074, 5.273755777432247, 3.948452580160711, 4.737556801183965, 3.605551275463989, 3.1622776601683795, 3.0, 5.70087712549569, 4.503085362035432, 3.8078865529319543, 3.5355339059327378, 5.244706325853188, 4.25, 6.020797289396148, 4.272001872658765, 4.123105625617661, 4.031128874149275, 4.0, 4.439646290378714, 4.296563648274453, 4.208379638729552, 4.178571428571429, 4.608111747511232, 4.470424350948242, 4.385737552288214, 4.357142857142857, 5.804691589089333, 4.924428900898052, 4.6097722286464435, 4.5, 4.777311386295921, 4.64464251386828, 4.563190121135942, 4.9471698774065125, 4.819179369552286, 4.740726716012891, 5.117621617549324, 4.994001503845205, 4.9183382376986, 5.28860924583222, 5.169079971823036, 5.096016851924848, 6.305438523824598, 5.460082416960389, 5.344389581607987, 5.273755777432247, 5.631996782234703, 5.519908310389045, 5.451549115169196, 5.804313139416943, 5.695616825279608, 5.629391709626198, 5.97699672042058, 5.87149808787488, 5.807279035479384, 6.150016591980274, 6.047537026065459, 5.9852071043225115, 6.323345149329666, 6.223720260226275, 6.163172387460132, 6.496957686769513, 6.400035873623949, 6.341171751630251, 7.905694150420948, 6.670832032063167, 6.576473218982953, 6.519202405202649, 9.820982956879755, 10.857377947209164, 11.802568050688167], [1.5, 2.242270674512285, 3.3541019662496847, 4.272001872658765, 0.75, 1.8276426832884427, 2.6100766272276377, 0.9718253158075502, 2.5495097567963922, 3.5355339059327378, 4.527692569068709, 0.0, 1.666666666666667, 3.0, 4.0, 0.8700255424092126, 2.5124689052802225, 0.75, 1.8276426832884427, 1.3017082793177759, 2.692582403567252, 3.640054944640259, 4.6097722286464435, 6.146841965738254, 1.5, 2.242270674512285, 3.3541019662496847, 4.272001872658765, 1.9382838916021679, 3.0516389039334255, 2.25, 2.8000496027352404, 2.6352313834736494, 3.5355339059327378, 4.301162633521313, 5.1478150704935, 3.0, 3.4318767136623336, 4.242640687119285, 5.0, 3.355137023199566, 4.100304866714182, 3.5, 4.6097722286464435, 4.949747468305833, 5.315072906367325, 5.70087712549569, 4.746776564691247, 5.077586804290207, 5.434324958548397, 5.812218832348111, 4.886466107567734, 5.208411564038326, 5.5567572396504925, 5.926850008259713, 4.0858835573770875, 4.716990566028302, 5.315072906367325, 6.020797289396148, 5.028617085831687, 5.34200241444333, 5.682164182414863, 5.173026588142831, 5.478156996804003, 5.810353180455785, 5.319510680274176, 5.616688871350364, 5.941144155594192, 5.467902631144182, 5.7574264375390385, 6.07436903584837, 4.794056305173519, 5.618051263561058, 5.900211860602973, 6.209871174187111, 5.76981943621554, 6.044900026181626, 6.347504732296827, 5.923082657136005, 6.191357537993208, 6.4871340485044175, 6.077727824623613, 6.339461768179069, 6.628633004640103, 6.2336520890523675, 6.489099965892569, 6.771884402981709, 6.390761827411023, 6.640168426681199, 6.916779361429268, 6.548971721747232, 6.792571723010726, 7.063216732639945, 6.0, 6.708203932499369, 6.946221994724902, 7.211102550927978, 8.287292411828364, 12.838032946988283, 13.097104717618695], [2.242270674512285, 1.5, 2.0069324297987157, 2.7738861628488727, 1.8276426832884427, 0.75, 1.1211353372561423, 0.9718253158075502, 0.9718253158075498, 1.9002923751652296, 2.877112750272011, 1.666666666666667, 0.0, 1.333333333333333, 2.333333333333333, 0.8700255424092126, 0.8700255424092123, 1.8276426832884427, 0.75, 1.3017082793177759, 1.3017082793177757, 2.0883273476902775, 3.0046260628866577, 4.525989221737786, 2.242270674512285, 1.5, 2.0069324297987157, 2.7738861628488727, 1.9382838916021679, 1.9382838916021676, 2.8000496027352404, 2.25, 2.6352313834736494, 2.6352313834736494, 3.100179206289712, 3.7785946829182113, 3.4318767136623336, 3.0, 3.2829526005987013, 3.8005847503304597, 3.355137023199566, 3.355137023199566, 3.8765677832043357, 3.745367509040705, 3.9510898637098992, 4.206476488041321, 4.503085362035432, 3.912756768939237, 4.110109349666156, 4.35618321464404, 4.643238690061046, 4.081094068774443, 4.270674669360717, 4.507992398490996, 4.7859511905352665, 4.0858835573770875, 4.0858835573770875, 4.400126260814695, 4.901813723284247, 4.250266765003833, 4.432617839046073, 4.66169864323755, 4.420178939750113, 4.595793206046565, 4.817120356195919, 4.590748485304853, 4.760074052854865, 4.974096734282061, 4.761904761904762, 4.925349763700501, 5.132485131797062, 4.7581457061986505, 4.9335867052052285, 5.091523456796709, 5.292158769769142, 5.1057412884231015, 5.258510001667937, 5.453004747015636, 5.278322265743452, 5.426234354907317, 5.614922315376211, 5.451289140009165, 5.594630159475709, 5.777821384799683, 5.624606310234052, 5.763638562441095, 5.941621227559982, 5.798242364067895, 5.933207214130059, 6.106249354484167, 5.972169487717397, 6.10328941828552, 6.2716405394991614, 6.227180564089801, 6.146362971528592, 6.27384340823957, 6.437735971942655, 8.430980044024592, 11.792919669298861, 12.276027365821331], [3.3541019662496847, 2.0069324297987157, 1.5, 1.8027756377319946, 3.092329219213245, 1.5297966458904846, 0.9013878188659973, 2.223610677354389, 0.7071067811865476, 0.7071067811865476, 1.5811388300841898, 3.0, 1.333333333333333, 0.0, 1.0, 2.1810420547170666, 0.5590169943749475, 3.092329219213245, 1.5297966458904846, 2.3863035105460586, 1.118033988749895, 1.118033988749895, 1.8027756377319946, 3.262714860680775, 3.3541019662496847, 2.0069324297987157, 1.5, 1.8027756377319946, 2.7851291611780673, 1.8200274723201295, 3.75, 2.6153924710792023, 3.3082388735465345, 2.5495097567963922, 2.5495097567963922, 2.9154759474226504, 4.242640687119285, 3.2829526005987013, 3.0, 3.1622776601683795, 3.906013881752655, 3.2882366094914763, 4.6097722286464435, 3.5, 3.5355339059327378, 3.640054944640259, 3.8078865529319543, 3.678571428571429, 3.7123964975608468, 3.8120713208309787, 3.972642414703599, 3.8571428571428568, 3.889415254303423, 3.984664480280386, 4.138544553391707, 4.549114687985393, 4.031128874149275, 4.031128874149275, 4.272001872658765, 4.035714285714286, 4.066569782497083, 4.157762594944349, 4.214285714285714, 4.243843079289414, 4.331305124513009, 4.392857142857143, 4.421220858264268, 4.50524071249817, 4.571428571428571, 4.598691029377106, 4.679525529759771, 5.134737610122917, 4.75, 4.7762432936357, 4.8541219597369, 4.928571428571429, 4.953868824114201, 5.028997546880553, 5.107142857142858, 5.131560012634103, 5.204124149486185, 5.285714285714286, 5.309310266899466, 5.379477252503637, 5.464285714285714, 5.487113846763792, 5.555035406489048, 5.642857142857142, 5.664965731113814, 5.73077976672406, 5.821428571428571, 5.842861508905109, 5.9066937124117835, 6.708203932499369, 6.0, 6.020797289396148, 6.082762530298219, 8.775146248901796, 11.067034193016639, 11.748795879071766], [4.272001872658765, 2.7738861628488727, 1.8027756377319946, 1.5, 4.0697051490249265, 2.4509068616421232, 1.6770509831248424, 3.2058973436118907, 1.5811388300841898, 0.7071067811865476, 0.7071067811865476, 4.0, 2.333333333333333, 1.0, 0.0, 3.176519758757653, 1.5206906325745548, 4.0697051490249265, 2.4509068616421232, 3.3208098075285455, 1.8027756377319946, 1.118033988749895, 1.118033988749895, 2.3662605447321132, 4.272001872658765, 2.7738861628488727, 1.8027756377319946, 1.5, 3.6180488910154014, 2.3048861143232218, 4.589389937671455, 3.2414417231294537, 4.034572812303401, 2.9154759474226504, 2.5495097567963922, 2.5495097567963922, 5.0, 3.8005847503304597, 3.1622776601683795, 3.0, 4.53765113002066, 3.5794552658190883, 5.315072906367325, 3.640054944640259, 3.5355339059327378, 3.5, 3.5355339059327378, 3.8120713208309787, 3.7123964975608468, 3.678571428571429, 3.7123964975608468, 3.984664480280386, 3.889415254303423, 3.8571428571428568, 3.889415254303423, 5.101742621671322, 4.272001872658765, 4.031128874149275, 4.031128874149275, 4.157762594944349, 4.066569782497083, 4.035714285714286, 4.331305124513009, 4.243843079289414, 4.214285714285714, 4.50524071249817, 4.421220858264268, 4.392857142857143, 4.679525529759771, 4.598691029377106, 4.571428571428571, 5.611866755429047, 4.8541219597369, 4.7762432936357, 4.75, 5.028997546880553, 4.953868824114201, 4.928571428571429, 5.204124149486185, 5.131560012634103, 5.107142857142858, 5.379477252503637, 5.309310266899466, 5.285714285714286, 5.555035406489048, 5.487113846763792, 5.464285714285714, 5.73077976672406, 5.664965731113814, 5.642857142857142, 5.9066937124117835, 5.842861508905109, 5.821428571428571, 7.211102550927978, 6.082762530298219, 6.020797289396148, 6.0, 9.15302411299699, 10.600344229782369, 11.439735813501187], [1.9382838916021679, 1.9382838916021679, 2.7851291611780673, 3.6180488910154014, 1.3017082793177759, 1.3017082793177759, 1.9436506316151, 0.75, 1.8276426832884423, 2.7701283564324437, 3.7425852621476032, 0.8700255424092126, 0.8700255424092126, 2.1810420547170666, 3.176519758757653, 0.0, 1.6666666666666665, 0.9718253158075502, 0.9718253158075502, 0.75, 1.8276426832884423, 2.7701283564324437, 3.7425852621476032, 5.280956032353007, 1.5023130314433288, 1.5023130314433288, 2.5013885033006056, 3.404449702635916, 1.5, 2.2422706745122847, 2.1666666666666665, 2.1666666666666665, 2.25, 2.8000496027352404, 3.48907023590972, 4.301969833046769, 2.873489941594445, 2.873489941594445, 3.5009919229333337, 4.1940765107205396, 3.0, 3.431876713662333, 3.355137023199566, 3.906013881752655, 4.203999418543146, 4.53765113002066, 4.899688198696366, 4.05580404916963, 4.343525428949097, 4.667213281883966, 5.019914987851963, 4.207840780766446, 4.485821073443282, 4.799922642044819, 5.143532252866815, 3.75, 4.103690750748377, 4.601479230759508, 5.244706325853188, 4.361889166118927, 4.630631033042077, 4.935525344969773, 4.517743426638374, 4.777726691178652, 5.073789412487236, 4.67522296265824, 4.926903329398047, 5.214503148325853, 4.834168940200955, 5.077977551060096, 5.3574735347677604, 4.4529366776656305, 4.994441354590566, 5.230784942158405, 5.50252467307306, 5.155916509864114, 5.385177965801689, 5.649496295248159, 5.31848485747006, 5.54102407915766, 5.798242364067895, 5.482049143503858, 5.6982040572848955, 5.948629770386178, 5.646522819811191, 5.856610506198547, 6.100537131104265, 5.811828680175435, 6.016146546949835, 6.253853687211037, 5.977897688232465, 6.176724652891831, 6.408478298653152, 5.810072671184453, 6.1446679686085925, 6.338265623268807, 6.56431853110266, 8.068773905263622, 12.104809442266752, 12.44899050748003], [3.0516389039334255, 1.9382838916021676, 1.8200274723201295, 2.3048861143232218, 2.692582403567252, 1.3017082793177757, 1.0, 1.8276426832884423, 0.75, 1.25, 2.1360009363293826, 2.5124689052802225, 0.8700255424092123, 0.5590169943749475, 1.5206906325745548, 1.6666666666666665, 0.0, 2.5495097567963922, 0.9718253158075498, 1.8276426832884423, 0.75, 1.25, 2.1360009363293826, 3.6561163379943333, 2.7950849718747373, 1.5023130314433286, 1.346291201783626, 1.9525624189766635, 2.2422706745122847, 1.5, 3.2015621187164243, 2.1666666666666665, 2.8000496027352404, 2.25, 2.462214450449026, 3.010398644698074, 3.7165171868296265, 2.873489941594445, 2.7950849718747373, 3.132491021535417, 3.431876713662333, 3.0, 4.100304866714182, 3.2882366094914763, 3.400367627183861, 3.5794552658190883, 3.816084380618437, 3.4648379530385442, 3.5714285714285716, 3.7423391135513535, 3.969269711271373, 3.641631446458679, 3.7431910974243263, 3.9065943725752654, 4.124497495675896, 4.103690750748377, 3.75, 3.881043674065006, 4.25, 3.8185904013210457, 3.915562878190213, 4.072055089639778, 3.995692834101465, 4.088466855006874, 4.238580095325532, 4.172920476851009, 4.2618382543360855, 4.4060487180831815, 4.35025802659557, 4.435622267276507, 4.574357320756565, 4.718410488429369, 4.527692569068709, 4.6097722286464435, 4.743416490252569, 4.705213131436758, 4.784248176280668, 4.91314874721343, 4.882810331632172, 4.959015702202795, 5.083486671045168, 5.060476100857205, 5.134045029735027, 5.254371357959669, 5.238203462085458, 5.309310266899466, 5.425751147095126, 5.415986351835214, 5.484788798419252, 5.597580563356395, 5.5938194756830155, 5.660460787473985, 5.76981943621554, 6.269968101992227, 5.771698190307598, 5.836308764964376, 5.942432162002357, 8.383620882150735, 11.115846966828368, 11.701360533511904], [2.25, 2.8000496027352404, 3.75, 4.589389937671455, 1.5, 2.242270674512285, 2.9154759474226504, 1.5023130314433288, 2.7950849718747373, 3.7165171868296265, 4.670385423067351, 0.75, 1.8276426832884427, 3.092329219213245, 4.0697051490249265, 0.9718253158075502, 2.5495097567963922, 0.0, 1.666666666666667, 0.8700255424092126, 2.5124689052802225, 3.5089172119045497, 4.5069390943299865, 6.0419469090236, 0.75, 1.8276426832884427, 3.092329219213245, 4.0697051490249265, 1.3017082793177759, 2.692582403567252, 1.5, 2.242270674512285, 1.9382838916021679, 3.0516389039334255, 3.913118960624632, 4.828301978956992, 2.25, 2.8000496027352404, 3.75, 4.589389937671455, 2.6352313834736494, 3.5355339059327378, 2.75, 4.0697051490249265, 4.451123453691214, 4.8541219597369, 5.273755777432247, 4.192437311665483, 4.5636093842752254, 4.9574721998458955, 5.369034420847467, 4.319066650874222, 4.680206911525801, 5.065011030066358, 5.468485780789219, 3.355137023199566, 4.100304866714182, 4.7762432936357, 5.55090082779363, 4.44926042925641, 4.800616457013301, 5.176477409140982, 4.582714862415518, 4.924558407634545, 5.2916231451421485, 4.7191533311882665, 5.05177277431055, 5.410213319571171, 4.858324436112785, 5.182018557138773, 5.532026421351457, 4.061139584958984, 5.0, 5.315072906367325, 5.656854249492381, 5.143973093210487, 5.450730151426822, 5.784501636586636, 5.290056131795865, 5.588800754862444, 5.91478603818862, 5.438079080119436, 5.729110234725167, 6.047537026065458, 5.587887775887985, 5.87149808787488, 6.182595716680686, 5.739342385710071, 6.01581673760165, 6.319814160274665, 5.892315992468669, 6.161930521768485, 6.459054710644742, 5.25, 6.046693311223912, 6.309714732061981, 6.600189391222043, 7.5373686272091955, 12.289043566133293, 12.472853702244354], [2.8000496027352404, 2.25, 2.6153924710792023, 3.2414417231294537, 2.242270674512285, 1.5, 1.7159383568311666, 1.5023130314433288, 1.5023130314433286, 2.2189211592823908, 3.0968173626770077, 1.8276426832884427, 0.75, 1.5297966458904846, 2.4509068616421232, 0.9718253158075502, 0.9718253158075498, 1.666666666666667, 0.0, 0.8700255424092126, 0.8700255424092123, 1.8503002759312095, 2.8443413609793353, 4.382469022706894, 1.8276426832884427, 0.75, 1.5297966458904846, 2.4509068616421232, 1.3017082793177759, 1.3017082793177757, 2.242270674512285, 1.5, 1.9382838916021679, 1.9382838916021676, 2.534484387624258, 3.330206867114681, 2.8000496027352404, 2.25, 2.6153924710792023, 3.2414417231294537, 2.6352313834736494, 2.6352313834736494, 3.2156302302624566, 3.056186803482041, 3.3050886691753236, 3.6065141680637334, 3.948452580160711, 3.217811117828807, 3.455089249694718, 3.744459247566909, 4.074838449561243, 3.3811410074812986, 3.6076928702156708, 3.8857150151726665, 4.205010643562231, 3.355137023199566, 3.355137023199566, 3.7314355295396853, 4.311644440092176, 3.545940798310755, 3.762582820146029, 4.02993335078775, 3.7120147208735395, 3.9194880560240506, 4.176807387784182, 3.8791991365542304, 4.078175973934477, 4.326066643928379, 4.047356434057716, 4.238446347146761, 4.477472587406321, 4.018685037765899, 4.216370213557839, 4.400126260814695, 4.630814663149935, 4.386141466192267, 4.563065887622551, 4.785906771774594, 4.556585525953485, 4.727134966199096, 4.942584174497736, 4.727629623755485, 4.892219863491803, 5.100700787742513, 4.899210913371269, 5.058221120812086, 5.260126827402816, 5.071274869121761, 5.225051399892567, 5.420746762656655, 5.243773978050524, 5.392633759696012, 5.582457541222009, 5.508200956553581, 5.416666666666667, 5.560900206900957, 5.745167051047727, 7.695072111814831, 11.192785897572659, 11.607703277553014], [2.6352313834736494, 2.6352313834736494, 3.3082388735465345, 4.034572812303401, 1.9382838916021679, 1.9382838916021679, 2.4166666666666665, 1.5, 2.2422706745122847, 3.0595932917809696, 3.9616214413349042, 1.3017082793177759, 1.3017082793177759, 2.3863035105460586, 3.3208098075285455, 0.75, 1.8276426832884423, 0.8700255424092126, 0.8700255424092126, 0.0, 1.6666666666666665, 2.6666666666666665, 3.6666666666666665, 5.194704314524988, 0.9718253158075502, 0.9718253158075502, 2.223610677354389, 3.2058973436118907, 0.75, 1.8276426832884423, 1.5023130314433288, 1.5023130314433288, 1.5, 2.2422706745122847, 3.0595932917809696, 3.9616214413349042, 2.1666666666666665, 2.1666666666666665, 2.948634335492355, 3.745367509040705, 2.25, 2.8000496027352404, 2.6352313834736494, 3.3082388735465345, 3.655285366576885, 4.034572812303401, 4.437842318564782, 3.4451689860446075, 3.7796634782835223, 4.1475923950813876, 4.5408357537356085, 3.585764876643042, 3.9082446721301314, 4.265095905592303, 4.648409378547343, 3.0, 3.431876713662333, 4.013864859597431, 4.737556801183965, 3.729611999784192, 4.0406277155413495, 4.386723036877023, 3.876348423130417, 4.17645109682519, 4.512140338114386, 4.025658211557606, 4.315389982718577, 4.641040548154532, 4.177265431506689, 4.457153032141418, 4.773141504145263, 3.7031775445752904, 4.330928820062094, 4.601479230759508, 4.908184774209074, 4.486437106862438, 4.748134852813141, 5.045934130284058, 4.643604945882459, 4.896910613855506, 5.18617394875619, 4.802269399275716, 5.0476190476190474, 5.328707602838918, 4.962286910610868, 5.200092119365447, 5.473355891640273, 5.1235307058145, 5.3541790743391, 5.619955536012484, 5.285888564265444, 5.509744511363378, 5.768357759983818, 5.068968775248516, 5.449260908090605, 5.666666666666667, 5.918426968188235, 7.322077754131856, 11.537196949690847, 11.806366593861494], [3.5355339059327378, 2.6352313834736494, 2.5495097567963922, 2.9154759474226504, 3.0516389039334255, 1.9382838916021676, 1.75, 2.2422706745122847, 1.5, 1.8027756377319946, 2.5, 2.692582403567252, 1.3017082793177757, 1.118033988749895, 1.8027756377319946, 1.8276426832884423, 0.75, 2.5124689052802225, 0.8700255424092123, 1.6666666666666665, 0.0, 1.0, 2.0, 3.5303885022257817, 2.5495097567963922, 0.9718253158075498, 0.7071067811865476, 1.5811388300841898, 1.8276426832884423, 0.75, 2.7950849718747373, 1.5023130314433286, 2.2422706745122847, 1.5, 1.8027756377319946, 2.5, 3.2015621187164243, 2.1666666666666665, 2.0615528128088303, 2.5, 2.8000496027352404, 2.25, 3.5355339059327378, 2.5495097567963922, 2.692582403567252, 2.9154759474226504, 3.2015621187164243, 2.724838508601782, 2.859151079946491, 3.0699747389773724, 3.3428647741060638, 2.9005629291781356, 3.02708858577387, 3.2269591423075763, 3.4875873187810575, 3.431876713662333, 3.0, 3.1622776601683795, 3.605551275463989, 3.0766152220402527, 3.1961791602614826, 3.3860834638989328, 3.2529421533530574, 3.366249047985194, 3.547059719410039, 3.4295013619820502, 3.5371569928173585, 3.7096468284510236, 3.606258731818382, 3.7087871387849054, 3.873641960844642, 4.018491807714324, 3.783186487605389, 3.881043674065006, 4.038873605350878, 3.9602617930368895, 4.053846749617918, 4.205196008438579, 4.137465703662037, 4.22712933904081, 4.372484699685019, 4.314782374439702, 4.400834800214104, 4.540632878660805, 4.4921984527373136, 4.574914965196131, 4.709548485659269, 4.669702608194615, 4.749328631394082, 4.879151816553732, 4.847285164851327, 4.924040360251706, 5.049373571977791, 5.5901699437494745, 5.024937810560445, 5.0990195135927845, 5.220153254455275, 7.667646927116774, 10.49488235342888, 11.015206118296234], [4.301162633521313, 3.100179206289712, 2.5495097567963922, 2.5495097567963922, 3.913118960624632, 2.534484387624258, 2.0155644370746373, 3.0595932917809696, 1.8027756377319946, 1.5, 1.8027756377319946, 3.640054944640259, 2.0883273476902775, 1.118033988749895, 1.118033988749895, 2.7701283564324437, 1.25, 3.5089172119045497, 1.8503002759312095, 2.6666666666666665, 1.0, 0.0, 1.0, 2.5332831819788226, 3.5355339059327378, 1.9002923751652296, 0.7071067811865476, 0.7071067811865476, 2.7701283564324437, 1.25, 3.7165171868296265, 2.2189211592823908, 3.0595932917809696, 1.8027756377319946, 1.5, 1.8027756377319946, 4.031128874149275, 2.7131367660166177, 2.0615528128088303, 2.0615528128088303, 3.48907023590972, 2.462214450449026, 4.301162633521313, 2.5495097567963922, 2.5, 2.5495097567963922, 2.692582403567252, 2.724838508601782, 2.678571428571429, 2.724838508601782, 2.859151079946491, 2.9005629291781356, 2.8571428571428568, 2.9005629291781356, 3.02708858577387, 4.013864859597431, 3.1622776601683795, 3.0, 3.1622776601683795, 3.0766152220402527, 3.0357142857142856, 3.0766152220402527, 3.2529421533530574, 3.2142857142857144, 3.2529421533530574, 3.4295013619820502, 3.3928571428571432, 3.4295013619820502, 3.606258731818382, 3.571428571428571, 3.606258731818382, 4.502865150606453, 3.783186487605389, 3.75, 3.783186487605389, 3.9602617930368895, 3.928571428571429, 3.9602617930368895, 4.137465703662037, 4.107142857142858, 4.137465703662037, 4.314782374439702, 4.285714285714286, 4.314782374439702, 4.4921984527373136, 4.464285714285714, 4.4921984527373136, 4.669702608194615, 4.642857142857142, 4.669702608194615, 4.847285164851327, 4.821428571428571, 4.847285164851327, 6.103277807866851, 5.024937810560445, 5.0, 5.024937810560445, 8.035388486091534, 9.951412340607428, 10.638050418340699], [5.1478150704935, 3.7785946829182113, 2.9154759474226504, 2.5495097567963922, 4.828301978956992, 3.330206867114681, 2.6575364531836625, 3.9616214413349042, 2.5, 1.8027756377319946, 1.5, 4.6097722286464435, 3.0046260628866577, 1.8027756377319946, 1.118033988749895, 3.7425852621476032, 2.1360009363293826, 4.5069390943299865, 2.8443413609793353, 3.6666666666666665, 2.0, 1.0, 0.0, 1.539936486854409, 4.527692569068709, 2.877112750272011, 1.581138830084189