totalHoles = 100;
zeroHoleID = 58;
C = [[0.0, 8.050621094052309, 6.896557112066861, 6.429640563653445, 5.708789519484649, 5.220818369225695, 4.9335867052052285, 4.75, 4.7762432936357, 8.07466064761795, 8.454439015245187, 6.928586929546153, 5.824258193705396, 5.40625, 8.888414158329933, 7.451958402177094, 6.438039351731585, 6.0625, 8.200609733428363, 7.230337321161287, 6.635343079131461, 6.519202405202649, 9.34834753111479, 7.994959620928538, 7.059464994384804, 6.71875, 9.737171047075224, 9.830596370515881, 8.553853095405472, 7.686681302385604, 7.375, 10.332036418949558, 9.125719387548457, 8.318378508275783, 8.03125, 9.64689069078737, 8.836870361037203, 8.357049585695766, 8.26513762740827, 10.85000720045844, 9.708266273015887, 8.95360824999868, 8.6875, 11.382252152474043, 10.29968163781181, 9.591668702939257, 9.34375, 9.6520253462709, 11.926860441876563, 10.89852181618121, 10.489412651706376, 10.232030318780552, 10.088497300281038, 10.0, 10.012492197250394, 12.482213908698249, 11.503627334031547, 10.87428657461925, 10.65625, 13.04694049384759, 12.114059353816035, 11.518120536547812, 11.3125, 12.169234888758528, 11.82540814423662, 11.760633486339076, 13.61987432256627, 12.729051588405076, 12.163281670953134, 11.96875, 14.2000220070252, 13.347973733034456, 12.80956944805111, 12.625, 14.786534467633043, 13.970303480607633, 13.45682154176626, 13.28125, 13.86642627996766, 13.565683830083088, 13.509256086106296, 15.378683501847615, 14.595604955868659, 14.104905199768075, 13.9375, 15.786244696138304, 15.975842358464233, 15.22351197458319, 14.753710838529555, 14.59375, 16.577469650100404, 15.85371495195299, 15.575309877423877, 15.403147225305757, 15.308176827361832, 15.25, 15.258194519667128, 16.217986799674406, 17.038559211388737, 15.861618363680734], [8.050621094052309, 0.0, 1.5, 2.1666666666666665, 3.3333333333333335, 4.333333333333333, 5.166666666666667, 6.5, 7.0, 0.06130676199403855, 0.65625, 2.2638702495824368, 4.38274364300238, 6.5330440119824695, 1.3125, 2.533199694940066, 4.5277404991648735, 6.631188147685149, 2.3048861143232218, 3.764785666025506, 5.454992616351047, 7.215434844830906, 1.96875, 2.9275281393941275, 4.759596027004579, 6.79161074874731, 2.5, 2.625, 3.4036846864015535, 5.066399389880132, 7.010037446404977, 3.28125, 3.932053662775273, 5.43547415965505, 7.28125, 3.8078865529319543, 4.833333333333334, 6.240548408949685, 7.826237921249264, 3.9375, 4.494257524268546, 5.855056278788255, 7.599599084820198, 4.59375, 5.079073095255121, 6.315086447569643, 7.959430825285185, 8.595169016066938, 5.25, 5.679519737129579, 6.218811068935212, 6.807369372803107, 7.36593133584915, 8.355387483534201, 8.75, 5.90625, 6.291123389899807, 7.3254055751390155, 8.782584418182383, 6.5625, 6.910922564639575, 7.864107325550546, 9.236688056332746, 7.753135566408671, 8.700255424092125, 9.899494936611665, 7.21875, 7.536895647874159, 8.41950885386302, 9.71392565148097, 7.875, 8.16762324329694, 8.988515048537092, 10.211054059204661, 8.53125, 8.802083333333334, 9.568699197920152, 10.72530776073582, 9.363418772601763, 10.161542424476927, 11.205467415507485, 9.1875, 9.439523329832097, 10.158146190510243, 11.254339440855691, 9.779259184910254, 9.84375, 10.079377882932281, 10.755333181276988, 11.79616098832582, 10.5, 10.721214690716927, 11.016401913107162, 11.359039474259157, 11.702326454361305, 12.349089035228468, 12.619429464123963, 10.897485858900179, 11.0, 12.516482097471213], [6.896557112066861, 1.5, 0.0, 0.6666666666666665, 1.8333333333333335, 2.833333333333333, 3.666666666666667, 5.0, 5.5, 1.4871228053999639, 1.637273362178717, 0.9354723442969569, 2.9083400489416253, 5.042882515238681, 1.9931523398877469, 1.4721075689107928, 3.1225684984925115, 5.169396120438054, 1.75, 2.5344843876242584, 4.062873914416302, 5.771698190307598, 2.475071021708266, 2.0785622451455343, 3.450181783656881, 5.373637181881561, 2.9154759474226504, 3.023346655611956, 2.7083333333333335, 3.8624348250524276, 5.647178499038259, 3.6078527634175983, 3.3482900123711574, 4.335248475033211, 5.98051850281395, 3.5, 3.9510898637098992, 5.068968775248517, 6.519202405202649, 4.2135384476707936, 3.9935386181235866, 4.850946714588584, 6.364267927263905, 4.832446488322452, 4.641872844762601, 5.397250859491133, 6.789885055175824, 7.410192163051006, 5.460082416960389, 5.292158769769142, 5.560900206900957, 5.965758776365147, 6.403666484479375, 7.25, 7.603453162872775, 6.09375, 5.943755841801078, 6.550692088648174, 7.738461672871424, 6.731746151631091, 6.5962755168689275, 7.14801958781436, 8.250236739027553, 7.236097782030804, 7.9021797274197985, 8.902246907382429, 7.37294727788691, 7.249468670664385, 7.754877777262371, 8.78125, 8.016584372411982, 7.903168316848911, 8.36919367548498, 9.328216603402817, 8.662114439471463, 8.557258381452815, 8.989438488597482, 9.888489599655752, 8.940000621426774, 9.487198977803956, 10.335013304297194, 9.309143690479807, 9.211655697780092, 9.614464833144785, 10.459930986866022, 9.845748591476244, 9.957379879390963, 9.86629912920465, 10.243397475460853, 11.040806766830945, 10.606601717798213, 10.52114273472442, 10.65885130354632, 10.8755587340503, 11.121800413801914, 11.629703349613008, 11.853269591129697, 10.7591783221465, 11.10180165558726, 11.896923265737472], [6.429640563653445, 2.1666666666666665, 0.6666666666666665, 0.0, 1.166666666666667, 2.1666666666666665, 3.0000000000000004, 4.333333333333334, 4.833333333333334, 2.1534187553274386, 2.2638702495824368, 0.65625, 2.2638702495824368, 4.382743643002381, 2.533199694940066, 1.3125, 2.533199694940066, 4.5277404991648735, 1.8726837545203525, 2.1032382440206607, 3.4731109973624514, 5.140390171097046, 2.9275281393941275, 1.96875, 2.9275281393941275, 4.75959602700458, 3.3082388735465345, 3.4036846864015535, 2.625, 3.4036846864015535, 5.066399389880133, 3.932053662775273, 3.28125, 3.932053662775273, 5.435474159655051, 3.5629263877386586, 3.689323936863109, 4.609772228646444, 5.9675045966560525, 4.494257524268546, 3.9375, 4.494257524268546, 5.855056278788257, 5.079073095255121, 4.59375, 5.079073095255121, 6.3150864475696435, 6.922865503006242, 5.679519737129579, 5.25, 5.378067600087517, 5.679519737129579, 6.046693311223912, 6.807369372803109, 7.136078132357515, 6.291123389899807, 5.90625, 6.291123389899807, 7.325405575139016, 6.910922564639575, 6.5625, 6.910922564639575, 7.864107325550547, 7.096556285347924, 7.615773105863909, 8.506533436783231, 7.536895647874159, 7.21875, 7.536895647874159, 8.41950885386302, 8.16762324329694, 7.875, 8.16762324329694, 8.988515048537094, 8.802083333333334, 8.53125, 8.802083333333334, 9.568699197920154, 8.827435137745908, 9.25, 9.996179825869037, 9.439523329832097, 9.1875, 9.439523329832097, 10.158146190510244, 9.948022184348604, 10.079377882932281, 9.84375, 10.079377882932281, 10.755333181276988, 10.721214690716927, 10.5, 10.564615994493654, 10.721214690716927, 10.920164833920778, 11.359039474259157, 11.559027256266468, 10.764438076891045, 11.211353372561426, 11.672992975695472], [5.708789519484649, 3.3333333333333335, 1.8333333333333335, 1.166666666666667, 0.0, 0.9999999999999996, 1.8333333333333335, 3.1666666666666665, 3.6666666666666665, 3.3197948574018357, 3.3973188213076373, 1.3385720651541746, 1.1961037005627895, 3.233951428249623, 3.5824247879210405, 1.7560658760738765, 1.6500473478055104, 3.4278906090740087, 2.5344843876242584, 1.75, 2.5344843876242584, 4.0628739144163015, 3.871316013142186, 2.288468412194302, 2.208161353366189, 3.728773838713978, 4.166666666666667, 4.242845284842604, 2.872583525523864, 2.809025631780529, 4.113198606653681, 4.677361721484785, 3.48248656474237, 3.4302480322128313, 4.560085453177142, 3.9510898637098992, 3.5, 3.9510898637098992, 5.068968775248516, 5.15897444858095, 4.106703953429211, 4.0625, 5.052888681514543, 5.675707019712268, 4.739583333333333, 4.701333753574617, 5.579454887377241, 6.151537507038589, 6.218811068935212, 5.378067600087517, 5.25, 5.344389581607987, 5.560900206900957, 6.131091075638803, 6.403666484479375, 6.781954008514885, 6.020373756969837, 5.99030792718538, 6.701609272426868, 7.360537844553964, 6.665397014515423, 6.638253252927309, 7.286575603654832, 7.0, 7.236097782030804, 7.9021797274197985, 7.9511925315396, 7.312418387483795, 7.287684924754911, 7.8827742159900644, 8.551417198985856, 7.960950703974439, 7.938238154653714, 8.487838522131401, 9.159330634583027, 8.610652569556567, 8.589658116741317, 9.100000238476797, 8.75, 8.940000621426774, 9.487198977803956, 9.773498215128047, 9.261277847096, 9.241761533928475, 9.717918194128709, 10.22959917901078, 10.392811225727671, 9.912644711357869, 9.894413275303393, 10.340560518670047, 11.016401913107162, 10.564615994493654, 10.5, 10.547511554864494, 10.65885130354632, 10.9671225842414, 11.121800413801914, 10.872448282295537, 11.49395976637778, 11.36490748242843], [5.220818369225695, 4.333333333333333, 2.833333333333333, 2.1666666666666665, 0.9999999999999996, 0.0, 0.8333333333333339, 2.166666666666667, 2.666666666666667, 4.319670709835954, 4.38274364300238, 2.2638702495824368, 0.65625, 2.2638702495824368, 4.5277404991648735, 2.533199694940066, 1.3125, 2.5331996949400666, 3.330206867114681, 2.0155644370746373, 1.938283891602168, 3.1896098681674396, 4.759596027004579, 2.9275281393941275, 1.96875, 2.9275281393941284, 5.002777006601211, 5.066399389880132, 3.4036846864015535, 2.625, 3.4036846864015544, 5.43547415965505, 3.932053662775273, 3.28125, 3.9320536627752736, 4.503085362035432, 3.640054944640259, 3.5978388574871505, 4.400126260814695, 5.855056278788255, 4.494257524268546, 3.9375, 4.494257524268547, 6.315086447569643, 5.079073095255121, 4.59375, 5.079073095255122, 5.600365346971526, 6.807369372803107, 5.679519737129579, 5.344389581607987, 5.25, 5.315726144605687, 5.679519737129579, 5.888430275643171, 7.3254055751390155, 6.291123389899807, 5.90625, 6.291123389899807, 7.864107325550546, 6.910922564639575, 6.5625, 6.910922564639575, 7.0710678118654755, 7.0494286608522, 7.490735018081411, 8.41950885386302, 7.536895647874159, 7.21875, 7.536895647874159, 8.988515048537092, 8.16762324329694, 7.875, 8.16762324329694, 9.568699197920152, 8.802083333333334, 8.53125, 8.802083333333334, 8.806957476904268, 8.789592962387077, 9.147328085900883, 10.158146190510243, 9.439523329832097, 9.1875, 9.439523329832097, 10.567935912174207, 10.755333181276988, 10.079377882932281, 9.84375, 10.079377882932281, 11.359039474259157, 10.721214690716927, 10.547511554864494, 10.5, 10.533016872883307, 10.721214690716927, 10.833333333333334, 11.062546952054172, 11.8227652339788, 11.19125081542913], [4.9335867052052285, 5.166666666666667, 3.666666666666667, 3.0000000000000004, 1.8333333333333335, 0.8333333333333339, 0.0, 1.333333333333333, 1.833333333333333, 5.152937392822167, 5.208177080989513, 3.0709386289048504, 1.0607113212106514, 1.4860827164992454, 5.330769240404657, 3.2745467243574344, 1.5547027672338032, 1.8709446885939138, 4.062873914416302, 2.5344843876242584, 1.75, 2.534484387624258, 5.529052451093627, 3.58831110168837, 2.1378542997464645, 2.3777624650662177, 5.7397251192408545, 5.795262672601169, 3.986304679775494, 2.7541004782767904, 2.9442151378215855, 6.120542950339001, 4.445964638017267, 3.3854166666666665, 3.5418045316304196, 5.068968775248517, 3.9510898637098992, 3.5, 3.9510898637098992, 6.496025761528694, 4.950142043416532, 4.024717467654648, 4.157124490291069, 6.9135362519440395, 5.4865780831498245, 4.668723969881325, 4.7833374165197435, 5.243481832702841, 7.36593133584915, 6.046693311223912, 5.560900206900957, 5.315726144605687, 5.25, 5.416666666666667, 5.560900206900957, 7.847179971616838, 6.624484060098568, 5.964749240910672, 6.0548795892468235, 8.35229613306691, 7.215705526835197, 6.615198462211428, 6.696580024742315, 7.236097782030804, 7.0, 7.236097782030803, 8.877206542992251, 7.817311018662363, 7.266690856706679, 7.340853447677442, 9.418602308434327, 8.427076895341587, 7.918968963472735, 7.987077236247173, 9.973799226320152, 9.043352617392513, 8.571853417257229, 8.634813509293513, 8.940000621426774, 8.75, 8.940000621426774, 10.54061671319304, 9.664892976644904, 9.225215482277065, 9.283745689525203, 10.912050935644581, 11.117277477284825, 10.290744096638493, 9.878960396061139, 9.933639405589362, 11.702326454361305, 10.920164833920778, 10.65885130354632, 10.533016872883307, 10.5, 10.584317539538285, 10.65885130354632, 11.286388587890167, 12.152960316089429, 11.113401063567002], [4.75, 6.5, 5.0, 4.333333333333334, 3.1666666666666665, 2.166666666666667, 1.333333333333333, 0.0, 0.5, 6.486199706756045, 6.5330440119824695, 4.382743643002381, 2.2638702495824368, 0.65625, 6.631188147685149, 4.5277404991648735, 2.5331996949400666, 1.3125, 5.297405025104273, 3.6180488910154014, 2.2000631304073472, 1.8200274723201295, 6.79161074874731, 4.75959602700458, 2.9275281393941284, 1.96875, 6.96419413859206, 7.010037446404977, 5.066399389880133, 3.4036846864015544, 2.625, 7.28125, 5.435474159655051, 3.9320536627752736, 3.28125, 6.103277807866851, 4.719934086168766, 3.745367509040705, 3.5355339059327378, 7.599599084820198, 5.855056278788257, 4.494257524268547, 3.9375, 7.959430825285185, 6.3150864475696435, 5.079073095255122, 4.59375, 4.91843533608952, 8.355387483534201, 6.807369372803109, 6.131091075638803, 5.679519737129579, 5.416666666666667, 5.25, 5.273755777432247, 8.782584418182383, 7.325405575139016, 6.291123389899807, 5.90625, 9.236688056332746, 7.864107325550547, 6.910922564639575, 6.5625, 7.68295371441074, 7.125852775477317, 7.0178344238090995, 9.71392565148097, 8.41950885386302, 7.536895647874159, 7.21875, 10.211054059204661, 8.988515048537094, 8.16762324329694, 7.875, 10.72530776073582, 9.568699197920154, 8.802083333333334, 8.53125, 9.305389716598535, 8.851004337236411, 8.764274071479052, 11.254339440855691, 10.158146190510244, 9.439523329832097, 9.1875, 11.56668848012427, 11.79616098832582, 10.755333181276988, 10.079377882932281, 9.84375, 12.349089035228468, 11.359039474259157, 10.9671225842414, 10.721214690716927, 10.584317539538285, 10.5, 10.51189802081432, 11.759066795901504, 12.776932339180638, 11.118377287443495], [4.7762432936357, 7.0, 5.5, 4.833333333333334, 3.6666666666666665, 2.666666666666667, 1.833333333333333, 0.5, 0.0, 6.986180063216261, 7.030694422494836, 4.877681331699634, 2.74622926457554, 0.8250236739027553, 7.121984010793621, 5.0083697308716255, 2.9721654329984917, 1.4045128158902644, 5.771698190307598, 4.0628739144163015, 2.534484387624258, 1.75, 7.271586935635164, 5.218916331348024, 3.314677612319351, 2.03125, 7.433034373659253, 7.47600327715284, 5.50015782601837, 3.741889377187828, 2.6721947908039936, 7.730886208094128, 5.841892901586875, 4.228204426658095, 3.3191266264636545, 6.519202405202649, 5.068968775248516, 3.9510898637098992, 3.5, 8.031432390925046, 6.234181370565915, 4.755524930132436, 3.969119077326857, 8.372725903939529, 6.668106940774954, 5.311652301648811, 4.6208807669642376, 4.885592285638373, 8.75, 7.136078132357515, 6.403666484479375, 5.888430275643171, 5.560900206900957, 5.273755777432247, 5.25, 9.158809369263016, 7.631834653188649, 6.4803472263152, 5.927376237636683, 9.595124087264322, 8.150307807752485, 7.08360906326084, 6.581520056187628, 7.9021797274197985, 7.236097782030803, 7.0, 10.055364317741054, 8.687431304684436, 7.695548237364971, 7.236045298538422, 10.536395256443258, 9.2399532526475, 8.314248980582137, 7.890857051043315, 11.035498473675759, 9.805270912810677, 8.938307315907812, 8.545889454146947, 9.487198977803956, 8.940000621426774, 8.75, 11.550331434638576, 10.381294108207854, 9.566674833039487, 9.20109538315955, 11.841589171357356, 12.078882980743709, 10.96633599583795, 10.198555053222545, 9.856440232786886, 12.619429464123963, 11.559027256266468, 11.121800413801914, 10.833333333333334, 10.65885130354632, 10.51189802081432, 10.5, 11.969846502138022, 13.038404810405298, 11.1613828237118], [8.07466064761795, 0.06130676199403855, 1.4871228053999639, 2.1534187553274386, 3.3197948574018357, 4.319670709835954, 5.152937392822167, 6.486199706756045, 6.986180063216261, 0.0, 0.5967467487973932, 2.233732414352722, 4.3602641209620225, 6.513304445445205, 1.252909801356157, 2.4906297972729923, 4.4972857917507065, 6.60581645878769, 2.2505981071776233, 3.724875232396719, 5.422768792419215, 7.187514833193125, 1.9091326259504315, 2.877193285164932, 4.722349405308426, 6.76105136057436, 2.440371331532846, 2.5653693538362963, 3.3488167669092075, 5.0236357793883615, 6.974822437772769, 3.221611488795091, 3.8745624787150232, 5.38837425454886, 7.241947852725296, 3.7475124338315866, 4.780518078473645, 6.19556930214864, 7.787106463832509, 3.8778562857422383, 4.435225269318388, 5.804615912807586, 7.5567716314393545, 4.534102588826664, 5.0191174625360615, 6.262098913970707, 7.913603123916479, 8.54977424707269, 5.190349826759149, 5.619002148145923, 6.160926123587605, 6.7524460639450625, 7.313599427054878, 8.307030723489273, 8.703027328507758, 5.846597684745615, 6.230261495635842, 7.269009630590761, 8.732109287230022, 6.50284597506406, 6.849851063500332, 7.806587109470778, 9.184445214179398, 7.693222231418708, 8.64392238402846, 9.847402819141895, 7.159094578823562, 7.475699900696302, 8.361126222638275, 9.6602103137249, 7.815343417065879, 8.10635840210663, 8.929467467269447, 10.156112486750578, 8.471592435298636, 8.740785560036285, 9.509136391500414, 10.66934423976774, 9.302651552309475, 10.103021913407845, 11.150112101864025, 9.12784159470042, 9.378216567912734, 10.098182445385484, 11.197522953528567, 9.719175057034747, 9.78409086686531, 10.018078054587464, 10.69505636326549, 11.738631189705773, 10.440340230529428, 10.6599323612273, 10.955271950315826, 11.298517630714203, 11.642581731922261, 12.290961404465772, 12.561992576252598, 10.83633227444572, 10.940339796941934, 12.457081854424752], [8.454439015245187, 0.65625, 1.637273362178717, 2.2638702495824368, 3.3973188213076373, 4.38274364300238, 5.208177080989513, 6.5330440119824695, 7.030694422494836, 0.5967467487973932, 0.0, 2.1666666666666665, 4.333333333333333, 6.5, 0.65625, 2.2638702495824368, 4.38274364300238, 6.5330440119824695, 1.8564183425348932, 3.5081904414685234, 5.281167816586067, 7.08493394905697, 1.3125, 2.533199694940066, 4.5277404991648735, 6.631188147685149, 1.84375, 1.96875, 2.9275281393941275, 4.759596027004579, 6.79161074874731, 2.625, 3.4036846864015535, 5.066399389880132, 7.010037446404977, 3.2151071618998954, 4.381555109046458, 5.897572255339009, 7.555588267137113, 3.28125, 3.932053662775273, 5.43547415965505, 7.28125, 3.9375, 4.494257524268546, 5.855056278788255, 7.599599084820198, 8.239899930256755, 4.59375, 5.079073095255121, 5.675707019712268, 6.315086447569643, 6.9135362519440395, 7.959430825285185, 8.372725903939529, 5.25, 5.679519737129579, 6.807369372803107, 8.355387483534201, 5.90625, 6.291123389899807, 7.3254055751390155, 8.782584418182383, 7.166189724924335, 8.18154071718429, 9.446860010739018, 6.5625, 6.910922564639575, 7.864107325550546, 9.236688056332746, 7.21875, 7.536895647874159, 8.41950885386302, 9.71392565148097, 7.875, 8.16762324329694, 8.988515048537092, 10.211054059204661, 8.753279395381545, 9.602251481134227, 10.700877957555631, 8.53125, 8.802083333333334, 9.568699197920152, 10.72530776073582, 9.123374319984002, 9.1875, 9.439523329832097, 10.158146190510243, 11.254339440855691, 9.84375, 10.079377882932281, 10.392811225727671, 10.755333181276988, 11.117277477284825, 11.79616098832582, 12.078882980743709, 10.250278307494659, 10.34375, 11.938582302645145], [6.928586929546153, 2.2638702495824368, 0.9354723442969569, 0.65625, 1.3385720651541746, 2.2638702495824368, 3.0709386289048504, 4.382743643002381, 4.877681331699634, 2.233732414352722, 2.1666666666666665, 0.0, 2.1666666666666665, 4.333333333333334, 2.2638702495824368, 0.65625, 2.2638702495824368, 4.382743643002381, 1.2809112018186288, 1.5991873478773873, 3.1931628618816177, 4.955542369268082, 2.533199694940066, 1.3125, 2.533199694940066, 4.5277404991648735, 2.8449707392070738, 2.9275281393941275, 1.96875, 2.9275281393941275, 4.75959602700458, 3.4036846864015535, 2.625, 3.4036846864015535, 5.066399389880133, 2.9208489360020735, 3.073764007468874, 4.1336320666576025, 5.607853883047517, 3.932053662775273, 3.28125, 3.932053662775273, 5.435474159655051, 4.494257524268546, 3.9375, 4.494257524268546, 5.855056278788257, 6.476502699652184, 5.079073095255121, 4.59375, 4.739583333333333, 5.079073095255121, 5.4865780831498245, 6.3150864475696435, 6.668106940774954, 5.679519737129579, 5.25, 5.679519737129579, 6.807369372803109, 6.291123389899807, 5.90625, 6.291123389899807, 7.325405575139016, 6.450137608889528, 7.0173473665267565, 7.975228847726635, 6.910922564639575, 6.5625, 6.910922564639575, 7.864107325550547, 7.536895647874159, 7.21875, 7.536895647874159, 8.41950885386302, 8.16762324329694, 7.875, 8.16762324329694, 8.988515048537094, 8.177401798469432, 8.631847372521134, 9.427083333333334, 8.802083333333334, 8.53125, 8.802083333333334, 9.568699197920154, 9.304041818327342, 9.439523329832097, 9.1875, 9.439523329832097, 10.158146190510244, 10.079377882932281, 9.84375, 9.912644711357869, 10.079377882932281, 10.290744096638493, 10.755333181276988, 10.96633599583795, 10.108715766475381, 10.568235827561024, 11.051071817310314], [5.824258193705396, 4.38274364300238, 2.9083400489416253, 2.2638702495824368, 1.1961037005627895, 0.65625, 1.0607113212106514, 2.2638702495824368, 2.74622926457554, 4.3602641209620225, 4.333333333333333, 2.1666666666666665, 0.0, 2.166666666666667, 4.38274364300238, 2.2638702495824368, 0.65625, 2.2638702495824368, 3.037114887566451, 1.4819882126724218, 1.3750394565045927, 2.882256090914045, 4.5277404991648735, 2.533199694940066, 1.3125, 2.5331996949400666, 4.7092665926105495, 4.759596027004579, 2.9275281393941275, 1.96875, 2.9275281393941284, 5.066399389880132, 3.4036846864015535, 2.625, 3.4036846864015544, 4.014310879874375, 3.0144508724641708, 2.9633357060826646, 3.898464463556275, 5.43547415965505, 3.932053662775273, 3.28125, 3.9320536627752736, 5.855056278788255, 4.494257524268546, 3.9375, 4.494257524268547, 5.038165585354224, 6.315086447569643, 5.079073095255121, 4.701333753574617, 4.59375, 4.668723969881325, 5.079073095255122, 5.311652301648811, 6.807369372803107, 5.679519737129579, 5.25, 5.679519737129579, 7.3254055751390155, 6.291123389899807, 5.90625, 6.291123389899807, 6.422084090270074, 6.398250425463545, 6.881444265095164, 7.864107325550546, 6.910922564639575, 6.5625, 6.910922564639575, 8.41950885386302, 7.536895647874159, 7.21875, 7.536895647874159, 8.988515048537092, 8.16762324329694, 7.875, 8.16762324329694, 8.155292089342968, 8.136536948047642, 8.521731054991768, 9.568699197920152, 8.802083333333334, 8.53125, 8.802083333333334, 9.964101475833797, 10.158146190510243, 9.439523329832097, 9.1875, 9.439523329832097, 10.755333181276988, 10.079377882932281, 9.894413275303393, 9.84375, 9.878960396061139, 10.079377882932281, 10.198555053222545, 10.425591225564585, 11.214764457636985, 10.540944839745515], [5.40625, 6.5330440119824695, 5.042882515238681, 4.382743643002381, 3.233951428249623, 2.2638702495824368, 1.4860827164992454, 0.65625, 0.8250236739027553, 6.513304445445205, 6.5, 4.333333333333334, 2.166666666666667, 0.0, 6.5330440119824695, 4.382743643002381, 2.2638702495824368, 0.65625, 5.11823104817475, 3.350233848595912, 1.7245483003609312, 1.202617587805866, 6.631188147685149, 4.5277404991648735, 2.5331996949400666, 1.3125, 6.75643501134289, 6.79161074874731, 4.75959602700458, 2.9275281393941284, 1.96875, 7.010037446404977, 5.066399389880133, 3.4036846864015544, 2.625, 5.752122570190938, 4.256135787340176, 3.140810697937362, 2.8873714798238206, 7.28125, 5.435474159655051, 3.9320536627752736, 3.28125, 7.599599084820198, 5.855056278788257, 4.494257524268547, 3.9375, 4.267320775519718, 7.959430825285185, 6.3150864475696435, 5.579454887377241, 5.079073095255122, 4.7833374165197435, 4.59375, 4.6208807669642376, 8.355387483534201, 6.807369372803109, 5.679519737129579, 5.25, 8.782584418182383, 7.325405575139016, 6.291123389899807, 5.90625, 7.090200409034837, 6.482356195109752, 6.363423926040132, 9.236688056332746, 7.864107325550547, 6.910922564639575, 6.5625, 9.71392565148097, 8.41950885386302, 7.536895647874159, 7.21875, 10.211054059204661, 8.988515048537094, 8.16762324329694, 7.875, 8.691177528981775, 8.202838950039052, 8.109179308814179, 10.72530776073582, 9.568699197920154, 8.802083333333334, 8.53125, 11.017728040441524, 11.254339440855691, 10.158146190510244, 9.439523329832097, 9.1875, 11.79616098832582, 10.755333181276988, 10.340560518670047, 10.079377882932281, 9.933639405589362, 9.84375, 9.856440232786886, 11.161929011001613, 12.216511943369925, 10.463543224293282], [8.888414158329933, 1.3125, 1.9931523398877469, 2.533199694940066, 3.5824247879210405, 4.5277404991648735, 5.330769240404657, 6.631188147685149, 7.121984010793621, 1.252909801356157, 0.65625, 2.2638702495824368, 4.38274364300238, 6.5330440119824695, 0.0, 2.1666666666666665, 4.333333333333333, 6.5, 1.5625, 3.361921676825787, 5.1851567666218585, 7.013658549573111, 0.65625, 2.2638702495824368, 4.38274364300238, 6.5330440119824695, 1.1875, 1.3125, 2.533199694940066, 4.5277404991648735, 6.631188147685149, 1.96875, 2.9275281393941275, 4.759596027004579, 6.79161074874731, 2.652386896740368, 3.9870123352092994, 5.610668471264761, 7.333836393730092, 2.625, 3.4036846864015535, 5.066399389880132, 7.010037446404977, 3.28125, 3.932053662775273, 5.43547415965505, 7.28125, 7.923149590379664, 3.9375, 4.494257524268546, 5.15897444858095, 5.855056278788255, 6.496025761528694, 7.599599084820198, 8.031432390925046, 4.59375, 5.079073095255121, 6.315086447569643, 7.959430825285185, 5.25, 5.679519737129579, 6.807369372803107, 8.355387483534201, 6.592326399770503, 7.683885780934308, 9.019293556038633, 5.90625, 6.291123389899807, 7.3254055751390155, 8.782584418182383, 6.5625, 6.910922564639575, 7.864107325550546, 9.236688056332746, 7.21875, 7.536895647874159, 8.41950885386302, 9.71392565148097, 8.150307807752485, 9.055984247691933, 10.213540338687658, 7.875, 8.16762324329694, 8.988515048537092, 10.211054059204661, 8.467546036747335, 8.53125, 8.802083333333334, 9.568699197920152, 10.72530776073582, 9.1875, 9.439523329832097, 9.773498215128047, 10.158146190510243, 10.54061671319304, 11.254339440855691, 11.550331434638576, 9.604298040057989, 9.6875, 11.369190772554846], [7.451958402177094, 2.533199694940066, 1.4721075689107928, 1.3125, 1.7560658760738765, 2.533199694940066, 3.2745467243574344, 4.5277404991648735, 5.0083697308716255, 2.4906297972729923, 2.2638702495824368, 0.65625, 2.2638702495824368, 4.382743643002381, 2.1666666666666665, 0.0, 2.1666666666666665, 4.333333333333334, 0.7974024670418597, 1.2460005461921402, 3.0317332089087263, 4.853093586683768, 2.2638702495824368, 0.65625, 2.2638702495824368, 4.382743643002381, 2.470749014862587, 2.533199694940066, 1.3125, 2.533199694940066, 4.5277404991648735, 2.9275281393941275, 1.96875, 2.9275281393941275, 4.75959602700458, 2.2868320214752207, 2.479166666666667, 3.712836685069787, 5.305305586025288, 3.4036846864015535, 2.625, 3.4036846864015535, 5.066399389880133, 3.932053662775273, 3.28125, 3.932053662775273, 5.435474159655051, 6.0683964759638265, 4.494257524268546, 3.9375, 4.106703953429211, 4.494257524268546, 4.950142043416532, 5.855056278788257, 6.234181370565915, 5.079073095255121, 4.59375, 5.079073095255121, 6.3150864475696435, 5.679519737129579, 5.25, 5.679519737129579, 6.807369372803109, 5.805925194240029, 6.430214323799791, 7.463830609084796, 6.291123389899807, 5.90625, 6.291123389899807, 7.325405575139016, 6.910922564639575, 6.5625, 6.910922564639575, 7.864107325550547, 7.536895647874159, 7.21875, 7.536895647874159, 8.41950885386302, 7.528447207831846, 8.019751009227157, 8.870034800445323, 8.16762324329694, 7.875, 8.16762324329694, 8.988515048537094, 8.661903431641102, 8.802083333333334, 8.53125, 8.802083333333334, 9.568699197920154, 9.439523329832097, 9.1875, 9.261277847096, 9.439523329832097, 9.664892976644904, 10.158146190510244, 10.381294108207854, 9.453066693330484, 9.926837396393902, 10.433357069374399], [6.438039351731585, 4.5277404991648735, 3.1225684984925115, 2.533199694940066, 1.6500473478055104, 1.3125, 1.5547027672338032, 2.5331996949400666, 2.9721654329984917, 4.4972857917507065, 4.38274364300238, 2.2638702495824368, 0.65625, 2.2638702495824368, 4.333333333333333, 2.1666666666666665, 0.0, 2.166666666666667, 2.8669119323372625, 1.091515574785811, 0.941196416506377, 2.702317035640177, 4.38274364300238, 2.2638702495824368, 0.65625, 2.2638702495824368, 4.493098488546381, 4.5277404991648735, 2.533199694940066, 1.3125, 2.5331996949400666, 4.759596027004579, 2.9275281393941275, 1.96875, 2.9275281393941284, 3.5795158929354924, 2.405235175611732, 2.3408546931504413, 3.4490966007218633, 5.066399389880132, 3.4036846864015535, 2.625, 3.4036846864015544, 5.43547415965505, 3.932053662775273, 3.28125, 3.9320536627752736, 4.501495422227578, 5.855056278788255, 4.494257524268546, 4.0625, 3.9375, 4.024717467654648, 4.494257524268547, 4.755524930132436, 6.315086447569643, 5.079073095255121, 4.59375, 5.079073095255122, 6.807369372803107, 5.679519737129579, 5.25, 5.679519737129579, 5.774742959647641, 5.748225873645228, 6.281621395874724, 7.3254055751390155, 6.291123389899807, 5.90625, 6.291123389899807, 7.864107325550546, 6.910922564639575, 6.5625, 6.910922564639575, 8.41950885386302, 7.536895647874159, 7.21875, 7.536895647874159, 7.504425777499568, 7.48403973095042, 7.901108615954543, 8.988515048537092, 8.16762324329694, 7.875, 8.16762324329694, 9.36732059463138, 9.568699197920152, 8.802083333333334, 8.53125, 8.802083333333334, 10.158146190510243, 9.439523329832097, 9.241761533928475, 9.1875, 9.225215482277065, 9.439523329832097, 9.566674833039487, 9.791184191084112, 10.612513087284169, 9.891424040059757], [6.0625, 6.631188147685149, 5.169396120438054, 4.5277404991648735, 3.4278906090740087, 2.5331996949400666, 1.8709446885939138, 1.3125, 1.4045128158902644, 6.60581645878769, 6.5330440119824695, 4.382743643002381, 2.2638702495824368, 0.65625, 6.5, 4.333333333333334, 2.166666666666667, 0.0, 5.019104128228463, 3.1967458497318453, 1.4032761765874089, 0.6643841132959156, 6.5330440119824695, 4.382743643002381, 2.2638702495824368, 0.65625, 6.607583238219553, 6.631188147685149, 4.5277404991648735, 2.5331996949400666, 1.3125, 6.79161074874731, 4.75959602700458, 2.9275281393941284, 1.96875, 5.457577873929057, 3.848757465439694, 2.5618224036372577, 2.24391538387703, 7.010037446404977, 5.066399389880133, 3.4036846864015544, 2.625, 7.28125, 5.435474159655051, 3.9320536627752736, 3.28125, 3.618062350495133, 7.599599084820198, 5.855056278788257, 5.052888681514543, 4.494257524268547, 4.157124490291069, 3.9375, 3.969119077326857, 7.959430825285185, 6.3150864475696435, 5.079073095255122, 4.59375, 8.355387483534201, 6.807369372803109, 5.679519737129579, 5.25, 6.509641620533174, 5.841697872004147, 5.70943572080464, 8.782584418182383, 7.325405575139016, 6.291123389899807, 5.90625, 9.236688056332746, 7.864107325550547, 6.910922564639575, 6.5625, 9.71392565148097, 8.41950885386302, 7.536895647874159, 7.21875, 8.083574953433523, 7.556069350381703, 7.454287776172852, 10.211054059204661, 8.988515048537094, 8.16762324329694, 7.875, 10.481111967488154, 10.72530776073582, 9.568699197920154, 8.802083333333334, 8.53125, 11.254339440855691, 10.158146190510244, 9.717918194128709, 9.439523329832097, 9.283745689525203, 9.1875, 9.20109538315955, 10.571801866654786, 11.666090015510767, 9.808898420942501], [8.200609733428363, 2.3048861143232218, 1.75, 1.8726837545203525, 2.5344843876242584, 3.330206867114681, 4.062873914416302, 5.297405025104273, 5.771698190307598, 2.2505981071776233, 1.8564183425348932, 1.2809112018186288, 3.037114887566451, 5.11823104817475, 1.5625, 0.7974024670418597, 2.8669119323372625, 5.019104128228463, 0.0, 1.8333333333333335, 3.666666666666667, 5.5, 1.515866604454363, 0.7016380882937044, 2.8417651803549457, 5.004782868666732, 1.6770509831248424, 1.7365554986812255, 1.1000315652036736, 2.9653672247763474, 5.075985126061738, 2.1435313299553145, 1.6700811378326637, 3.220637256860477, 5.229218542239366, 1.75, 2.5344843876242584, 4.062873914416302, 5.771698190307598, 2.652386896740368, 2.2868320214752207, 3.5795158929354924, 5.457577873929057, 3.2151071618998954, 2.9208489360020735, 4.014310879874375, 5.752122570190938, 6.393413140285684, 3.8078865529319543, 3.5629263877386586, 3.9510898637098992, 4.503085362035432, 5.068968775248517, 6.103277807866851, 6.519202405202649, 4.418643916689826, 4.209377448856831, 5.030128411907372, 6.501877733585891, 5.040848762857303, 4.8584566165032745, 5.584615835290533, 6.939751886775204, 5.560900206900957, 6.403666484479375, 7.603453162872775, 5.6707342172332496, 5.509235065500876, 6.159139902638824, 7.40994106336211, 6.30599912781472, 6.161174355952316, 6.748585242684409, 7.906682300434235, 6.945167497080254, 6.813941297585741, 7.3493625125093525, 8.42528050349067, 7.236097782030804, 7.9021797274197985, 8.902246907382429, 7.587252879006999, 7.467318842425603, 7.958905956711499, 8.961942102580222, 8.111203644647016, 8.231572696787655, 8.121159615901195, 8.57534645599102, 9.513610726874418, 8.877640452282352, 8.775360074916838, 8.940000621426774, 9.197297308328016, 9.487198977803956, 10.077822185373186, 10.335013304297194, 9.009735488025736, 9.370832406995657, 10.284161341244639], [7.230337321161287, 3.764785666025506, 2.5344843876242584, 2.1032382440206607, 1.75, 2.0155644370746373, 2.5344843876242584, 3.6180488910154014, 4.0628739144163015, 3.724875232396719, 3.5081904414685234, 1.5991873478773873, 1.4819882126724218, 3.350233848595912, 3.361921676825787, 1.2460005461921402, 1.091515574785811, 3.1967458497318453, 1.8333333333333335, 0.0, 1.8333333333333335, 3.6666666666666665, 3.3405033563238806, 1.1869973351322705, 1.0236462096349495, 3.1742131844407955, 3.416666666666667, 3.446264080292036, 1.4583333333333335, 1.3287682265918308, 3.285331456303576, 3.6682199598185377, 1.9250552391064293, 1.8288593610499413, 3.5174570843548008, 2.5344843876242584, 1.75, 2.5344843876242584, 4.0628739144163015, 3.9870123352092994, 2.479166666666667, 2.405235175611732, 3.848757465439694, 4.381555109046458, 3.073764007468874, 3.0144508724641708, 4.256135787340176, 4.879159496218344, 4.833333333333334, 3.689323936863109, 3.5, 3.640054944640259, 3.9510898637098992, 4.719934086168766, 5.068968775248516, 5.327806788314598, 4.316888367054575, 4.274858367536871, 5.225149934717451, 5.854166666666667, 4.951895330185313, 4.9152981852579405, 5.760896981180776, 5.25, 5.560900206900957, 6.403666484479375, 6.404556009093145, 5.591809874594371, 5.5594268196011, 6.319414873251936, 6.973287324577348, 6.235121178542652, 6.206095793653205, 6.895172425529167, 7.5562201313627115, 6.880876591947505, 6.854586170039735, 7.4841919630831075, 7.0, 7.236097782030804, 7.9021797274197985, 8.150307807752485, 7.528447207831846, 7.504425777499568, 8.083574953433523, 8.573071713312363, 8.753279395381545, 8.177401798469432, 8.155292089342968, 8.691177528981775, 9.363418772601763, 8.827435137745908, 8.75, 8.806957476904268, 8.940000621426774, 9.305389716598535, 9.487198977803956, 9.144700489771894, 9.832273954234143, 9.66376289992997], [6.635343079131461, 5.454992616351047, 4.062873914416302, 3.4731109973624514, 2.5344843876242584, 1.938283891602168, 1.75, 2.2000631304073472, 2.534484387624258, 5.422768792419215, 5.281167816586067, 3.1931628618816177, 1.3750394565045927, 1.7245483003609312, 5.1851567666218585, 3.0317332089087263, 0.941196416506377, 1.4032761765874089, 3.666666666666667, 1.8333333333333335, 0.0, 1.833333333333333, 5.171295389643145, 3.0079646877082853, 0.8615660200730095, 1.351158517820088, 5.220818369225695, 5.24023562871408, 3.1250000000000004, 1.2083333333333337, 1.5948049340837194, 5.388800516529114, 3.368193367741823, 1.7433218311443375, 2.0303951192508753, 4.062873914416302, 2.5344843876242584, 1.75, 2.534484387624258, 5.610668471264761, 3.712836685069787, 2.3408546931504413, 2.5618224036372577, 5.897572255339009, 4.1336320666576025, 2.9633357060826646, 3.140810697937362, 3.6686353619458907, 6.240548408949685, 4.609772228646444, 3.9510898637098992, 3.5978388574871505, 3.5, 3.745367509040705, 3.9510898637098992, 6.630901786857082, 5.1258573977921005, 4.238969038214887, 4.364881652493889, 7.060779043026658, 5.6709925277679565, 4.884117186805047, 4.993789545803645, 5.560900206900957, 5.25, 5.560900206900957, 7.5234082041947214, 6.237565756166423, 5.531877710772758, 5.6289434479552005, 8.013118584199566, 6.82023643285187, 6.181429401396124, 6.268445004766156, 8.525244630328471, 7.415210823874126, 6.832261412368854, 6.911087420969133, 7.236097782030804, 7.0, 7.236097782030803, 9.055984247691933, 8.019751009227157, 7.48403973095042, 7.556069350381703, 9.376871272470384, 9.602251481134227, 8.631847372521134, 8.136536948047642, 8.202838950039052, 10.161542424476927, 9.25, 8.940000621426774, 8.789592962387077, 8.75, 8.851004337236411, 8.940000621426774, 9.633170960452253, 10.595137773735859, 9.366689623426057], [6.519202405202649, 7.215434844830906, 5.771698190307598, 5.140390171097046, 4.0628739144163015, 3.1896098681674396, 2.534484387624258, 1.8200274723201295, 1.75, 7.187514833193125, 7.08493394905697, 4.955542369268082, 2.882256090914045, 1.202617587805866, 7.013658549573111, 4.853093586683768, 2.702317035640177, 0.6643841132959156, 5.5, 3.6666666666666665, 1.833333333333333, 0.0, 7.003417134692178, 4.838280962657204, 2.6756237914944454, 0.5457577873929056, 7.0400639201643616, 7.054475529761231, 4.911897404375535, 2.8065523531748187, 1.0077822185373186, 7.16552346744465, 5.0700924718994145, 3.0750345808805326, 1.610815496107484, 5.771698190307598, 4.0628739144163015, 2.534484387624258, 1.75, 7.333836393730092, 5.305305586025288, 3.4490966007218633, 2.24391538387703, 7.555588267137113, 5.607853883047517, 3.898464463556275, 2.8873714798238206, 3.1358883383380047, 7.826237921249264, 5.9675045966560525, 5.068968775248516, 4.400126260814695, 3.9510898637098992, 3.5355339059327378, 3.5, 8.140909903843673, 6.374600001067606, 4.93817022525663, 4.186217154245584, 8.494713429539575, 6.820650068806573, 5.501933056763878, 4.838404308240476, 6.403666484479375, 5.560900206900957, 5.25, 8.882973970608042, 7.298516128201069, 6.084269691064912, 5.49155957470189, 9.301377586142818, 7.802354523546794, 6.680324551330655, 6.145374276640927, 9.746042866851141, 8.327452351926794, 7.28673196114768, 6.799658194534487, 7.9021797274197985, 7.236097782030803, 7.0, 10.213540338687658, 8.870034800445323, 7.901108615954543, 7.454287776172852, 10.443950083258073, 10.700877957555631, 9.427083333333334, 8.521731054991768, 8.109179308814179, 11.205467415507485, 9.996179825869037, 9.487198977803956, 9.147328085900883, 8.940000621426774, 8.764274071479052, 8.75, 10.425576275735985, 11.600107758120181, 9.42356927280497], [9.34834753111479, 1.96875, 2.475071021708266, 2.9275281393941275, 3.871316013142186, 4.759596027004579, 5.529052451093627, 6.79161074874731, 7.271586935635164, 1.9091326259504315, 1.3125, 2.533199694940066, 4.5277404991648735, 6.631188147685149, 0.65625, 2.2638702495824368, 4.38274364300238, 6.5330440119824695, 1.515866604454363, 3.3405033563238806, 5.171295389643145, 7.003417134692178, 0.0, 2.1666666666666665, 4.333333333333333, 6.5, 0.53125, 0.65625, 2.2638702495824368, 4.38274364300238, 6.5330440119824695, 1.3125, 2.533199694940066, 4.5277404991648735, 6.631188147685149, 2.1435313299553145, 3.6682199598185377, 5.388800516529114, 7.16552346744465, 1.96875, 2.9275281393941275, 4.759596027004579, 6.79161074874731, 2.625, 3.4036846864015535, 5.066399389880132, 7.010037446404977, 7.649704316339397, 3.28125, 3.932053662775273, 4.677361721484785, 5.43547415965505, 6.120542950339001, 7.28125, 7.730886208094128, 3.9375, 4.494257524268546, 5.855056278788255, 7.599599084820198, 4.59375, 5.079073095255121, 6.315086447569643, 7.959430825285185, 6.035278591217734, 7.211651753027488, 8.620526466666638, 5.25, 5.679519737129579, 6.807369372803107, 8.355387483534201, 5.90625, 6.291123389899807, 7.3254055751390155, 8.782584418182383, 6.5625, 6.910922564639575, 7.86410732555054