totalHoles = 70;
zeroHoleID = 39;
C = [[0.0, 5.666666666666667, 0.90625, 5.738675820571425, 3.0046260628866577, 1.8125, 5.949476225779133, 3.414903635577112, 2.71875, 6.285118350008305, 3.992234215045227, 8.342525684140922, 3.625, 6.7269410664217295, 4.675134152115613, 9.277882385679396, 5.309480228410801, 4.53125, 7.255572870119293, 5.423873410928557, 9.676808616480953, 5.4375, 7.853503508696683, 6.214700663771167, 10.141238906686894, 6.34375, 8.506131622165926, 7.033433303002011, 10.662617232649778, 7.014159095669662, 7.25, 9.201826509509463, 7.871368485865579, 11.233016694659543, 8.15625, 9.931541933335987, 8.722974136025956, 11.845357740482134, 9.0625, 10.688312184863946, 9.584607025865889, 12.493474859401607, 12.380428120972153, 9.96875, 11.466781923173176, 10.453788022902405, 13.172088150707161, 12.60965446521362, 10.875, 12.262819256235947, 11.328779914018886, 13.876724273491204, 11.78125, 13.073215468032764, 12.208333333333334, 14.603616846521275, 12.6875, 13.895458515684581, 13.091528915305414, 15.34960428032267, 13.59375, 14.727564298743058, 13.97767627425166, 16.112034516162137, 14.5, 15.567951410224504, 14.866247570933217, 16.888680796986485, 15.756832733064655, 17.67766952966369], [5.666666666666667, 0.0, 5.738675820571425, 0.90625, 3.0046260628866577, 5.949476225779133, 1.8125, 3.414903635577112, 6.285118350008305, 2.71875, 3.992234215045227, 4.0365469204195925, 6.7269410664217295, 3.625, 4.675134152115613, 4.675134152115613, 4.616461693724091, 7.255572870119293, 4.53125, 5.423873410928557, 5.423873410928557, 7.853503508696683, 5.4375, 6.214700663771167, 6.214700663771167, 8.506131622165926, 6.34375, 7.033433303002011, 7.033433303002011, 7.697949206675334, 9.201826509509463, 7.25, 7.871368485865579, 7.871368485865579, 9.931541933335987, 8.15625, 8.722974136025956, 8.722974136025956, 10.688312184863946, 9.0625, 9.584607025865889, 9.584607025865889, 10.106356993148069, 11.466781923173176, 9.96875, 10.453788022902405, 10.453788022902405, 10.283408658407993, 12.262819256235947, 10.875, 11.328779914018886, 11.328779914018886, 13.073215468032764, 11.78125, 12.208333333333334, 12.208333333333334, 13.895458515684581, 12.6875, 13.091528915305414, 13.091528915305414, 14.727564298743058, 13.59375, 13.97767627425166, 13.97767627425166, 15.567951410224504, 14.5, 14.866247570933217, 14.866247570933217, 15.756832733064655, 15.756832733064655], [0.90625, 5.738675820571425, 0.0, 5.666666666666667, 2.8348839200711162, 0.90625, 5.738675820571425, 3.0046260628866577, 1.8125, 5.949476225779133, 3.414903635577112, 7.9959489353404924, 2.71875, 6.285118350008305, 3.992234215045227, 8.953220440154482, 4.656381313293328, 3.625, 6.7269410664217295, 4.675134152115613, 9.277882385679396, 4.53125, 7.255572870119293, 5.423873410928557, 9.676808616480953, 5.4375, 7.853503508696683, 6.214700663771167, 10.141238906686894, 6.148614993919438, 6.34375, 8.506131622165926, 7.033433303002011, 10.662617232649778, 7.25, 9.201826509509463, 7.871368485865579, 11.233016694659543, 8.15625, 9.931541933335987, 8.722974136025956, 11.845357740482134, 11.663317977268678, 9.0625, 10.688312184863946, 9.584607025865889, 12.493474859401607, 11.895179537162171, 9.96875, 11.466781923173176, 10.453788022902405, 13.172088150707161, 10.875, 12.262819256235947, 11.328779914018886, 13.876724273491204, 11.78125, 13.073215468032764, 12.208333333333334, 14.603616846521275, 12.6875, 13.895458515684581, 13.091528915305414, 15.34960428032267, 13.59375, 14.727564298743058, 13.97767627425166, 16.112034516162137, 14.866247570933217, 16.888680796986485], [5.738675820571425, 0.90625, 5.666666666666667, 0.0, 2.8348839200711162, 5.738675820571425, 0.90625, 3.0046260628866577, 5.949476225779133, 1.8125, 3.414903635577112, 3.2605483628939935, 6.285118350008305, 2.71875, 3.992234215045227, 3.992234215045227, 3.8474699749996732, 6.7269410664217295, 3.625, 4.675134152115613, 4.675134152115613, 7.255572870119293, 4.53125, 5.423873410928557, 5.423873410928557, 7.853503508696683, 5.4375, 6.214700663771167, 6.214700663771167, 6.9184868658283145, 8.506131622165926, 6.34375, 7.033433303002011, 7.033433303002011, 9.201826509509463, 7.25, 7.871368485865579, 7.871368485865579, 9.931541933335987, 8.15625, 8.722974136025956, 8.722974136025956, 9.21392627782931, 10.688312184863946, 9.0625, 9.584607025865889, 9.584607025865889, 9.393636363254666, 11.466781923173176, 9.96875, 10.453788022902405, 10.453788022902405, 12.262819256235947, 10.875, 11.328779914018886, 11.328779914018886, 13.073215468032764, 11.78125, 12.208333333333334, 12.208333333333334, 13.895458515684581, 12.6875, 13.091528915305414, 13.091528915305414, 14.727564298743058, 13.59375, 13.97767627425166, 13.97767627425166, 14.866247570933217, 14.866247570933217], [3.0046260628866577, 3.0046260628866577, 2.8348839200711162, 2.8348839200711162, 0.0, 2.9475301572295707, 2.9475301572295707, 0.90625, 3.313891872146371, 3.313891872146371, 1.8125, 5.363150212171014, 3.8624348250524276, 3.8624348250524276, 2.71875, 6.285118350008304, 3.1040481934978694, 4.527416961168672, 4.527416961168672, 3.625, 6.726941066421729, 5.264901141310991, 5.264901141310991, 4.53125, 7.255572870119292, 6.048424740399584, 6.048424740399584, 5.4375, 7.853503508696683, 5.807138144440926, 6.8622356253467265, 6.8622356253467265, 6.34375, 8.506131622165926, 7.696732543117097, 7.696732543117097, 7.25, 9.201826509509463, 8.545857711650585, 8.545857711650585, 8.15625, 9.931541933335987, 10.03728187433646, 9.405650128527947, 9.405650128527947, 9.0625, 10.688312184863946, 10.252933274038524, 10.273431888992976, 10.273431888992976, 9.96875, 11.466781923173176, 11.147337320646477, 11.147337320646477, 10.875, 12.262819256235947, 12.026031516164332, 12.026031516164332, 11.78125, 13.073215468032764, 12.9085365878661, 12.9085365878661, 12.6875, 13.895458515684581, 13.79412113103904, 13.79412113103904, 13.59375, 14.727564298743058, 14.5, 15.567951410224504], [1.8125, 5.949476225779133, 0.90625, 5.738675820571425, 2.9475301572295707, 0.0, 5.666666666666667, 2.8348839200711162, 0.90625, 5.738675820571425, 3.0046260628866577, 7.740493659166355, 1.8125, 5.949476225779133, 3.414903635577112, 8.71113018284654, 4.10070380528628, 2.71875, 6.285118350008305, 3.992234215045227, 8.953220440154482, 3.625, 6.7269410664217295, 4.675134152115613, 9.277882385679396, 4.53125, 7.255572870119293, 5.423873410928557, 9.676808616480953, 5.296704918393738, 5.4375, 7.853503508696683, 6.214700663771167, 10.141238906686894, 6.34375, 8.506131622165926, 7.033433303002011, 10.662617232649778, 7.25, 9.201826509509463, 7.871368485865579, 11.233016694659543, 10.97422207467114, 8.15625, 9.931541933335987, 8.722974136025956, 11.845357740482134, 11.208469335085926, 9.0625, 10.688312184863946, 9.584607025865889, 12.493474859401607, 9.96875, 11.466781923173176, 10.453788022902405, 13.172088150707161, 10.875, 12.262819256235947, 11.328779914018886, 13.876724273491204, 11.78125, 13.073215468032764, 12.208333333333334, 14.603616846521275, 12.6875, 13.895458515684581, 13.091528915305414, 15.34960428032267, 13.97767627425166, 16.112034516162137], [5.949476225779133, 1.8125, 5.738675820571425, 0.90625, 2.9475301572295707, 5.666666666666667, 0.0, 2.8348839200711162, 5.738675820571425, 0.90625, 3.0046260628866577, 2.5712289547592806, 5.949476225779133, 1.8125, 3.414903635577112, 3.414903635577112, 3.1522864673798394, 6.285118350008305, 2.71875, 3.992234215045227, 3.992234215045227, 6.7269410664217295, 3.625, 4.675134152115613, 4.675134152115613, 7.255572870119293, 4.53125, 5.423873410928557, 5.423873410928557, 6.17374093736726, 7.853503508696683, 5.4375, 6.214700663771167, 6.214700663771167, 8.506131622165926, 6.34375, 7.033433303002011, 7.033433303002011, 9.201826509509463, 7.25, 7.871368485865579, 7.871368485865579, 8.324482047466624, 9.931541933335987, 8.15625, 8.722974136025956, 8.722974136025956, 8.507343459582447, 10.688312184863946, 9.0625, 9.584607025865889, 9.584607025865889, 11.466781923173176, 9.96875, 10.453788022902405, 10.453788022902405, 12.262819256235947, 10.875, 11.328779914018886, 11.328779914018886, 13.073215468032764, 11.78125, 12.208333333333334, 12.208333333333334, 13.895458515684581, 12.6875, 13.091528915305414, 13.091528915305414, 13.97767627425166, 13.97767627425166], [3.414903635577112, 3.414903635577112, 3.0046260628866577, 3.0046260628866577, 0.90625, 2.8348839200711162, 2.8348839200711162, 0.0, 2.9475301572295707, 2.9475301572295707, 0.90625, 4.991326956264415, 3.313891872146371, 3.313891872146371, 1.8125, 5.949476225779132, 2.2223685172489884, 3.8624348250524276, 3.8624348250524276, 2.71875, 6.285118350008304, 4.527416961168672, 4.527416961168672, 3.625, 6.726941066421729, 5.264901141310991, 5.264901141310991, 4.53125, 7.255572870119292, 4.913490811297635, 6.048424740399584, 6.048424740399584, 5.4375, 7.853503508696683, 6.8622356253467265, 6.8622356253467265, 6.34375, 8.506131622165926, 7.696732543117097, 7.696732543117097, 7.25, 9.201826509509463, 9.236747977789793, 8.545857711650585, 8.545857711650585, 8.15625, 9.931541933335987, 9.456587714980822, 9.405650128527947, 9.405650128527947, 9.0625, 10.688312184863946, 10.273431888992976, 10.273431888992976, 9.96875, 11.466781923173176, 11.147337320646477, 11.147337320646477, 10.875, 12.262819256235947, 12.026031516164332, 12.026031516164332, 11.78125, 13.073215468032764, 12.9085365878661, 12.9085365878661, 12.6875, 13.895458515684581, 13.59375, 14.727564298743058], [2.71875, 6.285118350008305, 1.8125, 5.949476225779133, 3.313891872146371, 0.90625, 5.738675820571425, 2.9475301572295707, 0.0, 5.666666666666667, 2.8348839200711162, 7.585371640441644, 0.90625, 5.738675820571425, 3.0046260628866577, 8.558621384311845, 3.6867647860409343, 1.8125, 5.949476225779133, 3.414903635577112, 8.71113018284654, 2.71875, 6.285118350008305, 3.992234215045227, 8.953220440154482, 3.625, 6.7269410664217295, 4.675134152115613, 9.277882385679396, 4.466237540326521, 4.53125, 7.255572870119293, 5.423873410928557, 9.676808616480953, 5.4375, 7.853503508696683, 6.214700663771167, 10.141238906686894, 6.34375, 8.506131622165926, 7.033433303002011, 10.662617232649778, 10.318754390648126, 7.25, 9.201826509509463, 7.871368485865579, 11.233016694659543, 10.554944413629162, 8.15625, 9.931541933335987, 8.722974136025956, 11.845357740482134, 9.0625, 10.688312184863946, 9.584607025865889, 12.493474859401607, 9.96875, 11.466781923173176, 10.453788022902405, 13.172088150707161, 10.875, 12.262819256235947, 11.328779914018886, 13.876724273491204, 11.78125, 13.073215468032764, 12.208333333333334, 14.603616846521275, 13.091528915305414, 15.34960428032267], [6.285118350008305, 2.71875, 5.949476225779133, 1.8125, 3.313891872146371, 5.738675820571425, 0.90625, 2.9475301572295707, 5.666666666666667, 0.0, 2.8348839200711162, 2.057629503534177, 5.738675820571425, 0.90625, 3.0046260628866577, 3.0046260628866577, 2.5910177269420887, 5.949476225779133, 1.8125, 3.414903635577112, 3.414903635577112, 6.285118350008305, 2.71875, 3.992234215045227, 3.992234215045227, 6.7269410664217295, 3.625, 4.675134152115613, 4.675134152115613, 5.477889368708523, 7.255572870119293, 4.53125, 5.423873410928557, 5.423873410928557, 7.853503508696683, 5.4375, 6.214700663771167, 6.214700663771167, 8.506131622165926, 6.34375, 7.033433303002011, 7.033433303002011, 7.439095602888483, 9.201826509509463, 7.25, 7.871368485865579, 7.871368485865579, 7.625743208274203, 9.931541933335987, 8.15625, 8.722974136025956, 8.722974136025956, 10.688312184863946, 9.0625, 9.584607025865889, 9.584607025865889, 11.466781923173176, 9.96875, 10.453788022902405, 10.453788022902405, 12.262819256235947, 10.875, 11.328779914018886, 11.328779914018886, 13.073215468032764, 11.78125, 12.208333333333334, 12.208333333333334, 13.091528915305414, 13.091528915305414], [3.992234215045227, 3.992234215045227, 3.414903635577112, 3.414903635577112, 1.8125, 3.0046260628866577, 3.0046260628866577, 0.90625, 2.8348839200711162, 2.8348839200711162, 0.0, 4.765069516319106, 2.9475301572295707, 2.9475301572295707, 0.90625, 5.738675820571424, 1.3730646708591512, 3.313891872146371, 3.313891872146371, 1.8125, 5.949476225779132, 3.8624348250524276, 3.8624348250524276, 2.71875, 6.285118350008304, 4.527416961168672, 4.527416961168672, 3.625, 6.726941066421729, 4.025482406096414, 5.264901141310991, 5.264901141310991, 4.53125, 7.255572870119292, 6.048424740399584, 6.048424740399584, 5.4375, 7.853503508696683, 6.8622356253467265, 6.8622356253467265, 6.34375, 8.506131622165926, 8.457575131828536, 7.696732543117097, 7.696732543117097, 7.25, 9.201826509509463, 8.681822379279946, 8.545857711650585, 8.545857711650585, 8.15625, 9.931541933335987, 9.405650128527947, 9.405650128527947, 9.0625, 10.688312184863946, 10.273431888992976, 10.273431888992976, 9.96875, 11.466781923173176, 11.147337320646477, 11.147337320646477, 10.875, 12.262819256235947, 12.026031516164332, 12.026031516164332, 11.78125, 13.073215468032764, 12.6875, 13.895458515684581], [8.342525684140922, 4.0365469204195925, 7.9959489353404924, 3.2605483628939935, 5.363150212171014, 7.740493659166355, 2.5712289547592806, 4.991326956264415, 7.585371640441644, 2.057629503534177, 4.765069516319106, 0.0, 7.536780604783329, 1.8705716064444327, 4.705423289288159, 0.9737020553970622, 4.122854417608154, 7.59676503326646, 2.099241582300119, 4.818579385295753, 1.4233041325402893, 7.762808395270475, 2.6376448646244457, 5.093032925322494, 2.17854808065557, 8.028332798140818, 3.339177109394096, 5.504710672636738, 3.018099890783913, 6.422962431758808, 8.383891636866817, 4.121360846725668, 6.025551669802741, 3.8877191625388363, 8.818601281651596, 4.946079742073021, 6.629878157740488, 4.770992742374848, 9.321394545655117, 5.79520254399852, 7.296977043441085, 5.661533478998007, 6.391539862717214, 9.88188454252481, 6.6594007509676665, 8.011182289994904, 6.556380788578183, 6.535479560167565, 10.490827711520792, 7.53348805819791, 8.76098096787967, 7.453983826173684, 11.14028133212238, 8.414383186486834, 9.537982568686715, 8.353454305967123, 11.823571726422443, 9.300151860053369, 10.33605406171008, 9.254247723499867, 12.535166800082, 10.189523195718039, 11.150672346437915, 10.156012068667716, 13.270514050589743, 11.081629817725267, 11.978462009525138, 11.058509821623622, 12.816871247486993, 11.96157497723305], [3.625, 6.7269410664217295, 2.71875, 6.285118350008305, 3.8624348250524276, 1.8125, 5.949476225779133, 3.313891872146371, 0.90625, 5.738675820571425, 2.9475301572295707, 7.536780604783329, 0.0, 5.666666666666667, 2.8348839200711162, 8.50051698795432, 3.465728725894965, 0.90625, 5.738675820571425, 3.0046260628866577, 8.558621384311845, 1.8125, 5.949476225779133, 3.414903635577112, 8.71113018284654, 2.71875, 6.285118350008305, 3.992234215045227, 8.953220440154482, 3.671791206714699, 3.625, 6.7269410664217295, 4.675134152115613, 9.277882385679396, 4.53125, 7.255572870119293, 5.423873410928557, 9.676808616480953, 5.4375, 7.853503508696683, 6.214700663771167, 10.141238906686894, 9.703731876440147, 6.34375, 8.506131622165926, 7.033433303002011, 10.662617232649778, 9.941151665629155, 7.25, 9.201826509509463, 7.871368485865579, 11.233016694659543, 8.15625, 9.931541933335987, 8.722974136025956, 11.845357740482134, 9.0625, 10.688312184863946, 9.584607025865889, 12.493474859401607, 9.96875, 11.466781923173176, 10.453788022902405, 13.172088150707161, 10.875, 12.262819256235947, 11.328779914018886, 13.876724273491204, 12.208333333333334, 14.603616846521275], [6.7269410664217295, 3.625, 6.285118350008305, 2.71875, 3.8624348250524276, 5.949476225779133, 1.8125, 3.313891872146371, 5.738675820571425, 0.90625, 2.9475301572295707, 1.8705716064444327, 5.666666666666667, 0.0, 2.8348839200711162, 2.834883920071116, 2.2654831438856986, 5.738675820571425, 0.90625, 3.0046260628866577, 3.0046260628866577, 5.949476225779133, 1.8125, 3.414903635577112, 3.414903635577112, 6.285118350008305, 2.71875, 3.992234215045227, 3.992234215045227, 4.852014513054896, 6.7269410664217295, 3.625, 4.675134152115613, 4.675134152115613, 7.255572870119293, 4.53125, 5.423873410928557, 5.423873410928557, 7.853503508696683, 5.4375, 6.214700663771167, 6.214700663771167, 6.559410304610879, 8.506131622165926, 6.34375, 7.033433303002011, 7.033433303002011, 6.750674362075245, 9.201826509509463, 7.25, 7.871368485865579, 7.871368485865579, 9.931541933335987, 8.15625, 8.722974136025956, 8.722974136025956, 10.688312184863946, 9.0625, 9.584607025865889, 9.584607025865889, 11.466781923173176, 9.96875, 10.453788022902405, 10.453788022902405, 12.262819256235947, 10.875, 11.328779914018886, 11.328779914018886, 12.208333333333334, 12.208333333333334], [4.675134152115613, 4.675134152115613, 3.992234215045227, 3.992234215045227, 2.71875, 3.414903635577112, 3.414903635577112, 1.8125, 3.0046260628866577, 3.0046260628866577, 0.90625, 4.705423289288159, 2.8348839200711162, 2.8348839200711162, 0.0, 5.666666666666666, 0.6886722582358245, 2.9475301572295707, 2.9475301572295707, 0.90625, 5.738675820571424, 3.313891872146371, 3.313891872146371, 1.8125, 5.949476225779132, 3.8624348250524276, 3.8624348250524276, 2.71875, 6.285118350008304, 3.1478887172003485, 4.527416961168672, 4.527416961168672, 3.625, 6.726941066421729, 5.264901141310991, 5.264901141310991, 4.53125, 7.255572870119292, 6.048424740399584, 6.048424740399584, 5.4375, 7.853503508696683, 7.706245463313838, 6.8622356253467265, 6.8622356253467265, 6.34375, 8.506131622165926, 7.93496103107041, 7.696732543117097, 7.696732543117097, 7.25, 9.201826509509463, 8.545857711650585, 8.545857711650585, 8.15625, 9.931541933335987, 9.405650128527947, 9.405650128527947, 9.0625, 10.688312184863946, 10.273431888992976, 10.273431888992976, 9.96875, 11.466781923173176, 11.147337320646477, 11.147337320646477, 10.875, 12.262819256235947, 11.78125, 13.073215468032764], [9.277882385679396, 4.675134152115613, 8.953220440154482, 3.992234215045227, 6.285118350008304, 8.71113018284654, 3.414903635577112, 5.949476225779132, 8.558621384311845, 3.0046260628866577, 5.738675820571424, 0.9737020553970622, 8.50051698795432, 2.834883920071116, 5.666666666666666, 0.0, 5.070159648779457, 8.538744418824116, 2.9475301572295707, 5.738675820571424, 0.90625, 8.672029840959958, 3.3138918721463706, 5.949476225779132, 1.8125, 8.896101674329042, 3.8624348250524276, 6.285118350008304, 2.71875, 7.216668806047312, 9.204331945475456, 4.527416961168672, 6.726941066421729, 3.625, 9.588608149778569, 5.264901141310991, 7.255572870119292, 4.53125, 10.04020239151084, 6.048424740399584, 7.853503508696683, 5.4375, 6.353013573600407, 10.550473923004596, 6.8622356253467265, 8.506131622165926, 6.34375, 6.4668249999095995, 11.11134168597564, 7.696732543117097, 9.201826509509463, 7.25, 11.715541227361202, 8.545857711650585, 9.931541933335987, 8.15625, 12.356717871769186, 9.405650128527947, 10.688312184863946, 9.0625, 13.029413839463386, 10.273431888992976, 11.466781923173176, 9.96875, 13.728996742752182, 11.147337320646477, 12.262819256235947, 10.875, 13.073215468032764, 11.78125], [5.309480228410801, 4.616461693724091, 4.656381313293328, 3.8474699749996732, 3.1040481934978694, 4.10070380528628, 3.1522864673798394, 2.2223685172489884, 3.6867647860409343, 2.5910177269420887, 1.3730646708591512, 4.122854417608154, 3.465728725894965, 2.2654831438856986, 0.6886722582358245, 5.070159648779457, 0.0, 3.4746071346838074, 2.2790421264496867, 0.8401252842080824, 5.09294216323075, 3.7117505309890775, 2.6264482248912486, 1.6062159356910244, 5.273725345229461, 4.138099490490747, 3.2007820398984483, 2.4691348476682826, 5.597220406667731, 3.0814966804114654, 4.702469660412692, 3.903121722523979, 3.3549817115555127, 6.0405423324168295, 5.361450600910536, 4.676140590245404, 4.249441822024869, 6.579514053759733, 6.084378547551593, 5.490063805061168, 5.148027528838217, 7.1926654880179095, 7.093505815748444, 6.851040081535657, 6.329130151335553, 6.04890049526178, 7.862661545966862, 7.31934318313841, 7.648294987296854, 7.184535787818645, 6.951171490510092, 8.57618997430258, 8.467506147125745, 8.051074377084648, 7.854358732855431, 9.32326125823095, 9.302874965058615, 8.925503957158444, 8.75817876292123, 10.096432272250047, 10.150412947482305, 9.805713705700015, 9.662454010611722, 10.890145402703965, 11.007309458642403, 10.69027594555235, 10.567067611030442, 11.70022082188778, 11.47193952259123, 12.5234837722911], [4.53125, 7.255572870119293, 3.625, 6.7269410664217295, 4.527416961168672, 2.71875, 6.285118350008305, 3.8624348250524276, 1.8125, 5.949476225779133, 3.313891872146371, 7.59676503326646, 0.90625, 5.738675820571425, 2.9475301572295707, 8.538744418824116, 3.4746071346838074, 0.0, 5.666666666666667, 2.8348839200711162, 8.50051698795432, 0.90625, 5.738675820571425, 3.0046260628866577, 8.558621384311845, 1.8125, 5.949476225779133, 3.414903635577112, 8.71113018284654, 2.9426861351141187, 2.71875, 6.285118350008305, 3.992234215045227, 8.953220440154482, 3.625, 6.7269410664217295, 4.675134152115613, 9.277882385679396, 4.53125, 7.255572870119293, 5.423873410928557, 9.676808616480953, 9.13732513431372, 5.4375, 7.853503508696683, 6.214700663771167, 10.141238906686894, 9.374898368957458, 6.34375, 8.506131622165926, 7.033433303002011, 10.662617232649778, 7.25, 9.201826509509463, 7.871368485865579, 11.233016694659543, 8.15625, 9.931541933335987, 8.722974136025956, 11.845357740482134, 9.0625, 10.688312184863946, 9.584607025865889, 12.493474859401607, 9.96875, 11.466781923173176, 10.453788022902405, 13.172088150707161, 11.328779914018886, 13.876724273491204], [7.255572870119293, 4.53125, 6.7269410664217295, 3.625, 4.527416961168672, 6.285118350008305, 2.71875, 3.8624348250524276, 5.949476225779133, 1.8125, 3.313891872146371, 2.099241582300119, 5.738675820571425, 0.90625, 2.9475301572295707, 2.9475301572295707, 2.2790421264496867, 5.666666666666667, 0.0, 2.8348839200711162, 2.834883920071116, 5.738675820571425, 0.90625, 3.0046260628866577, 3.0046260628866577, 5.949476225779133, 1.8125, 3.414903635577112, 3.414903635577112, 4.326591713922268, 6.285118350008305, 2.71875, 3.992234215045227, 3.992234215045227, 6.7269410664217295, 3.625, 4.675134152115613, 4.675134152115613, 7.255572870119293, 4.53125, 5.423873410928557, 5.423873410928557, 5.688071889889932, 7.853503508696683, 5.4375, 6.214700663771167, 6.214700663771167, 5.885051174970351, 8.506131622165926, 6.34375, 7.033433303002011, 7.033433303002011, 9.201826509509463, 7.25, 7.871368485865579, 7.871368485865579, 9.931541933335987, 8.15625, 8.722974136025956, 8.722974136025956, 10.688312184863946, 9.0625, 9.584607025865889, 9.584607025865889, 11.466781923173176, 9.96875, 10.453788022902405, 10.453788022902405, 11.328779914018886, 11.328779914018886], [5.423873410928557, 5.423873410928557, 4.675134152115613, 4.675134152115613, 3.625, 3.992234215045227, 3.992234215045227, 2.71875, 3.414903635577112, 3.414903635577112, 1.8125, 4.818579385295753, 3.0046260628866577, 3.0046260628866577, 0.90625, 5.738675820571424, 0.8401252842080824, 2.8348839200711162, 2.8348839200711162, 0.0, 5.666666666666666, 2.9475301572295707, 2.9475301572295707, 0.90625, 5.738675820571424, 3.313891872146371, 3.313891872146371, 1.8125, 5.949476225779132, 2.292700650970977, 3.8624348250524276, 3.8624348250524276, 2.71875, 6.285118350008304, 4.527416961168672, 4.527416961168672, 3.625, 6.726941066421729, 5.264901141310991, 5.264901141310991, 4.53125, 7.255572870119292, 6.991740791545819, 6.048424740399584, 6.048424740399584, 5.4375, 7.853503508696683, 7.224662720767376, 6.8622356253467265, 6.8622356253467265, 6.34375, 8.506131622165926, 7.696732543117097, 7.696732543117097, 7.25, 9.201826509509463, 8.545857711650585, 8.545857711650585, 8.15625, 9.931541933335987, 9.405650128527947, 9.405650128527947, 9.0625, 10.688312184863946, 10.273431888992976, 10.273431888992976, 9.96875, 11.466781923173176, 10.875, 12.262819256235947], [9.676808616480953, 5.423873410928557, 9.277882385679396, 4.675134152115613, 6.726941066421729, 8.953220440154482, 3.992234215045227, 6.285118350008304, 8.71113018284654, 3.414903635577112, 5.949476225779132, 1.4233041325402893, 8.558621384311845, 3.0046260628866577, 5.738675820571424, 0.90625, 5.09294216323075, 8.50051698795432, 2.834883920071116, 5.666666666666666, 0.0, 8.538744418824116, 2.9475301572295707, 5.738675820571424, 0.90625, 8.672029840959958, 3.3138918721463706, 5.949476225779132, 1.8125, 6.886768585865348, 8.896101674329042, 3.8624348250524276, 6.285118350008304, 2.71875, 9.204331945475456, 4.527416961168672, 6.726941066421729, 3.625, 9.588608149778569, 5.264901141310991, 7.255572870119292, 4.53125, 5.464339083701857, 10.04020239151084, 6.048424740399584, 7.853503508696683, 5.4375, 5.572429492034482, 10.550473923004596, 6.8622356253467265, 8.506131622165926, 6.34375, 11.11134168597564, 7.696732543117097, 9.201826509509463, 7.25, 11.715541227361202, 8.545857711650585, 9.931541933335987, 8.15625, 12.356717871769186, 9.405650128527947, 10.688312184863946, 9.0625, 13.029413839463386, 10.273431888992976, 11.466781923173176, 9.96875, 12.262819256235947, 10.875], [5.4375, 7.853503508696683, 4.53125, 7.255572870119293, 5.264901141310991, 3.625, 6.7269410664217295, 4.527416961168672, 2.71875, 6.285118350008305, 3.8624348250524276, 7.762808395270475, 1.8125, 5.949476225779133, 3.313891872146371, 8.672029840959958, 3.7117505309890775, 0.90625, 5.738675820571425, 2.9475301572295707, 8.538744418824116, 0.0, 5.666666666666667, 2.8348839200711162, 8.50051698795432, 0.90625, 5.738675820571425, 3.0046260628866577, 8.558621384311845, 2.3407970520483734, 1.8125, 5.949476225779133, 3.414903635577112, 8.71113018284654, 2.71875, 6.285118350008305, 3.992234215045227, 8.953220440154482, 3.625, 6.7269410664217295, 4.675134152115613, 9.277882385679396, 8.629112759460376, 4.53125, 7.255572870119293, 5.423873410928557, 9.676808616480953, 8.865298671929844, 5.4375, 7.853503508696683, 6.214700663771167, 10.141238906686894, 6.34375, 8.506131622165926, 7.033433303002011, 10.662617232649778, 7.25, 9.201826509509463, 7.871368485865579, 11.233016694659543, 8.15625, 9.931541933335987, 8.722974136025956, 11.845357740482134, 9.0625, 10.688312184863946, 9.584607025865889, 12.493474859401607, 10.453788022902405, 13.172088150707161], [7.853503508696683, 5.4375, 7.255572870119293, 4.53125, 5.264901141310991, 6.7269410664217295, 3.625, 4.527416961168672, 6.285118350008305, 2.71875, 3.8624348250524276, 2.6376448646244457, 5.949476225779133, 1.8125, 3.313891872146371, 3.3138918721463706, 2.6264482248912486, 5.738675820571425, 0.90625, 2.9475301572295707, 2.9475301572295707, 5.666666666666667, 0.0, 2.8348839200711162, 2.834883920071116, 5.738675820571425, 0.90625, 3.0046260628866577, 3.0046260628866577, 3.9419950542924727, 5.949476225779133, 1.8125, 3.414903635577112, 3.414903635577112, 6.285118350008305, 2.71875, 3.992234215045227, 3.992234215045227, 6.7269410664217295, 3.625, 4.675134152115613, 4.675134152115613, 4.8296002142906875, 7.255572870119293, 4.53125, 5.423873410928557, 5.423873410928557, 5.033748945493784, 7.853503508696683, 5.4375, 6.214700663771167, 6.214700663771167, 8.506131622165926, 6.34375, 7.033433303002011, 7.033433303002011, 9.201826509509463, 7.25, 7.871368485865579, 7.871368485865579, 9.931541933335987, 8.15625, 8.722974136025956, 8.722974136025956, 10.688312184863946, 9.0625, 9.584607025865889, 9.584607025865889, 10.453788022902405, 10.453788022902405], [6.214700663771167, 6.214700663771167, 5.423873410928557, 5.423873410928557, 4.53125, 4.675134152115613, 4.675134152115613, 3.625, 3.992234215045227, 3.992234215045227, 2.71875, 5.093032925322494, 3.414903635577112, 3.414903635577112, 1.8125, 5.949476225779132, 1.6062159356910244, 3.0046260628866577, 3.0046260628866577, 0.90625, 5.738675820571424, 2.8348839200711162, 2.8348839200711162, 0.0, 5.666666666666666, 2.9475301572295707, 2.9475301572295707, 0.90625, 5.738675820571424, 1.4987752663585787, 3.313891872146371, 3.313891872146371, 1.8125, 5.949476225779132, 3.8624348250524276, 3.8624348250524276, 2.71875, 6.285118350008304, 4.527416961168672, 4.527416961168672, 3.625, 6.726941066421729, 6.32655021133053, 5.264901141310991, 5.264901141310991, 4.53125, 7.255572870119292, 6.562809948344211, 6.048424740399584, 6.048424740399584, 5.4375, 7.853503508696683, 6.8622356253467265, 6.8622356253467265, 6.34375, 8.506131622165926, 7.696732543117097, 7.696732543117097, 7.25, 9.201826509509463, 8.545857711650585, 8.545857711650585, 8.15625, 9.931541933335987, 9.405650128527947, 9.405650128527947, 9.0625, 10.688312184863946, 9.96875, 11.466781923173176], [10.141238906686894, 6.214700663771167, 9.676808616480953, 5.423873410928557, 7.255572870119292, 9.277882385679396, 4.675134152115613, 6.726941066421729, 8.953220440154482, 3.992234215045227, 6.285118350008304, 2.17854808065557, 8.71113018284654, 3.414903635577112, 5.949476225779132, 1.8125, 5.273725345229461, 8.558621384311845, 3.0046260628866577, 5.738675820571424, 0.90625, 8.50051698795432, 2.834883920071116, 5.666666666666666, 0.0, 8.538744418824116, 2.9475301572295707, 5.738675820571424, 0.90625, 6.664640468873569, 8.672029840959958, 3.3138918721463706, 5.949476225779132, 1.8125, 8.896101674329042, 3.8624348250524276, 6.285118350008304, 2.71875, 9.204331945475456, 4.527416961168672, 6.726941066421729, 3.625, 4.58255386242129, 9.588608149778569, 5.264901141310991, 7.255572870119292, 4.53125, 4.682594732937665, 10.04020239151084, 6.048424740399584, 7.853503508696683, 5.4375, 10.550473923004596, 6.8622356253467265, 8.506131622165926, 6.34375, 11.11134168597564, 7.696732543117097, 9.201826509509463, 7.25, 11.715541227361202, 8.545857711650585, 9.931541933335987, 8.15625, 12.356717871769186, 9.405650128527947, 10.688312184863946, 9.0625, 11.466781923173176, 9.96875], [6.34375, 8.506131622165926, 5.4375, 7.853503508696683, 6.048424740399584, 4.53125, 7.255572870119293, 5.264901141310991, 3.625, 6.7269410664217295, 4.527416961168672, 8.028332798140818, 2.71875, 6.285118350008305, 3.8624348250524276, 8.896101674329042, 4.138099490490747, 1.8125, 5.949476225779133, 3.313891872146371, 8.672029840959958, 0.90625, 5.738675820571425, 2.9475301572295707, 8.538744418824116, 0.0, 5.666666666666667, 2.8348839200711162, 8.50051698795432, 1.9854062841050548, 0.90625, 5.738675820571425, 3.0046260628866577, 8.558621384311845, 1.8125, 5.949476225779133, 3.414903635577112, 8.71113018284654, 2.71875, 6.285118350008305, 3.992234215045227, 8.953220440154482, 8.189935381051702, 3.625, 6.7269410664217295, 4.675134152115613, 9.277882385679396, 8.422642090327772, 4.53125, 7.255572870119293, 5.423873410928557, 9.676808616480953, 5.4375, 7.853503508696683, 6.214700663771167, 10.141238906686894, 6.34375, 8.506131622165926, 7.033433303002011, 10.662617232649778, 7.25, 9.201826509509463, 7.871368485865579, 11.233016694659543, 8.15625, 9.931541933335987, 8.722974136025956, 11.845357740482134, 9.584607025865889, 12.493474859401607], [8.506131622165926, 6.34375, 7.853503508696683, 5.4375, 6.048424740399584, 7.255572870119293, 4.53125, 5.264901141310991, 6.7269410664217295, 3.625, 4.527416961168672, 3.339177109394096, 6.285118350008305, 2.71875, 3.8624348250524276, 3.8624348250524276, 3.2007820398984483, 5.949476225779133, 1.8125, 3.313891872146371, 3.3138918721463706, 5.738675820571425, 0.90625, 2.9475301572295707, 2.9475301572295707, 5.666666666666667, 0.0, 2.8348839200711162, 2.834883920071116, 3.741902227764884, 5.738675820571425, 0.90625, 3.0046260628866577, 3.0046260628866577, 5.949476225779133, 1.8125, 3.414903635577112, 3.414903635577112, 6.285118350008305, 2.71875, 3.992234215045227, 3.992234215045227, 3.9923041918417597, 6.7269410664217295, 3.625, 4.675134152115613, 4.675134152115613, 4.205473538794373, 7.255572870119293, 4.53125, 5.423873410928557, 5.423873410928557, 7.853503508696683, 5.4375, 6.214700663771167, 6.214700663771167, 8.506131622165926, 6.34375, 7.033433303002011, 7.033433303002011, 9.201826509509463, 7.25, 7.871368485865579, 7.871368485865579, 9.931541933335987, 8.15625, 8.722974136025956, 8.722974136025956, 9.584607025865889, 9.584607025865889], [7.033433303002011, 7.033433303002011, 6.214700663771167, 6.214700663771167, 5.4375, 5.423873410928557, 5.423873410928557, 4.53125, 4.675134152115613, 4.675134152115613, 3.625, 5.504710672636738, 3.992234215045227, 3.992234215045227, 2.71875, 6.285118350008304, 2.4691348476682826, 3.414903635577112, 3.414903635577112, 1.8125, 5.949476225779132, 3.0046260628866577, 3.0046260628866577, 0.90625, 5.738675820571424, 2.8348839200711162, 2.8348839200711162, 0.0, 5.666666666666666, 0.9374201022667021, 2.9475301572295707, 2.9475301572295707, 0.90625, 5.738675820571424, 3.313891872146371, 3.313891872146371, 1.8125, 5.949476225779132, 3.8624348250524276, 3.8624348250524276, 2.71875, 6.285118350008304, 5.727880409174673, 4.527416961168672, 4.527416961168672, 3.625, 6.726941066421729, 5.965549055395122, 5.264901141310991, 5.264901141310991, 4.53125, 7.255572870119292, 6.048424740399584, 6.048424740399584, 5.4375, 7.853503508696683, 6.8622356253467265, 6.8622356253467265, 6.34375, 8.506131622165926, 7.696732543117097, 7.696732543117097, 7.25, 9.201826509509463, 8.545857711650585, 8.545857711650585, 8.15625, 9.931541933335987, 9.0625, 10.688312184863946], [10.662617232649778, 7.033433303002011, 10.141238906686894, 6.214700663771167, 7.853503508696683, 9.676808616480953, 5.423873410928557, 7.255572870119292, 9.277882385679396, 4.675134152115613, 6.726941066421729, 3.018099890783913, 8.953220440154482, 3.992234215045227, 6.285118350008304, 2.71875, 5.597220406667731, 8.71113018284654, 3.414903635577112, 5.949476225779132, 1.8125, 8.558621384311845, 3.0046260628866577, 5.738675820571424, 0.90625, 8.50051698795432, 2.834883920071116, 5.666666666666666, 0.0, 6.561239343937453, 8.538744418824116, 2.9475301572295707, 5.738675820571424, 0.90625, 8.672029840959958, 3.3138918721463706, 5.949476225779132, 1.8125, 8.896101674329042, 3.8624348250524276, 6.285118350008304, 2.71875, 3.712570040728243, 9.204331945475456, 4.527416961168672, 6.726941066421729, 3.625, 3.8005255619684295, 9.588608149778569, 5.264901141310991, 7.255572870119292, 4.53125, 10.04020239151084, 6.048424740399584, 7.853503508696683, 5.4375, 10.550473923004596, 6.8622356253467265, 8.506131622165926, 6.34375, 11.11134168597564, 7.696732543117097, 9.201826509509463, 7.25, 11.715541227361202, 8.545857711650585, 9.931541933335987, 8.15625, 10.688312184863946, 9.0625], [7.014159095669662, 7.697949206675334, 6.148614993919438, 6.9184868658283145, 5.807138144440926, 5.296704918393738, 6.17374093736726, 4.913490811297635, 4.466237540326521, 5.477889368708523, 4.025482406096414, 6.422962431758808, 3.671791206714699, 4.852014513054896, 3.1478887172003485, 7.216668806047312, 3.0814966804114654, 2.9426861351141187, 4.326591713922268, 2.292700650970977, 6.886768585865348, 2.3407970520483734, 3.9419950542924727, 1.4987752663585787, 6.664640468873569, 1.9854062841050548, 3.741902227764884, 0.9374201022667021, 6.561239343937453, 0.0, 2.011696674961046, 3.755917688293673, 1.0741339405396333, 6.582162942568216, 2.4071948479786207, 3.9817811598985164, 1.7525264966055967, 6.726251140241773, 3.0306482285511627, 4.3868921635262765, 2.575172352560149, 6.985887053602373, 6.290520256667064, 3.770629716546798, 4.927234785200898, 3.4400950996267032, 7.348833892174644, 6.526342096872272, 4.570891199579276, 5.56354567947269, 4.3219872823229295, 7.800684543606427, 5.404722229909392, 6.266659122025445, 5.21224250852228, 8.326978878797862, 6.258720039398011, 7.016521267747302, 6.107204597173089, 8.914541674815995, 7.125637431531844, 7.79966043971375, 7.005069745606935, 9.552073461878141, 8.001276098519112, 8.606997930400656, 7.90484879140032, 10.230236541507834, 8.805955076764166, 10.941478423608377], [7.25, 9.201826509509463, 6.34375, 8.506131622165926, 6.8622356253467265, 5.4375, 7.853503508696683, 6.048424740399584, 4.53125, 7.255572870119293, 5.264901141310991, 8.383891636866817, 3.625, 6.7269410664217295, 4.527416961168672, 9.204331945475456, 4.702469660412692, 2.71875, 6.285118350008305, 3.8624348250524276, 8.896101674329042, 1.8125, 5.949476225779133, 3.313891872146371, 8.672029840959958, 0.90625, 5.738675820571425, 2.9475301572295707, 8.538744418824116, 2.011696674961046, 0.0, 5.666666666666667, 2.8348839200711162, 8.50051698795432, 0.90625, 5.738675820571425, 3.0046260628866577, 8.558621384311845, 1.8125, 5.949476225779133, 3.414903635577112, 8.71113018284654, 7.831415849073725, 2.71875, 6.285118350008305, 3.992234215045227, 8.953220440154482, 8.057968549578787, 3.625, 6.7269410664217295, 4.675134152115613, 9.277882385679396, 4.53125, 7.255572870119293, 5.423873410928557, 9.676808616480953, 5.4375, 7.853503508696683, 6.214700663771167, 10.141238906686894, 6.34375, 8.506131622165926, 7.033433303002011, 10.662617232649778, 7.25, 9.201826509509463, 7.871368485865579, 11.233016694659543, 8.722974136025956, 11.845357740482134], [9.201826509509463, 7.25, 8.506131622165926, 6.34375, 6.8622356253467265, 7.853503508696683, 5.4375, 6.048424740399584, 7.255572870119293, 4.53125, 5.264901141310991, 4.121360846725668, 6.7269410664217295, 3.625, 4.527416961168672, 4.527416961168672, 3.903121722523979, 6.285118350008305, 2.71875, 3.8624348250524276, 3.8624348250524276, 5.949476225779133, 1.8125, 3.313891872146371, 3.3138918721463706, 5.738675820571425, 0.90625, 2.9475301572295707, 2.9475301572295707, 3.755917688293673, 5.666666666666667, 0.0, 2.8348839200711162, 2.834883920071116, 5.738675820571425, 0.90625, 3.0046260628866577, 3.0046260628866577, 5.949476225779133, 1.8125, 3.414903635577112, 3.414903635577112, 3.1928866900530495, 6.285118350008305, 2.71875, 3.992234215045227, 3.992234215045227, 3.4170111281263855, 6.7269410664217295, 3.625, 4.675134152115613, 4.675134152115613, 7.255572870119293, 4.53125, 5.423873410928557, 5.423873410928557, 7.853503508696683, 5.4375, 6.214700663771167, 6.214700663771167, 8.506131622165926, 6.34375, 7.033433303002011, 7.033433303002011, 9.201826509509463, 7.25, 7.871368485865579, 7.871368485865579, 8.722974136025956, 8.722974136025956], [7.871368485865579, 7.871368485865579, 7.033433303002011, 7.033433303002011, 6.34375, 6.214700663771167, 6.214700663771167, 5.4375, 5.423873410928557, 5.423873410928557, 4.53125, 6.025551669802741, 4.675134152115613, 4.675134152115613, 3.625, 6.726941066421729, 3.3549817115555127, 3.992234215045227, 3.992234215045227, 2.71875, 6.285118350008304, 3.414903635577112, 3.414903635577112, 1.8125, 5.949476225779132, 3.0046260628866577, 3.0046260628866577, 0.90625, 5.738675820571424, 1.0741339405396333, 2.8348839200711162, 2.8348839200711162, 0.0, 5.666666666666666, 2.9475301572295707, 2.9475301572295707, 0.90625, 5.738675820571424, 3.313891872146371, 3.313891872146371, 1.8125, 5.949476225779132, 5.2186749766705764, 3.8624348250524276, 3.8624348250524276, 2.71875, 6.285118350008304, 5.4541410663426655, 4.527416961168672, 4.527416961168672, 3.625, 6.726941066421729, 5.264901141310991, 5.264901141310991, 4.53125, 7.255572870119292, 6.048424740399584, 6.048424740399584, 5.4375, 7.853503508696683, 6.8622356253467265, 6.8622356253467265, 6.34375, 8.506131622165926, 7.696732543117097, 7.696732543117097, 7.25, 9.201826509509463, 8.15625, 9.931541933335987], [11.233016694659543, 7.871368485865579, 10.662617232649778, 7.033433303002011, 8.506131622165926, 10.141238906686894, 6.214700663771167, 7.853503508696683, 9.676808616480953, 5.423873410928557, 7.255572870119292, 3.8877191625388363, 9.277882385679396, 4.675134152115613, 6.726941066421729, 3.625, 6.0405423324168295, 8.953220440154482, 3.992234215045227, 6.285118350008304, 2.71875, 8.71113018284654, 3.414903635577112, 5.949476225779132, 1.8125, 8.558621384311845, 3.0046260628866577, 5.738675820571424, 0.90625, 6.582162942568216, 8.50051698795432, 2.834883920071116, 5.666666666666666, 0.0, 8.538744418824116, 2.9475301572295707, 5.738675820571424, 0.90625, 8.672029840959958, 3.3138918721463706, 5.949476225779132, 1.8125, 2.8651580824857708, 8.896101674329042, 3.8624348250524276, 6.285118350008304, 2.71875, 2.9332360604655277, 9.204331945475456, 4.527416961168672, 6.726941066421729, 3.625, 9.58860814