totalHoles = 70;
zeroHoleID = 32;
C = [[0.0, 3.0, 5.0, 0.625, 3.0644126680328156, 1.8027756377319946, 4.28498671072748, 4.6097722286464435, 1.25, 3.25, 2.2114757516192665, 4.78441480225116, 3.0129809483658736, 1.875, 3.5377429245212264, 2.704163456597992, 5.031152949374527, 2.5, 3.905124837953327, 5.5901699437494745, 3.2427804427682116, 5.340002340823457, 3.125, 4.331930862790864, 3.8078865529319543, 5.70087712549569, 7.4206989536677765, 3.75, 4.802343178074636, 7.8145239389614725, 4.38926246651986, 6.10455772353739, 4.375, 5.304773793480736, 4.5, 4.743416490252569, 5.408326913195984, 6.363961030678928, 4.981214711292819, 6.5431261641512, 5.0, 5.830951894845301, 7.0710678118654755, 5.5803785713874285, 7.010037446404977, 5.625, 6.375, 6.18465843842649, 7.5, 6.25, 6.932712311931024, 7.272991949379578, 6.792689084596763, 8.008784239820674, 6.875, 7.501041594338749, 7.403546447480424, 8.533024082938006, 7.5, 8.077747210701755, 9.013878188659973, 8.016584372411982, 9.070039966835868, 8.0, 8.139410298049853, 8.54400374531753, 9.17877987534291, 8.631338250816034, 9.617692030835672, 12.318511948142236], [3.0, 0.0, 2.0, 3.0644126680328156, 0.625, 1.8027756377319946, 1.5365907428821481, 1.8027756377319946, 3.25, 1.25, 2.2114757516192665, 2.2114757516192665, 1.8397556451640038, 3.5377429245212264, 1.875, 2.704163456597992, 2.704163456597992, 3.905124837953327, 2.5, 3.2015621187164243, 3.2427804427682116, 3.2427804427682116, 4.331930862790864, 3.125, 3.8078865529319543, 3.8078865529319543, 5.025762751750166, 4.802343178074636, 3.75, 5.414550335698094, 4.38926246651986, 4.38926246651986, 5.304773793480736, 4.375, 5.408326913195984, 4.743416490252569, 4.5, 4.743416490252569, 4.981214711292819, 4.981214711292819, 5.830951894845301, 5.0, 5.385164807134504, 5.5803785713874285, 5.5803785713874285, 6.375, 5.625, 6.18465843842649, 6.18465843842649, 6.932712311931024, 6.25, 6.421083729170632, 6.792689084596763, 6.792689084596763, 7.501041594338749, 6.875, 7.403546447480424, 7.403546447480424, 8.077747210701755, 7.5, 7.762087348130012, 8.016584372411982, 8.016584372411982, 8.54400374531753, 8.139410298049853, 8.0, 8.139410298049853, 8.631338250816034, 8.631338250816034, 10.781907341012277], [5.0, 2.0, 0.0, 5.038911092686593, 2.0953818267800264, 3.640054944640259, 1.3017082793177757, 1.118033988749895, 5.153882032022076, 2.358495283014151, 3.8588372601082828, 1.7001838135919305, 3.096632352472207, 5.340002340823457, 2.7414640249326636, 4.16082924427331, 2.3048861143232218, 5.5901699437494745, 3.2015621187164243, 2.5, 4.529417732998359, 2.918154382482188, 5.896238207535378, 3.7102055199139574, 4.949747468305833, 3.5355339059327378, 3.9224953903718385, 6.25, 4.25, 4.260407175526688, 5.4097712520956005, 4.155192534648665, 6.643841132959156, 4.810470351223464, 6.726812023536855, 5.70087712549569, 4.924428900898052, 4.527692569068709, 5.900211860602973, 4.7762432936357, 7.0710678118654755, 5.385164807134504, 5.0, 6.41409580533375, 5.398205720422296, 7.525996611745184, 5.969976968129776, 6.946221994724902, 6.020797289396148, 8.00390529679106, 6.562202374203344, 6.5918828239388185, 7.4927047853228546, 6.643841132959156, 8.500919067959652, 7.160001745809843, 8.050621094052309, 7.267220926874317, 9.013878188659973, 7.762087348130012, 7.5, 8.617750576571591, 7.890857051043315, 9.433981132056603, 8.73212459828649, 8.246211251235321, 8.0156097709407, 9.192388155425117, 8.514693182963201, 10.128444374101848], [0.625, 3.0644126680328156, 5.038911092686593, 0.0, 3.0, 1.5461646096066226, 4.18350763249108, 4.5155979670471105, 0.625, 3.0644126680328156, 1.8027756377319946, 4.6097722286464435, 2.6971445541042547, 1.25, 3.25, 2.2114757516192665, 4.78441480225116, 1.875, 3.5377429245212264, 5.340002340823457, 2.704163456597992, 5.031152949374527, 2.5, 3.905124837953327, 3.2427804427682116, 5.340002340823457, 7.135169411563774, 3.125, 4.331930862790864, 7.525002030933313, 3.8078865529319543, 5.70087712549569, 3.75, 4.802343178074636, 3.875, 4.155192534648665, 4.900573945978165, 5.938486760109852, 4.38926246651986, 6.10455772353739, 4.375, 5.304773793480736, 6.643841132959156, 4.981214711292819, 6.5431261641512, 5.0, 5.830951894845301, 5.5803785713874285, 7.010037446404977, 5.625, 6.375, 6.729035878112248, 6.18465843842649, 7.5, 6.25, 6.932712311931024, 6.792689084596763, 8.008784239820674, 6.875, 7.501041594338749, 8.500919067959652, 7.403546447480424, 8.533024082938006, 7.375, 7.525996611745184, 7.9618229696470895, 8.639480597813737, 8.016584372411982, 9.070039966835868, 11.825450575581453], [3.0644126680328156, 0.625, 2.0953818267800264, 3.0, 0.0, 1.5461646096066226, 1.2254534308210623, 1.5461646096066226, 3.0644126680328156, 0.625, 1.8027756377319946, 1.8027756377319946, 1.2574718225198287, 3.25, 1.25, 2.2114757516192665, 2.2114757516192665, 3.5377429245212264, 1.875, 2.7414640249326636, 2.704163456597992, 2.704163456597992, 3.905124837953327, 2.5, 3.2427804427682116, 3.2427804427682116, 4.593708829217271, 4.331930862790864, 3.125, 4.987607293157401, 3.8078865529319543, 3.8078865529319543, 4.802343178074636, 3.75, 4.900573945978165, 4.155192534648665, 3.875, 4.155192534648665, 4.38926246651986, 4.38926246651986, 5.304773793480736, 4.375, 4.810470351223464, 4.981214711292819, 4.981214711292819, 5.830951894845301, 5.0, 5.5803785713874285, 5.5803785713874285, 6.375, 5.625, 5.797743372226952, 6.18465843842649, 6.18465843842649, 6.932712311931024, 6.25, 6.792689084596763, 6.792689084596763, 7.501041594338749, 6.875, 7.160001745809843, 7.403546447480424, 7.403546447480424, 7.9618229696470895, 7.525996611745184, 7.375, 7.525996611745184, 8.016584372411982, 8.016584372411982, 10.214943495153125], [1.8027756377319946, 1.8027756377319946, 3.640054944640259, 1.5461646096066226, 1.5461646096066226, 0.0, 2.666666666666667, 3.0, 1.5206906325745548, 1.5206906325745548, 0.625, 3.0644126680328156, 1.21277895570211, 1.7365554986812255, 1.7365554986812255, 1.25, 3.25, 2.1213203435596424, 2.1213203435596424, 3.8078865529319543, 1.875, 3.5377429245212264, 2.6010815058356016, 2.6010815058356016, 2.5, 3.905124837953327, 5.624742075164123, 3.132491021535417, 3.132491021535417, 6.017579558420714, 3.125, 4.331930862790864, 3.6933216756735394, 3.6933216756735394, 3.8078865529319543, 3.5, 3.8078865529319543, 4.6097722286464435, 3.75, 4.802343178074636, 4.272001872658765, 4.272001872658765, 5.315072906367325, 4.375, 5.304773793480736, 4.862162584694181, 4.862162584694181, 5.0, 5.830951894845301, 5.460082416960389, 5.460082416960389, 5.744735259476346, 5.625, 6.375, 6.063466417817452, 6.063466417817452, 6.25, 6.932712311931024, 6.670832032063167, 6.670832032063167, 7.3824115301167, 6.875, 7.501041594338749, 7.158910531638177, 7.0, 7.158910531638177, 7.615773105863909, 7.5, 8.077747210701755, 10.633696571829736], [4.28498671072748, 1.5365907428821481, 1.3017082793177757, 4.18350763249108, 1.2254534308210623, 2.666666666666667, 0.0, 0.33333333333333304, 4.174159928789399, 1.1931517552730297, 2.7389297382574664, 0.7083333333333333, 1.8764821776730676, 4.257550482508823, 1.4583333333333335, 2.945099507845382, 1.2936812246883354, 4.428443418528808, 1.90029237516523, 1.7159383568311666, 3.259867499011442, 1.9043991470044064, 4.677257327869733, 2.424198034631476, 3.655285366576885, 2.5221243250702594, 3.5003437436978397, 4.99235526691672, 2.9872413881558204, 3.8859567853569676, 4.108130488569115, 3.1427274955221796, 5.362064538133714, 3.570957310177638, 5.441609239104836, 4.400126260814695, 3.689323936863109, 3.515837184954831, 4.601479230759508, 3.7647856660255057, 5.7759078170544855, 4.166666666666667, 4.0858835573770875, 5.123644807274516, 4.387680037458419, 6.225089245232643, 4.769877997508019, 5.666666666666667, 5.011098792790969, 6.702507822532631, 5.378067600087517, 5.453735556717821, 6.225089245232643, 5.634867887635974, 7.20255066702839, 5.989719201357532, 6.795116710632064, 6.258882576875134, 7.720823214600313, 6.60387091871965, 6.553201083779166, 7.374058320294946, 6.883076064603029, 8.146232939899958, 7.490735018081411, 7.096556285347924, 7.007932013876213, 7.959969290839703, 7.507403753036805, 9.414585843164984], [4.6097722286464435, 1.8027756377319946, 1.118033988749895, 4.5155979670471105, 1.5461646096066226, 3.0, 0.33333333333333304, 0.0, 4.5069390943299865, 1.5206906325745548, 3.0644126680328156, 0.625, 2.1857445948900347, 4.584280205223062, 1.7365554986812255, 3.25, 1.25, 4.743416490252569, 2.1213203435596424, 1.5811388300841898, 3.5377429245212264, 1.875, 4.976507309348595, 2.6010815058356016, 3.905124837953327, 2.5, 3.2907813187805393, 5.273755777432247, 3.132491021535417, 3.6690372970479923, 4.331930862790864, 3.125, 5.625, 3.6933216756735394, 5.70087712549569, 4.6097722286464435, 3.8078865529319543, 3.5, 4.802343178074636, 3.75, 6.020797289396148, 4.272001872658765, 4.031128874149275, 5.304773793480736, 4.375, 6.452954749570154, 4.862162584694181, 5.830951894845301, 5.0, 6.914658342969665, 5.460082416960389, 5.507802425900046, 6.375, 5.625, 7.400380057807842, 6.063466417817452, 6.932712311931024, 6.25, 7.905694150420948, 6.670832032063167, 6.519202405202649, 7.501041594338749, 6.875, 8.32165848854662, 7.615773105863909, 7.158910531638177, 7.0, 8.077747210701755, 7.5, 9.304799410809181], [1.25, 3.25, 5.153882032022076, 0.625, 3.0644126680328156, 1.5206906325745548, 4.174159928789399, 4.5069390943299865, 0.0, 3.0, 1.5461646096066226, 4.5155979670471105, 2.500474614198824, 0.625, 3.0644126680328156, 1.8027756377319946, 4.6097722286464435, 1.25, 3.25, 5.153882032022076, 2.2114757516192665, 4.78441480225116, 1.875, 3.5377429245212264, 2.704163456597992, 5.031152949374527, 6.894618343495501, 2.5, 3.905124837953327, 7.277759046471589, 3.2427804427682116, 5.340002340823457, 3.125, 4.331930862790864, 3.25, 3.5794552658190883, 4.422951503238533, 5.55090082779363, 3.8078865529319543, 5.70087712549569, 3.75, 4.802343178074636, 6.25, 4.38926246651986, 6.10455772353739, 4.375, 5.304773793480736, 4.981214711292819, 6.5431261641512, 5.0, 5.830951894845301, 6.200377875751091, 5.5803785713874285, 7.010037446404977, 5.625, 6.375, 6.18465843842649, 7.5, 6.25, 6.932712311931024, 8.00390529679106, 6.792689084596763, 8.008784239820674, 6.75, 6.914658342969665, 7.386643351347079, 8.112490369793976, 7.403546447480424, 8.533024082938006, 11.345398891820263], [3.25, 1.25, 2.358495283014151, 3.0644126680328156, 0.625, 1.5206906325745548, 1.1931517552730297, 1.5206906325745548, 3.0, 0.0, 1.5461646096066226, 1.5461646096066226, 0.7476763570889873, 3.0644126680328156, 0.625, 1.8027756377319946, 1.8027756377319946, 3.25, 1.25, 2.358495283014151, 2.2114757516192665, 2.2114757516192665, 3.5377429245212264, 1.875, 2.704163456597992, 2.704163456597992, 4.210377700204344, 3.905124837953327, 2.5, 4.606120676198731, 3.2427804427682116, 3.2427804427682116, 4.331930862790864, 3.125, 4.422951503238533, 3.5794552658190883, 3.25, 3.5794552658190883, 3.8078865529319543, 3.8078865529319543, 4.802343178074636, 3.75, 4.25, 4.38926246651986, 4.38926246651986, 5.304773793480736, 4.375, 4.981214711292819, 4.981214711292819, 5.830951894845301, 5.0, 5.174803393693647, 5.5803785713874285, 5.5803785713874285, 6.375, 5.625, 6.18465843842649, 6.18465843842649, 6.932712311931024, 6.25, 6.562202374203344, 6.792689084596763, 6.792689084596763, 7.386643351347079, 6.914658342969665, 6.75, 6.914658342969665, 7.403546447480424, 7.403546447480424, 9.655147088893461], [2.2114757516192665, 2.2114757516192665, 3.8588372601082828, 1.8027756377319946, 1.8027756377319946, 0.625, 2.7389297382574664, 3.0644126680328156, 1.5461646096066226, 1.5461646096066226, 0.0, 3.0, 0.9577929556602616, 1.5206906325745548, 1.5206906325745548, 0.625, 3.0644126680328156, 1.7365554986812255, 1.7365554986812255, 3.607717422415453, 1.25, 3.25, 2.1213203435596424, 2.1213203435596424, 1.875, 3.5377429245212264, 5.360185909357148, 2.6010815058356016, 2.6010815058356016, 5.74631489868693, 2.5, 3.905124837953327, 3.132491021535417, 3.132491021535417, 3.2427804427682116, 2.875, 3.2427804427682116, 4.155192534648665, 3.125, 4.331930862790864, 3.6933216756735394, 3.6933216756735394, 4.862162584694181, 3.75, 4.802343178074636, 4.272001872658765, 4.272001872658765, 4.375, 5.304773793480736, 4.862162584694181, 4.862162584694181, 5.160958743746407, 5.0, 5.830951894845301, 5.460082416960389, 5.460082416960389, 5.625, 6.375, 6.063466417817452, 6.063466417817452, 6.838539683294965, 6.25, 6.932712311931024, 6.549093448714868, 6.375, 6.549093448714868, 7.045610335520976, 6.875, 7.501041594338749, 10.120328427513614], [4.78441480225116, 2.2114757516192665, 1.7001838135919305, 4.6097722286464435, 1.8027756377319946, 3.0644126680328156, 0.7083333333333333, 0.625, 4.5155979670471105, 1.5461646096066226, 3.0, 0.0, 2.0552406147722753, 4.5069390943299865, 1.5206906325745548, 3.0644126680328156, 0.625, 4.584280205223062, 1.7365554986812255, 1.0077822185373186, 3.25, 1.25, 4.743416490252569, 2.1213203435596424, 3.5377429245212264, 1.875, 2.8148021704525332, 4.976507309348595, 2.6010815058356016, 3.2047941993328983, 3.905124837953327, 2.5, 5.273755777432247, 3.132491021535417, 5.340002340823457, 4.155192534648665, 3.2427804427682116, 2.875, 4.331930862790864, 3.125, 5.625, 3.6933216756735394, 3.4118360159890453, 4.802343178074636, 3.75, 6.020797289396148, 4.272001872658765, 5.304773793480736, 4.375, 6.452954749570154, 4.862162584694181, 4.8958553405847445, 5.830951894845301, 5.0, 6.914658342969665, 5.460082416960389, 6.375, 5.625, 7.400380057807842, 6.063466417817452, 5.896238207535378, 6.932712311931024, 6.25, 7.803244517506804, 7.045610335520976, 6.549093448714868, 6.375, 7.501041594338749, 6.875, 8.713485914052516], [3.0129809483658736, 1.8397556451640038, 3.096632352472207, 2.6971445541042547, 1.2574718225198287, 1.21277895570211, 1.8764821776730676, 2.1857445948900347, 2.500474614198824, 0.7476763570889873, 0.9577929556602616, 2.0552406147722753, 0.0, 2.4518172539508885, 0.56396319513633, 1.0701177021388533, 2.109928561617203, 2.5596273942294405, 0.9264658849557805, 2.6575872757920163, 1.4677147021643746, 2.33684254618204, 2.805927110209443, 1.4764394963917138, 1.9860692327982876, 2.6927899353950875, 4.43805063849848, 3.1584824676301175, 2.0694584163553364, 4.82819996771355, 2.552646773054685, 3.134111068019702, 3.5860906358938216, 2.6770679273306563, 3.6783967919392624, 2.9041222905204265, 2.799508813639664, 3.426451942898763, 3.141463050635009, 3.6297984430546717, 4.065135987807035, 3.291196930914493, 4.127518422796646, 3.7420348273397375, 4.160465272985779, 4.579504902266444, 3.9087736937023476, 4.349495281011586, 4.714313930811052, 5.11855933836865, 4.528387830022735, 4.755767343959983, 4.961314719916544, 5.284060028875304, 5.675269531125322, 5.149303922824573, 5.576058491495502, 5.865072458143735, 6.244915435891663, 5.771101752710227, 6.28570175339236, 6.192855791240227, 6.454309373573188, 6.707734076560636, 6.3164087709078265, 6.268998570788629, 6.57294959663456, 6.811148757854004, 7.049708791170969, 9.48534163462663], [1.875, 3.5377429245212264, 5.340002340823457, 1.25, 3.25, 1.7365554986812255, 4.257550482508823, 4.584280205223062, 0.625, 3.0644126680328156, 1.5206906325745548, 4.5069390943299865, 2.4518172539508885, 0.0, 3.0, 1.5461646096066226, 4.5155979670471105, 0.625, 3.0644126680328156, 5.038911092686593, 1.8027756377319946, 4.6097722286464435, 1.25, 3.25, 2.2114757516192665, 4.78441480225116, 6.703889294522543, 1.875, 3.5377429245212264, 7.07722741696546, 2.704163456597992, 5.031152949374527, 2.5, 3.905124837953327, 2.625, 3.023346655611956, 3.9863046797754937, 5.209666496043677, 3.2427804427682116, 5.340002340823457, 3.125, 4.331930862790864, 5.896238207535378, 3.8078865529319543, 5.70087712549569, 3.75, 4.802343178074636, 4.38926246651986, 6.10455772353739, 4.375, 5.304773793480736, 5.6912826107377015, 4.981214711292819, 6.5431261641512, 5.0, 5.830951894845301, 5.5803785713874285, 7.010037446404977, 5.625, 6.375, 7.525996611745184, 6.18465843842649, 7.5, 6.125, 6.30599912781472, 6.82023643285187, 7.600370056780131, 6.792689084596763, 8.008784239820674, 10.880079076620406], [3.5377429245212264, 1.875, 2.7414640249326636, 3.25, 1.25, 1.7365554986812255, 1.4583333333333335, 1.7365554986812255, 3.0644126680328156, 0.625, 1.5206906325745548, 1.5206906325745548, 0.56396319513633, 3.0, 0.0, 1.5461646096066226, 1.5461646096066226, 3.0644126680328156, 0.625, 2.0953818267800264, 1.8027756377319946, 1.8027756377319946, 3.25, 1.25, 2.2114757516192665, 2.2114757516192665, 3.890199217151652, 3.5377429245212264, 1.875, 4.28225628105722, 2.704163456597992, 2.704163456597992, 3.905124837953327, 2.5, 3.9863046797754937, 3.023346655611956, 2.625, 3.023346655611956, 3.2427804427682116, 3.2427804427682116, 4.331930862790864, 3.125, 3.7102055199139574, 3.8078865529319543, 3.8078865529319543, 4.802343178074636, 3.75, 4.38926246651986, 4.38926246651986, 5.304773793480736, 4.375, 4.552428156112407, 4.981214711292819, 4.981214711292819, 5.830951894845301, 5.0, 5.5803785713874285, 5.5803785713874285, 6.375, 5.625, 5.969976968129776, 6.18465843842649, 6.18465843842649, 6.82023643285187, 6.30599912781472, 6.125, 6.30599912781472, 6.792689084596763, 6.792689084596763, 9.103840398818763], [2.704163456597992, 2.704163456597992, 4.16082924427331, 2.2114757516192665, 2.2114757516192665, 1.25, 2.945099507845382, 3.25, 1.8027756377319946, 1.8027756377319946, 0.625, 3.0644126680328156, 1.0701177021388533, 1.5461646096066226, 1.5461646096066226, 0.0, 3.0, 1.5206906325745548, 1.5206906325745548, 3.5089172119045497, 0.625, 3.0644126680328156, 1.7365554986812255, 1.7365554986812255, 1.25, 3.25, 5.158169496402791, 2.1213203435596424, 2.1213203435596424, 5.532653620806198, 1.875, 3.5377429245212264, 2.6010815058356016, 2.6010815058356016, 2.704163456597992, 2.25, 2.704163456597992, 3.75, 2.5, 3.905124837953327, 3.132491021535417, 3.132491021535417, 4.451123453691214, 3.125, 4.331930862790864, 3.6933216756735394, 3.6933216756735394, 3.75, 4.802343178074636, 4.272001872658765, 4.272001872658765, 4.58805591812417, 4.375, 5.304773793480736, 4.862162584694181, 4.862162584694181, 5.0, 5.830951894845301, 5.460082416960389, 5.460082416960389, 6.309714732061981, 5.625, 6.375, 5.942432162002357, 5.75, 5.942432162002357, 6.485560885536423, 6.25, 6.932712311931024, 9.620178905807153], [5.031152949374527, 2.704163456597992, 2.3048861143232218, 4.78441480225116, 2.2114757516192665, 3.25, 1.2936812246883354, 1.25, 4.6097722286464435, 1.8027756377319946, 3.0644126680328156, 0.625, 2.109928561617203, 4.5155979670471105, 1.5461646096066226, 3.0, 0.0, 4.5069390943299865, 1.5206906325745548, 0.5590169943749475, 3.0644126680328156, 0.625, 4.584280205223062, 1.7365554986812255, 3.25, 1.25, 2.407951583718743, 4.743416490252569, 2.1213203435596424, 2.8037166463511154, 3.5377429245212264, 1.875, 4.976507309348595, 2.6010815058356016, 5.031152949374527, 3.75, 2.704163456597992, 2.25, 3.905124837953327, 2.5, 5.273755777432247, 3.132491021535417, 2.7950849718747373, 4.331930862790864, 3.125, 5.625, 3.6933216756735394, 4.802343178074636, 3.75, 6.020797289396148, 4.272001872658765, 4.287675532163539, 5.304773793480736, 4.375, 6.452954749570154, 4.862162584694181, 5.830951894845301, 5.0, 6.914658342969665, 5.460082416960389, 5.273755777432247, 6.375, 5.625, 7.301540933255117, 6.485560885536423, 5.942432162002357, 5.75, 6.932712311931024, 6.25, 8.127215480925084], [2.5, 3.905124837953327, 5.5901699437494745, 1.875, 3.5377429245212264, 2.1213203435596424, 4.428443418528808, 4.743416490252569, 1.25, 3.25, 1.7365554986812255, 4.584280205223062, 2.5596273942294405, 0.625, 3.0644126680328156, 1.5206906325745548, 4.5069390943299865, 0.0, 3.0, 5.0, 1.5461646096066226, 4.5155979670471105, 0.625, 3.0644126680328156, 1.8027756377319946, 4.6097722286464435, 6.567324511851326, 1.25, 3.25, 6.927464838192695, 2.2114757516192665, 4.78441480225116, 1.875, 3.5377429245212264, 2.0, 2.5, 3.605551275463989, 4.924428900898052, 2.704163456597992, 5.031152949374527, 2.5, 3.905124837953327, 5.5901699437494745, 3.2427804427682116, 5.340002340823457, 3.125, 4.331930862790864, 3.8078865529319543, 5.70087712549569, 3.75, 4.802343178074636, 5.207490730521474, 4.38926246651986, 6.10455772353739, 4.375, 5.304773793480736, 4.981214711292819, 6.5431261641512, 5.0, 5.830951894845301, 7.0710678118654755, 5.5803785713874285, 7.010037446404977, 5.5, 5.70087712549569, 6.264982043070834, 7.106335201775948, 6.18465843842649, 7.5, 10.43146276475691], [3.905124837953327, 2.5, 3.2015621187164243, 3.5377429245212264, 1.875, 2.1213203435596424, 1.90029237516523, 2.1213203435596424, 3.25, 1.25, 1.7365554986812255, 1.7365554986812255, 0.9264658849557805, 3.0644126680328156, 0.625, 1.5206906325745548, 1.5206906325745548, 3.0, 0.0, 2.0, 1.5461646096066226, 1.5461646096066226, 3.0644126680328156, 0.625, 1.8027756377319946, 1.8027756377319946, 3.6498314371867413, 3.25, 1.25, 4.029930524165716, 2.2114757516192665, 2.2114757516192665, 3.5377429245212264, 1.875, 3.605551275463989, 2.5, 2.0, 2.5, 2.704163456597992, 2.704163456597992, 3.905124837953327, 2.5, 3.2015621187164243, 3.2427804427682116, 3.2427804427682116, 4.331930862790864, 3.125, 3.8078865529319543, 3.8078865529319543, 4.802343178074636, 3.75, 3.9308859141097887, 4.38926246651986, 4.38926246651986, 5.304773793480736, 4.375, 4.981214711292819, 4.981214711292819, 5.830951894845301, 5.0, 5.385164807134504, 5.5803785713874285, 5.5803785713874285, 6.264982043070834, 5.70087712549569, 5.5, 5.70087712549569, 6.18465843842649, 6.18465843842649, 8.562663411939145], [5.5901699437494745, 3.2015621187164243, 2.5, 5.340002340823457, 2.7414640249326636, 3.8078865529319543, 1.7159383568311666, 1.5811388300841898, 5.153882032022076, 2.358495283014151, 3.607717422415453, 1.0077822185373186, 2.6575872757920163, 5.038911092686593, 2.0953818267800264, 3.5089172119045497, 0.5590169943749475, 5.0, 2.0, 0.0, 3.5200319600821808, 0.625, 5.038911092686593, 2.0953818267800264, 3.640054944640259, 1.118033988749895, 1.8571344513754395, 5.153882032022076, 2.358495283014151, 2.252566090722646, 3.8588372601082828, 1.7001838135919305, 5.340002340823457, 2.7414640249326636, 5.385164807134504, 4.031128874149275, 2.8284271247461903, 2.0615528128088303, 4.16082924427331, 2.3048861143232218, 5.5901699437494745, 3.2015621187164243, 2.5, 4.529417732998359, 2.918154382482188, 5.896238207535378, 3.7102055199139574, 4.949747468305833, 3.5355339059327378, 6.25, 4.25, 4.204101209208281, 5.4097712520956005, 4.155192534648665, 6.643841132959156, 4.810470351223464, 5.900211860602973, 4.7762432936357, 7.0710678118654755, 5.385164807134504, 5.0, 6.41409580533375, 5.398205720422296, 7.433034373659253, 6.519202405202649, 5.852349955359813, 5.522680508593631, 6.946221994724902, 6.020797289396148, 7.7236690915174675], [3.2427804427682116, 3.2427804427682116, 4.529417732998359, 2.704163456597992, 2.704163456597992, 1.875, 3.259867499011442, 3.5377429245212264, 2.2114757516192665, 2.2114757516192665, 1.25, 3.25, 1.4677147021643746, 1.8027756377319946, 1.8027756377319946, 0.625, 3.0644126680328156, 1.5461646096066226, 1.5461646096066226, 3.5200319600821808, 0.0, 3.0, 1.5206906325745548, 1.5206906325745548, 0.625, 3.0644126680328156, 5.026239362025005, 1.7365554986812255, 1.7365554986812255, 5.383458670851713, 1.25, 3.25, 2.1213203435596424, 2.1213203435596424, 2.2114757516192665, 1.625, 2.2114757516192665, 3.4118360159890453, 1.875, 3.5377429245212264, 2.6010815058356016, 2.6010815058356016, 4.0945848385398, 2.5, 3.905124837953327, 3.132491021535417, 3.132491021535417, 3.125, 4.331930862790864, 3.6933216756735394, 3.6933216756735394, 4.030666081557234, 3.75, 4.802343178074636, 4.272001872658765, 4.272001872658765, 4.375, 5.304773793480736, 4.862162584694181, 4.862162584694181, 5.800053879060091, 5.0, 5.830951894845301, 5.340002340823457, 5.125, 5.340002340823457, 5.938486760109852, 5.625, 6.375, 9.135419359763056], [5.340002340823457, 3.2427804427682116, 2.918154382482188, 5.031152949374527, 2.704163456597992, 3.5377429245212264, 1.9043991470044064, 1.875, 4.78441480225116, 2.2114757516192665, 3.25, 1.25, 2.33684254618204, 4.6097722286464435, 1.8027756377319946, 3.0644126680328156, 0.625, 4.5155979670471105, 1.5461646096066226, 0.625, 3.0, 0.0, 4.5069390943299865, 1.5206906325745548, 3.0644126680328156, 0.625, 2.110592428746704, 4.584280205223062, 1.7365554986812255, 2.496437102347043, 3.25, 1.25, 4.743416490252569, 2.1213203435596424, 4.78441480225116, 3.4118360159890453, 2.2114757516192665, 1.625, 3.5377429245212264, 1.875, 4.976507309348595, 2.6010815058356016, 2.1830311495716224, 3.905124837953327, 2.5, 5.273755777432247, 3.132491021535417, 4.331930862790864, 3.125, 5.625, 3.6933216756735394, 3.685128684631735, 4.802343178074636, 3.75, 6.020797289396148, 4.272001872658765, 5.304773793480736, 4.375, 6.452954749570154, 4.862162584694181, 4.651948516482099, 5.830951894845301, 5.0, 6.82023643285187, 5.938486760109852, 5.340002340823457, 5.125, 6.375, 5.625, 7.547163452078208], [3.125, 4.331930862790864, 5.896238207535378, 2.5, 3.905124837953327, 2.6010815058356016, 4.677257327869733, 4.976507309348595, 1.875, 3.5377429245212264, 2.1213203435596424, 4.743416490252569, 2.805927110209443, 1.25, 3.25, 1.7365554986812255, 4.584280205223062, 0.625, 3.0644126680328156, 5.038911092686593, 1.5206906325745548, 4.5069390943299865, 0.0, 3.0, 1.5461646096066226, 4.5155979670471105, 6.488344998126453, 0.625, 3.0644126680328156, 6.831810906146679, 1.8027756377319946, 4.6097722286464435, 1.25, 3.25, 1.375, 2.0348525745124633, 3.3000946956110213, 4.705382556179678, 2.2114757516192665, 4.78441480225116, 1.875, 3.5377429245212264, 5.340002340823457, 2.704163456597992, 5.031152949374527, 2.5, 3.905124837953327, 3.2427804427682116, 5.340002340823457, 3.125, 4.331930862790864, 4.756729092732611, 3.8078865529319543, 5.70087712549569, 3.75, 4.802343178074636, 4.38926246651986, 6.10455772353739, 4.375, 5.304773793480736, 6.643841132959156, 4.981214711292819, 6.5431261641512, 4.875, 5.100551440775791, 5.724126570927655, 6.634427254857799, 5.5803785713874285, 7.010037446404977, 10.001797843963184], [4.331930862790864, 3.125, 3.7102055199139574, 3.905124837953327, 2.5, 2.6010815058356016, 2.424198034631476, 2.6010815058356016, 3.5377429245212264, 1.875, 2.1213203435596424, 2.1213203435596424, 1.4764394963917138, 3.25, 1.25, 1.7365554986812255, 1.7365554986812255, 3.0644126680328156, 0.625, 2.0953818267800264, 1.5206906325745548, 1.5206906325745548, 3.0, 0.0, 1.5461646096066226, 1.5461646096066226, 3.5057294662631833, 3.0644126680328156, 0.625, 3.863186664212735, 1.8027756377319946, 1.8027756377319946, 3.25, 1.25, 3.3000946956110213, 2.0348525745124633, 1.375, 2.0348525745124633, 2.2114757516192665, 2.2114757516192665, 3.5377429245212264, 1.875, 2.7414640249326636, 2.704163456597992, 2.704163456597992, 3.905124837953327, 2.5, 3.2427804427682116, 3.2427804427682116, 4.331930862790864, 3.125, 3.310645861901946, 3.8078865529319543, 3.8078865529319543, 4.802343178074636, 3.75, 4.38926246651986, 4.38926246651986, 5.304773793480736, 4.375, 4.810470351223464, 4.981214711292819, 4.981214711292819, 5.724126570927655, 5.100551440775791, 4.875, 5.100551440775791, 5.5803785713874285, 5.5803785713874285, 8.03366351082481], [3.8078865529319543, 3.8078865529319543, 4.949747468305833, 3.2427804427682116, 3.2427804427682116, 2.5, 3.655285366576885, 3.905124837953327, 2.704163456597992, 2.704163456597992, 1.875, 3.5377429245212264, 1.9860692327982876, 2.2114757516192665, 2.2114757516192665, 1.25, 3.25, 1.8027756377319946, 1.8027756377319946, 3.640054944640259, 0.625, 3.0644126680328156, 1.5461646096066226, 1.5461646096066226, 0.0, 3.0, 4.969980049770707, 1.5206906325745548, 1.5206906325745548, 5.304172737922196, 0.625, 3.0644126680328156, 1.7365554986812255, 1.7365554986812255, 1.8027756377319946, 1.0, 1.8027756377319946, 3.1622776601683795, 1.25, 3.25, 2.1213203435596424, 2.1213203435596424, 3.8078865529319543, 1.875, 3.5377429245212264, 2.6010815058356016, 2.6010815058356016, 2.5, 3.905124837953327, 3.132491021535417, 3.132491021535417, 3.4962166715176104, 3.125, 4.331930862790864, 3.6933216756735394, 3.6933216756735394, 3.75, 4.802343178074636, 4.272001872658765, 4.272001872658765, 5.315072906367325, 4.375, 5.304773793480736, 4.743416490252569, 4.5, 4.743416490252569, 5.408326913195984, 5.0, 5.830951894845301, 8.668632047660711], [5.70087712549569, 3.8078865529319543, 3.5355339059327378, 5.340002340823457, 3.2427804427682116, 3.905124837953327, 2.5221243250702594, 2.5, 5.031152949374527, 2.704163456597992, 3.5377429245212264, 1.875, 2.6927899353950875, 4.78441480225116, 2.2114757516192665, 3.25, 1.25, 4.6097722286464435, 1.8027756377319946, 1.118033988749895, 3.0644126680328156, 0.625, 4.5155979670471105, 1.5461646096066226, 3.0, 0.0, 1.9728709970578964, 4.5069390943299865, 1.5206906325745548, 2.3205213592905056, 3.0644126680328156, 0.625, 4.584280205223062, 1.7365554986812255, 4.6097722286464435, 3.1622776601683795, 1.8027756377319946, 1.0, 3.25, 1.25, 4.743416490252569, 2.1213203435596424, 1.5811388300841898, 3.5377429245212264, 1.875, 4.976507309348595, 2.6010815058356016, 3.905124837953327, 2.5, 5.273755777432247, 3.132491021535417, 3.091510209505599, 4.331930862790864, 3.125, 5.625, 3.6933216756735394, 4.802343178074636, 3.75, 6.020797289396148, 4.272001872658765, 4.031128874149275, 5.304773793480736, 4.375, 6.363961030678928, 5.408326913195984, 4.743416490252569, 4.5, 5.830951894845301, 5.0, 6.9748814234638985], [7.4206989536677765, 5.025762751750166, 3.9224953903718385, 7.135169411563774, 4.593708829217271, 5.624742075164123, 3.5003437436978397, 3.2907813187805393, 6.894618343495501, 4.210377700204344, 5.360185909357148, 2.8148021704525332, 4.43805063849848, 6.703889294522543, 3.890199217151652, 5.158169496402791, 2.407951583718743, 6.567324511851326, 3.6498314371867413, 1.8571344513754395, 5.026239362025005, 2.110592428746704, 6.488344998126453, 3.5057294662631833, 4.969980049770707, 1.9728709970578964, 0.0, 6.469060239745946, 3.469907586863842, 0.3957650642628566, 4.991950647379053, 2.027582191128519, 6.510000764685914, 3.5456491975553024, 6.525345498160312, 5.04240944473153, 3.573744835081881, 2.1488162518538227, 5.091138461740896, 2.2607983352194054, 6.610047619114441, 3.726157243444494, 2.002979444098912, 5.263179686023151, 2.625372103775033, 6.766579571519853, 3.9972637358101824, 5.501243493803567, 3.074930609628362, 6.975795199721614, 4.342031430606242, 4.099555725311666, 5.7972018723575065, 3.577578486180109, 7.233124376036155, 4.744428997795392, 6.1426923347677675, 4.1139017240969755, 7.533638417787101, 5.191071766588389, 4.132179199463646, 6.529857478564444, 4.672318157646949, 7.801814113817194, 6.611661107808979, 5.573133924684615, 4.785977526109712, 6.9517377871373505, 5.245777019377271, 6.270725865806582], [3.75, 4.802343178074636, 6.25, 3.125, 4.331930862790864, 3.132491021535417, 4.99235526691672, 5.273755777432247, 2.5, 3.905124837953327, 2.6010815058356016, 4.976507309348595, 3.1584824676301175, 1.875, 3.5377429245212264, 2.1213203435596424, 4.743416490252569, 1.25, 3.25, 5.153882032022076, 1.7365554986812255, 4.584280205223062, 0.625, 3.0644126680328156, 1.5206906325745548, 4.5069390943299865, 6.469060239745946, 0.0, 3.0, 6.792551908546099, 1.5461646096066226, 4.5155979670471105, 0.625, 3.0644126680328156, 0.75, 1.6770509831248424, 3.092329219213245, 4.562071897723665, 1.8027756377319946, 4.6097722286464435, 1.25, 3.25, 5.153882032022076, 2.2114757516192665, 4.78441480225116, 1.875, 3.5377429245212264, 2.704163456597992, 5.031152949374527, 2.5, 3.905124837953327, 4.349279666201121, 3.2427804427682116, 5.340002340823457, 3.125, 4.331930862790864, 3.8078865529319543, 5.70087712549569, 3.75, 4.802343178074636, 6.25, 4.38926246651986, 6.10455772353739, 4.25, 4.5069390943299865, 5.202163011671203, 6.189709201569974, 4.981214711292819, 6.5431261641512, 9.593630950297355], [4.802343178074636, 3.75, 4.25, 4.331930862790864, 3.125, 3.132491021535417, 2.9872413881558204, 3.132491021535417, 3.905124837953327, 2.5, 2.6010815058356016, 2.6010815058356016, 2.0694584163553364, 3.5377429245212264, 1.875, 2.1213203435596424, 2.1213203435596424, 3.25, 1.25, 2.358495283014151, 1.7365554986812255, 1.7365554986812255, 3.0644126680328156, 0.625, 1.5206906325745548, 1.5206906325745548, 3.469907586863842, 3.0, 0.0, 3.793327348845558, 1.5461646096066226, 1.5461646096066226, 3.0644126680328156, 0.625, 3.092329219213245, 1.6770509831248424, 0.75, 1.6770509831248424, 1.8027756377319946, 1.8027756377319946, 3.25, 1.25, 2.358495283014151, 2.2114757516192665, 2.2114757516192665, 3.5377429245212264, 1.875, 2.704163456597992, 2.704163456597992, 3.905124837953327, 2.5, 2.692608024965797, 3.2427804427682116, 3.2427804427682116, 4.331930862790864, 3.125, 3.8078865529319543, 3.8078865529319543, 4.802343178074636, 3.75, 4.25, 4.38926246651986, 4.38926246651986, 5.202163011671203, 4.5069390943299865, 4.25, 4.5069390943299865, 4.981214711292819, 4.981214711292819, 7.51941115408346], [7.8145239389614725, 5.414550335698094, 4.260407175526688, 7.525002030933313, 4.987607293157401, 6.017579558420714, 3.8859567853569676, 3.6690372970479923, 7.277759046471589, 4.606120676198731, 5.74631489868693, 3.2047941993328983, 4.82819996771355, 7.07722741696546, 4.28225628105722, 5.532653620806198, 2.8037166463511154, 6.927464838192695, 4.029930524165716, 2.252566090722646, 5.383458670851713, 2.496437102347043, 6.831810906146679, 3.863186664212735, 5.304172737922196, 2.3205213592905056, 0.3957650642628566, 6.792551908546099, 3.793327348845558, 0.0, 5.297935409823868, 2.3062286425833864, 6.810663154439648, 3.8256638049426437, 6.821155095570803, 5.329487997025111, 3.8443110934259646, 2.377816909612921, 5.365001470606896, 2.456381836120061, 6.8856919605941105, 3.957691842652328, 2.1206222400200656, 5.502691337206068, 2.7441178724262407, 7.015812493869753, 4.179975585376706, 5.70589459467236, 3.1317413799223064, 7.198037657729187, 4.479097796129694, 4.202018163807935, 5.967922946759603, 3.5870148095130894, 7.42853399366497, 4.840835489896598, 6.281419065100526, 4.087394820251009, 7.702969457812006, 5.2522670736731385, 4.052162802339256, 6.639096071330563, 4.618242911493866, 7.951121644544462, 6.715327309889417, 5.60989361321138, 4.727175882506705, 7.034217640740544, 5.1701826623932625, 6.003228274420534], [4.38926246651986, 4.38926246651986, 5.4097712520956005, 3.8078865529319543, 3.8078865529319543, 3.125, 4.108130488569115, 4.331930862790864, 3.2427804427682116, 3.2427804427682116, 2.5, 3.905124837953327, 2.552646773054685, 2.704163456597992, 2.704163456597992, 1.875, 3.5377429245212264, 2.2114757516192665, 2.2114757516192665, 3.8588372601082828, 1.25, 3.25, 1.8027756377319946, 1.8027756377319946, 0.625, 3.0644126680328156, 4.991950647379053, 1.5461646096066226, 1.5461646096066226, 5.297935409823868, 0.0, 3.0, 1.5206906325745548, 1.5206906325745548, 1.5461646096066226, 0.375, 1.5461646096066226, 3.023346655611956, 0.625, 3.0644126680328156, 1.7365554986812255, 1.7365554986812255, 3.607717422415453, 1.25, 3.25, 2.1213203435596424, 2.1213203435596424, 1.875, 3.5377429245212264, 2.6010815058356016, 2.6010815058356016, 2.997005666891441, 2.5, 3.905124837953327, 3.132491021535417, 3.132491021535417, 3.125, 4.331930862790864, 3.6933216756735394, 3.6933216756735394, 4.862162584694181, 3.75, 4.802343178074636, 4.155192534648665, 3.875, 4.155192534648665, 4.900573945978165, 4.375, 5.304773793480736, 8.222878223391556], [6.10455772353739, 4.38926246651986, 4.155192534648665, 5.70087712549569, 3.8078865529319543, 4.331930862790864, 3.1427274955221796, 3.125, 5.340002340823457, 3.2427804427682116, 3.905124837953327, 2.5, 3.134111068019702, 5.031152949374527, 2.704163456597992, 3.5377429245212264, 1.875, 4.78441480225116, 2.2114757516192665, 1.7001838135919305, 3.25, 1.25, 4.6097722286464435, 1.8027756377319946, 3.0644126680328156, 0.625, 2.027582191128519, 4.5155979670471105, 1.5461646096066226, 2.3062286425833864, 3.0, 0.0, 4.5069390943299865, 1.5206906325745548, 4.5155979670471105, 3.023346655611956, 1.5461646096066226, 0.375, 3.0644126680328156, 0.625, 4.584280205223062, 1.7365554986812255, 1.0077822185373186, 3.25, 1.25, 4.743416490252569, 2.1213203435596424, 3.5377429245212264, 1.875, 4.976507309348595, 2.6010815058356016, 2.513154855686192, 3.905124837953327, 2.5, 5.273755777432247, 3.132491021535417, 4.331930862790864, 3.125, 5.625, 3.6933216756735394, 3.4118360159890453, 4.802343178074636, 3.75, 5.938486760109852, 4.900573945978165, 4.155192534648665, 3.875, 5.304773793480736, 4.375, 6.41245004427937], [4.375, 5.304773793480736, 6.643841132959156, 3.75, 4.802343178074636, 3.6933216756735394, 5.362064538133714, 5.625, 3.125, 4.331930862790864, 3.132491021535417, 5.273755777432247, 3.5860906358938216, 2.5, 3.905124837953327, 2.6010815058356016, 4.976507309348595, 1.875, 3.5377429245212264, 5.340002340823457, 2.1213203435596424, 4.743416490252569, 1.25, 3.25, 1.7365554986812255, 4.584280205223062, 6.510000764685914, 0.625, 3.0644126680328156, 6.810663154439648, 1.5206906325745548, 4.5069390943299865, 0.0, 3.0, 0.125, 1.505199322349037, 3.0026030373660784, 4.501735776342277, 1.5461646096066226, 4.5155979670471105, 0.625, 3.0644126680328156, 5.038911092686593, 1.8027756377319946, 4.6097722286464435, 1.25, 3.25, 2.2114757516192665, 4.78441480225116, 1.875, 3.5377429245212264, 3.9984053781491773, 2.704163456597992, 5.031152949374527, 2.5, 3.905124837953327, 3.2427804427682116, 5.340002340823457, 3.125, 4.331930862790864, 5.896238207535378, 3.8078865529319543, 5.70087712549569, 3.625, 3.923088706618804, 4.705382556179678, 5.77846216566311, 4.38926246651986, 6.10455772353739, 9.209820818533878], [5.304773793480736, 4.375, 4.810470351223464, 4.802343178074636, 3.75, 3.6933216756735394, 3.570957310177638, 3.6933216756735394, 4.331930862790864, 3.125, 3.132491021535417, 3.132491021535417, 2.6770679273306563, 3.905124837953327, 2.5, 2.6010815058356016, 2.6010815058356016, 3.5377429245212264, 1.875, 2.7414640249326636, 2.1213203435596424, 2.1213203435596424, 3.25, 1.25, 1.7365554986812255, 1.7365554986812255, 3.5456491975553024, 3.0644126680328156, 0.625, 3.8256638049426437, 1.5206906325745548, 1.5206906325745548, 3.0, 0.0, 3.0026030373660784, 1.505199322349037, 0.125, 1.505199322349037, 1.5461646096066226, 1.5461646096066226, 3.0644126680328156, 0.625, 2.0953818267800264, 1.8027756377319946, 1.8027756377319946, 3.25, 1.25, 2.2114757516192665, 2.2114757516192665, 3.5377429245212264, 1.875, 2.078737580670523, 2.704163456597992, 2.704163456597992, 3.905124837953327, 2.5, 3.2427804427682116, 3.2427804427682116, 4.331930862790864, 3.125, 3.7102055199139574, 3.8078865529319543, 3.8078865529319543, 4.705382556179678, 3.923088706618804, 3.625, 3.923088706618804, 4.38926246651986, 4.38926246651986, 7.023146645425501], [4.5, 5.408326913195984, 6.726812023536855, 3.875, 4.900573945978165, 3.8078865529319543, 5.441609239104836, 5.70087712549569, 3.25, 4.422951503238533, 3.2427804427682116, 5.340002340823457, 3.6783967919392624, 2.625, 3.9863046797754937, 2.704163456597992, 5.031152949374527, 2.0, 3.605551275463989, 5.385164807134504, 2.2114757516192665, 4.78441480225116, 1.375, 3.3000946956110213, 1.8027756377319946, 4.6097722286464435, 6.525345498160312, 0.75, 3.092329219213245, 6.821155095570803, 1.5461646096066226, 4.5155979670471105, 0.125, 3.0026030373660784, 0.0, 1.5, 3.0, 4.5, 1.5206906325745548, 4.5069390943299865, 0.5, 3.0413812651491097, 5.024937810560445, 1.7365554986812255, 4.584280205223062, 1.125, 3.204001404494074, 2.1213203435596424, 4.743416490252569, 1.75, 3.473110997362451, 3.936394029902064, 2.6010815058356016, 4.976507309348595, 2.375, 3.8263069662534916, 3.132491021535417, 5.273755777432247, 3.0, 4.242640687119285, 5.830951894845301, 3.6933216756735394, 5.625, 3.5, 3.8078865529319543, 4.6097722286464435, 5.70087712549569, 4.272001872658765, 6.020797289396148, 9.13625516550952], [4.743416490252569, 4.743416490252569, 5.70087712549569, 4.155192534648665, 4.155192534648665, 3.5, 4.400126260814695, 4.6097722286464435, 3.5794552658190883, 3.5794552658190883, 2.875, 4.155192534648665