totalHoles = 70;
zeroHoleID = 27;
C = [[0.0, 0.8333333333333335, 1.666666666666667, 2.5, 3.0, 4.666666666666667, 0.5625, 1.0054107093344713, 1.7590292856509748, 2.5625, 3.9616214413349042, 5.5901699437494745, 1.125, 1.4000248013676202, 2.0108214186689426, 2.7414640249326636, 1.6875, 1.8820469426782225, 2.3717997444509895, 3.0162321280034137, 2.25, 2.3993633414813282, 2.8000496027352404, 3.3634060117684275, 3.7968868056816936, 2.8125, 2.933359966735151, 3.2692405888490033, 3.762998305872592, 3.375, 3.4763586472693584, 3.764093885356445, 4.20007440410286, 3.9375, 4.024717467654648, 4.275708599492928, 4.664108301701408, 4.5, 4.576510072581994, 4.7987266829626565, 5.1478150704935, 5.0, 5.068968775248516, 5.270462766947299, 5.5901699437494745, 5.830951894845301, 6.300352723811933, 6.839428176227731, 6.338265623268806, 6.7725959244262866, 7.276770498572075, 8.068572619147023, 6.857680203813661, 7.261006970263988, 7.73340517208012, 7.386643351347079, 7.762534666231414, 7.923242882669809, 8.274794391537606, 8.46602687871419, 8.795911297617522, 8.29420243671337, 8.5, 8.540751983545972, 8.661857640124188, 8.860022573334675, 9.013878188659973, 9.324400487132909, 9.095302872140971, 15.173584448357124], [0.8333333333333335, 0.0, 0.8333333333333335, 1.6666666666666665, 2.1666666666666665, 3.8333333333333335, 1.0054107093344713, 0.5625, 1.0054107093344713, 1.7590292856509744, 3.162277660168379, 4.772607021092117, 1.4000248013676202, 1.125, 1.4000248013676202, 2.010821418668942, 1.8820469426782225, 1.6875, 1.8820469426782225, 2.371799744450989, 2.3993633414813282, 2.25, 2.3993633414813282, 2.8000496027352404, 3.225594332501004, 2.933359966735151, 2.8125, 2.933359966735151, 3.2692405888490033, 3.4763586472693584, 3.375, 3.4763586472693584, 3.764093885356445, 4.024717467654648, 3.9375, 4.024717467654648, 4.275708599492928, 4.576510072581994, 4.5, 4.576510072581994, 4.7987266829626565, 5.068968775248516, 5.0, 5.068968775248516, 5.270462766947299, 5.449260908090605, 5.830951894845301, 6.300352723811933, 5.988994536276983, 6.338265623268806, 6.772595924426287, 7.543393074309749, 6.536223850375859, 6.857680203813661, 7.261006970263988, 7.089213245801289, 7.386643351347079, 7.646713164636308, 7.923242882669809, 8.207804551495824, 8.46602687871419, 8.167580606523948, 8.540751983545972, 8.5, 8.540751983545972, 8.661857640124188, 8.771798244627178, 9.013878188659973, 8.871331990131223, 14.713408535913798], [1.666666666666667, 0.8333333333333335, 0.0, 0.833333333333333, 1.333333333333333, 3.0, 1.7590292856509748, 1.0054107093344713, 0.5625, 1.0054107093344709, 2.386303510546058, 3.9616214413349042, 2.0108214186689426, 1.4000248013676202, 1.125, 1.40002480136762, 2.3717997444509895, 1.8820469426782225, 1.6875, 1.8820469426782223, 2.8000496027352404, 2.3993633414813282, 2.25, 2.399363341481328, 2.7895263163222443, 3.2692405888490033, 2.933359966735151, 2.8125, 2.933359966735151, 3.764093885356445, 3.4763586472693584, 3.375, 3.4763586472693584, 4.275708599492928, 4.024717467654648, 3.9375, 4.024717467654648, 4.7987266829626565, 4.576510072581994, 4.5, 4.576510072581994, 5.270462766947299, 5.068968775248516, 5.0, 5.068968775248516, 5.174724898753341, 5.449260908090605, 5.830951894845301, 5.740330033098174, 5.988994536276983, 6.338265623268806, 7.077611385596725, 6.309164410249234, 6.536223850375859, 6.857680203813661, 6.880427150822671, 7.089213245801289, 7.4535599249993, 7.646713164636308, 8.028162236084228, 8.207804551495824, 8.124890199617413, 8.661857640124188, 8.540751983545972, 8.5, 8.540751983545972, 8.603939666093538, 8.771798244627178, 8.72154900870048, 14.287057267571434], [2.5, 1.6666666666666665, 0.833333333333333, 0.0, 0.5, 2.166666666666667, 2.5625, 1.7590292856509744, 1.0054107093344709, 0.5625, 1.6666666666666663, 3.1622776601683795, 2.7414640249326636, 2.010821418668942, 1.40002480136762, 1.125, 3.0162321280034137, 2.371799744450989, 1.8820469426782223, 1.6875, 3.3634060117684275, 2.8000496027352404, 2.399363341481328, 2.25, 2.558777878194001, 3.762998305872592, 3.2692405888490033, 2.933359966735151, 2.8125, 4.20007440410286, 3.764093885356445, 3.4763586472693584, 3.375, 4.664108301701408, 4.275708599492928, 4.024717467654648, 3.9375, 5.1478150704935, 4.7987266829626565, 4.576510072581994, 4.5, 5.5901699437494745, 5.270462766947299, 5.068968775248516, 5.0, 5.024937810560445, 5.174724898753341, 5.449260908090605, 5.605676686280712, 5.740330033098174, 5.988994536276983, 6.68365735704647, 6.1869037310901955, 6.309164410249234, 6.536223850375859, 6.768493185340442, 6.880427150822671, 7.350359023733316, 7.4535599249993, 7.93244042594151, 8.028162236084228, 8.167447424777277, 8.860022573334675, 8.661857640124188, 8.540751983545972, 8.5, 8.514693182963201, 8.603939666093538, 8.649808774307782, 13.897644004575715], [3.0, 2.1666666666666665, 1.333333333333333, 0.5, 0.0, 1.666666666666667, 3.052278861768695, 2.2384929516182184, 1.4471295822343544, 0.7525996611745185, 1.3017082793177757, 2.692582403567252, 3.204001404494074, 2.4413253458817086, 1.7445351179548598, 1.231107225224513, 3.442042453253591, 2.746288530807432, 2.150682223801968, 1.7600159800410904, 3.75, 3.123610802331885, 2.6153924710792023, 2.3048861143232218, 2.5443158594974102, 4.112196037398995, 3.550295860128342, 3.112544622616321, 2.85659872050661, 4.5155979670471105, 4.010619583611047, 3.628829394967167, 3.4118360159890453, 4.950142043416532, 4.494257524268546, 4.157124490291069, 3.969119077326857, 5.408326913195984, 4.994441354590566, 4.693375946776241, 4.527692569068709, 5.830951894845301, 5.449260908090605, 5.174724898753341, 5.024937810560445, 5.0, 5.068968775248516, 5.270462766947299, 5.583333333333333, 5.645179851479982, 5.826782035471113, 6.48730745206298, 6.166666666666667, 6.222718234198156, 6.3879226322456, 6.75, 6.801245800913568, 7.333333333333334, 7.3805299418281765, 7.916666666666668, 7.960405489392834, 8.23346088298018, 9.013878188659973, 8.771798244627178, 8.603939666093538, 8.514693182963201, 8.5, 8.540751983545972, 8.64512136012648, 13.683050743573897], [4.666666666666667, 3.8333333333333335, 3.0, 2.166666666666667, 1.666666666666667, 0.0, 4.700445088263215, 3.8743839115973584, 3.052278861768695, 2.238492951618219, 1.301708279317776, 1.3017082793177757, 4.800354442932083, 3.995005562504819, 3.204001404494074, 2.441325345881709, 4.962402042134211, 4.188329105316874, 3.442042453253591, 2.7462885308074325, 5.180760347456518, 4.44487845103153, 3.75, 3.1236108023318856, 3.136662373795539, 5.448663508400733, 4.754429586653319, 4.112196037398995, 3.5502958601283425, 5.759201574678367, 5.107354446721359, 4.5155979670471105, 4.010619583611047, 6.1058729128420115, 5.495302602627488, 4.950142043416532, 4.494257524268547, 6.482883446258909, 5.9113826169894, 5.408326913195984, 4.994441354590566, 6.839428176227731, 6.300352723811933, 5.830951894845301, 5.449260908090605, 5.270462766947299, 5.068968775248517, 5.0, 5.826782035471113, 5.645179851479982, 5.583333333333333, 6.088996369901301, 6.3879226322456, 6.222718234198156, 6.166666666666667, 6.952717294538717, 6.801245800913568, 7.5203427817856525, 7.3805299418281765, 8.090203266228167, 7.960405489392834, 8.66082702784335, 9.696792138525904, 9.324400487132909, 9.013878188659973, 8.771798244627178, 8.661857640124188, 8.540751983545972, 8.836232574265098, 13.08083399507305], [0.5625, 1.0054107093344713, 1.7590292856509748, 2.5625, 3.052278861768695, 4.700445088263215, 0.0, 0.8333333333333335, 1.666666666666667, 2.5, 3.8582185908064415, 5.517373129488344, 0.5625, 1.0054107093344713, 1.7590292856509748, 2.5625, 1.125, 1.4000248013676202, 2.0108214186689426, 2.7414640249326636, 1.6875, 1.8820469426782225, 2.3717997444509895, 3.0162321280034137, 3.446341867953701, 2.25, 2.3993633414813282, 2.8000496027352404, 3.3634060117684275, 2.8125, 2.933359966735151, 3.2692405888490033, 3.762998305872592, 3.375, 3.4763586472693584, 3.764093885356445, 4.20007440410286, 3.9375, 4.024717467654648, 4.275708599492928, 4.664108301701408, 4.4375, 4.515069290104465, 4.740167088592741, 5.093270682969834, 5.356435965266457, 5.8639449770989875, 6.4396571358868, 5.848826152409653, 6.316898907340179, 6.854673233560363, 7.655695700702358, 6.356625207433406, 6.789781179995584, 7.292767774004295, 6.876420307834593, 7.278708724385421, 7.405685925542467, 7.780657329057888, 7.942529028030752, 8.293263037282465, 7.744010515624482, 7.9375, 7.981124650977733, 8.110590855651502, 8.321893189052597, 8.485511549105334, 8.814666794294862, 8.562536777469512, 14.715425773379089], [1.0054107093344713, 0.5625, 1.0054107093344713, 1.7590292856509744, 2.2384929516182184, 3.8743839115973584, 0.8333333333333335, 0.0, 0.8333333333333335, 1.6666666666666665, 3.0317332089087254, 4.6871296149965564, 1.0054107093344713, 0.5625, 1.0054107093344713, 1.7590292856509744, 1.4000248013676202, 1.125, 1.4000248013676202, 2.010821418668942, 1.8820469426782225, 1.6875, 1.8820469426782225, 2.371799744450989, 2.8045287756615136, 2.3993633414813282, 2.25, 2.3993633414813282, 2.8000496027352404, 2.933359966735151, 2.8125, 2.933359966735151, 3.2692405888490033, 3.4763586472693584, 3.375, 3.4763586472693584, 3.764093885356445, 4.024717467654648, 3.9375, 4.024717467654648, 4.275708599492928, 4.515069290104465, 4.4375, 4.515069290104465, 4.740167088592741, 4.938203184807652, 5.356435965266457, 5.8639449770989875, 5.468382924188425, 5.848826152409653, 6.31689890734018, 7.100041663599433, 6.00842146259916, 6.356625207433405, 6.789781179995584, 6.555882907316485, 6.876420307834593, 7.109052572053622, 7.405685925542467, 7.666694972773834, 7.942529028030752, 7.608237494254938, 7.981124650977733, 7.9375, 7.981124650977733, 8.110590855651502, 8.227900746511496, 8.485511549105334, 8.32424368988966, 14.240452290047019], [1.7590292856509748, 1.0054107093344713, 0.5625, 1.0054107093344709, 1.4471295822343544, 3.052278861768695, 1.666666666666667, 0.8333333333333335, 0.0, 0.833333333333333, 2.2103960492283825, 3.8582185908064415, 1.7590292856509748, 1.0054107093344713, 0.5625, 1.0054107093344709, 2.0108214186689426, 1.4000248013676202, 1.125, 1.40002480136762, 2.3717997444509895, 1.8820469426782225, 1.6875, 1.8820469426782223, 2.2896244069945664, 2.8000496027352404, 2.3993633414813282, 2.25, 2.399363341481328, 3.2692405888490033, 2.933359966735151, 2.8125, 2.933359966735151, 3.764093885356445, 3.4763586472693584, 3.375, 3.4763586472693584, 4.275708599492928, 4.024717467654648, 3.9375, 4.024717467654648, 4.740167088592741, 4.515069290104465, 4.4375, 4.515069290104465, 4.633485084445376, 4.938203184807652, 5.356435965266457, 5.194857566756656, 5.468382924188425, 5.848826152409653, 6.603059554239378, 5.760595612048771, 6.008421462599159, 6.356625207433406, 6.329528736626273, 6.555882907316485, 6.900866743066088, 7.109052572053622, 7.474058143932846, 7.666694972773834, 7.5623902015672035, 8.110590855651502, 7.981124650977733, 7.9375, 7.981124650977733, 8.048706978625683, 8.227900746511496, 8.16443009895403, 13.799496224401459], [2.5625, 1.7590292856509744, 1.0054107093344709, 0.5625, 0.7525996611745185, 2.238492951618219, 2.5, 1.6666666666666665, 0.833333333333333, 0.0, 1.4032761765874089, 3.031733208908726, 2.5625, 1.7590292856509744, 1.0054107093344709, 0.5625, 2.7414640249326636, 2.010821418668942, 1.40002480136762, 1.125, 3.0162321280034137, 2.371799744450989, 1.8820469426782223, 1.6875, 2.0020657046125794, 3.3634060117684275, 2.8000496027352404, 2.399363341481328, 2.25, 3.762998305872592, 3.2692405888490033, 2.933359966735151, 2.8125, 4.20007440410286, 3.764093885356445, 3.4763586472693584, 3.375, 4.664108301701408, 4.275708599492928, 4.024717467654648, 3.9375, 5.093270682969834, 4.740167088592741, 4.515069290104465, 4.4375, 4.4655801694740624, 4.633485084445376, 4.938203184807653, 5.045668177864167, 5.194857566756656, 5.468382924188425, 6.178922901097321, 5.626427288055697, 5.760595612048771, 6.00842146259916, 6.2076691479169535, 6.329528736626273, 6.789269771321345, 6.900866743066088, 7.371144236895051, 7.474058143932846, 7.60809452106252, 8.321893189052597, 8.110590855651502, 7.981124650977733, 7.9375, 7.953232440335188, 8.048706978625683, 8.087749598104164, 13.395917272002084], [3.9616214413349042, 3.162277660168379, 2.386303510546058, 1.6666666666666663, 1.3017082793177757, 1.301708279317776, 3.8582185908064415, 3.0317332089087254, 2.2103960492283825, 1.4032761765874089, 0.0, 1.666666666666667, 3.835370835322765, 3.0026030373660784, 2.170269440517569, 1.3391798899990162, 3.894496205473109, 3.0777680630612823, 2.2731257542081655, 1.5001446689495572, 4.031990134467648, 3.2499999999999996, 2.501388503300605, 1.827642683288442, 1.839901533317902, 4.240235924384921, 3.505018723202488, 2.8248187011637476, 2.2500964485501007, 4.509442254253229, 3.8263069662534916, 3.214820281826722, 2.723674499234036, 4.829425503560899, 4.198679107767108, 3.650116531625318, 3.225939247378626, 5.1908038341324785, 4.6097722286464435, 4.1163630117428225, 3.745367509040705, 5.540256712864887, 5.0, 4.549114687985393, 4.216370213557839, 4.0858835573770875, 4.0, 4.0858835573770875, 4.6584749531245615, 4.583333333333333, 4.6584749531245615, 5.270854424590639, 5.233439489369194, 5.166666666666667, 5.233439489369195, 5.810072671184453, 5.75, 6.3879226322456, 6.333333333333334, 6.966686602842289, 6.916666666666668, 7.44685683141827, 8.422852512328852, 8.077747210701755, 7.806692285753579, 7.617596588017626, 7.54615428178118, 7.5, 7.708902574605683, 12.432432413056302], [5.5901699437494745, 4.772607021092117, 3.9616214413349042, 3.1622776601683795, 2.692582403567252, 1.3017082793177757, 5.517373129488344, 4.6871296149965564, 3.8582185908064415, 3.031733208908726, 1.666666666666667, 0.0, 5.501420271166347, 4.668340473634905, 3.835370835322765, 3.0026030373660784, 5.5428022019552525, 4.717036572656371, 3.894496205473109, 3.0777680630612827, 5.640257086339239, 4.831177680211914, 4.031990134467648, 3.25, 3.0867657968135456, 5.790954692449251, 5.006289447063341, 4.240235924384921, 3.5050187232024883, 5.99087848316088, 5.236258471253856, 4.509442254253229, 3.8263069662534916, 6.235295201512114, 5.514225605447947, 4.829425503560899, 4.198679107767108, 6.519202405202649, 5.833333333333333, 5.1908038341324785, 4.6097722286464435, 6.800735254367722, 6.146362971528591, 5.540256712864887, 5.0, 4.716990566028302, 4.333333333333333, 4.0858835573770875, 5.220818369225695, 4.876958296133177, 4.6584749531245615, 5.054740642019514, 5.7397251192408545, 5.42883249163411, 5.233439489369194, 6.269968101992227, 5.986675018553937, 6.808899405271833, 6.548960901462834, 7.354609287907672, 7.1146367128304995, 8.09033380893989, 9.300537618869138, 8.833333333333332, 8.422852512328852, 8.077747210701755, 7.905694150420948, 7.68295371441074, 8.096038503967753, 11.883833297317466], [1.125, 1.4000248013676202, 2.0108214186689426, 2.7414640249326636, 3.204001404494074, 4.800354442932083, 0.5625, 1.0054107093344713, 1.7590292856509748, 2.5625, 3.835370835322765, 5.501420271166347, 0.0, 0.8333333333333335, 1.666666666666667, 2.5, 0.5625, 1.0054107093344713, 1.7590292856509748, 2.5625, 1.125, 1.4000248013676202, 2.0108214186689426, 2.7414640249326636, 3.157690235989191, 1.6875, 1.8820469426782225, 2.3717997444509895, 3.0162321280034137, 2.25, 2.3993633414813282, 2.8000496027352404, 3.3634060117684275, 2.8125, 2.933359966735151, 3.2692405888490033, 3.762998305872592, 3.375, 3.4763586472693584, 3.764093885356445, 4.20007440410286, 3.875, 3.9635929968204913, 4.218222703672458, 4.611466686424179, 4.900573945978165, 5.450694400206679, 6.0657565709297785, 5.373707855020694, 5.879726231344071, 6.454030824910033, 7.2629402939206456, 5.866719933470302, 6.333470393253783, 6.8699476384871785, 6.375, 6.806986810949794, 6.895172425529168, 7.296427017535517, 7.4247381173419935, 7.798793532050683, 7.195722074331602, 7.375, 7.421931651830569, 7.560978956311, 7.7872090635862605, 7.9618229696470895, 8.311742864432492, 8.03382538365505, 14.264734798524433], [1.4000248013676202, 1.125, 1.4000248013676202, 2.010821418668942, 2.4413253458817086, 3.995005562504819, 1.0054107093344713, 0.5625, 1.0054107093344713, 1.7590292856509744, 3.0026030373660784, 4.668340473634905, 0.8333333333333335, 0.0, 0.8333333333333335, 1.6666666666666665, 1.0054107093344713, 0.5625, 1.0054107093344713, 1.7590292856509744, 1.4000248013676202, 1.125, 1.4000248013676202, 2.010821418668942, 2.4411302728785977, 1.8820469426782225, 1.6875, 1.8820469426782225, 2.371799744450989, 2.3993633414813282, 2.25, 2.3993633414813282, 2.8000496027352404, 2.933359966735151, 2.8125, 2.933359966735151, 3.2692405888490033, 3.4763586472693584, 3.375, 3.4763586472693584, 3.764093885356445, 3.9635929968204913, 3.875, 3.9635929968204913, 4.218222703672458, 4.439602397112206, 4.900573945978165, 5.450694400206679, 4.956932575248079, 5.373707855020694, 5.879726231344072, 6.674669780307588, 5.487517400630473, 5.866719933470302, 6.333470393253783, 6.027857782367169, 6.375, 6.575549195483388, 6.895172425529168, 7.128897569439161, 7.4247381173419935, 7.049396787946271, 7.421931651830569, 7.375, 7.421931651830569, 7.560978956311, 7.686681302385604, 7.9618229696470895, 7.77935390879024, 13.774229002216776], [2.0108214186689426, 1.4000248013676202, 1.125, 1.40002480136762, 1.7445351179548598, 3.204001404494074, 1.7590292856509748, 1.0054107093344713, 0.5625, 1.0054107093344709, 2.170269440517569, 3.835370835322765, 1.666666666666667, 0.8333333333333335, 0.0, 0.833333333333333, 1.7590292856509748, 1.0054107093344713, 0.5625, 1.0054107093344709, 2.0108214186689426, 1.4000248013676202, 1.125, 1.40002480136762, 1.826503567134784, 2.3717997444509895, 1.8820469426782225, 1.6875, 1.8820469426782223, 2.8000496027352404, 2.3993633414813282, 2.25, 2.399363341481328, 3.2692405888490033, 2.933359966735151, 2.8125, 2.933359966735151, 3.764093885356445, 3.4763586472693584, 3.375, 3.4763586472693584, 4.218222703672458, 3.9635929968204913, 3.875, 3.9635929968204913, 4.097975448654833, 4.439602397112206, 4.900573945978165, 4.653441080414459, 4.956932575248079, 5.373707855020694, 6.143372081205522, 5.2149957387859445, 5.487517400630473, 5.866719933470302, 5.780865227435922, 6.027857782367169, 6.349896105886739, 6.575549195483388, 6.9213086832541215, 7.128897569439161, 6.999890203830357, 7.560978956311, 7.421931651830569, 7.375, 7.421931651830569, 7.49455821098067, 7.686681302385604, 7.608103119059881, 13.317845142051867], [2.7414640249326636, 2.010821418668942, 1.40002480136762, 1.125, 1.231107225224513, 2.441325345881709, 2.5625, 1.7590292856509744, 1.0054107093344709, 0.5625, 1.3391798899990162, 3.0026030373660784, 2.5, 1.6666666666666665, 0.833333333333333, 0.0, 2.5625, 1.7590292856509744, 1.0054107093344709, 0.5625, 2.7414640249326636, 2.010821418668942, 1.40002480136762, 1.125, 1.449828417860794, 3.0162321280034137, 2.371799744450989, 1.8820469426782223, 1.6875, 3.3634060117684275, 2.8000496027352404, 2.399363341481328, 2.25, 3.762998305872592, 3.2692405888490033, 2.933359966735151, 2.8125, 4.20007440410286, 3.764093885356445, 3.4763586472693584, 3.375, 4.611466686424179, 4.218222703672458, 3.9635929968204913, 3.875, 3.907124902021946, 4.097975448654833, 4.439602397112206, 4.486283106438013, 4.653441080414459, 4.9569325752480795, 5.685042943462122, 5.066399389880133, 5.2149957387859445, 5.487517400630473, 5.647178499038259, 5.780865227435922, 6.228435018347529, 6.349896105886739, 6.81004670403303, 6.9213086832541215, 7.049242480319575, 7.7872090635862605, 7.560978956311, 7.421931651830569, 7.375, 7.391929720986259, 7.49455821098067, 7.525756293634299, 12.899205508043048], [1.6875, 1.8820469426782225, 2.3717997444509895, 3.0162321280034137, 3.442042453253591, 4.962402042134211, 1.125, 1.4000248013676202, 2.0108214186689426, 2.7414640249326636, 3.894496205473109, 5.5428022019552525, 0.5625, 1.0054107093344713, 1.7590292856509748, 2.5625, 0.0, 0.8333333333333335, 1.666666666666667, 2.5, 0.5625, 1.0054107093344713, 1.7590292856509748, 2.5625, 2.949161827047194, 1.125, 1.4000248013676202, 2.0108214186689426, 2.7414640249326636, 1.6875, 1.8820469426782225, 2.3717997444509895, 3.0162321280034137, 2.25, 2.3993633414813282, 2.8000496027352404, 3.3634060117684275, 2.8125, 2.933359966735151, 3.2692405888490033, 3.762998305872592, 3.3125, 3.4157137898899617, 3.708157767379616, 4.150018825258507, 4.469077785181189, 5.066270886405942, 5.722799492187175, 4.91706389638279, 5.46552484264371, 6.079086702695471, 6.893746388166571, 5.391004918174142, 5.895538861904162, 6.468439673178962, 5.8846330599282055, 6.350066983461233, 6.393389869840395, 6.824212663173842, 6.9139364591462025, 7.314161729518672, 6.649807965343333, 6.8125, 6.863279150263702, 7.013411012323303, 7.2567317884844, 7.443799852897712, 7.81694318096559, 7.510025101462869, 13.822242023370821], [1.8820469426782225, 1.6875, 1.8820469426782225, 2.371799744450989, 2.746288530807432, 4.188329105316874, 1.4000248013676202, 1.125, 1.4000248013676202, 2.010821418668942, 3.0777680630612823, 4.717036572656371, 1.0054107093344713, 0.5625, 1.0054107093344713, 1.7590292856509744, 0.8333333333333335, 0.0, 0.8333333333333335, 1.6666666666666665, 1.0054107093344713, 0.5625, 1.0054107093344713, 1.7590292856509744, 2.1646396616562322, 1.4000248013676202, 1.125, 1.4000248013676202, 2.010821418668942, 1.8820469426782225, 1.6875, 1.8820469426782225, 2.371799744450989, 2.3993633414813282, 2.25, 2.3993633414813282, 2.8000496027352404, 2.933359966735151, 2.8125, 2.933359966735151, 3.2692405888490033, 3.4157137898899617, 3.3125, 3.4157137898899617, 3.7081577673796158, 3.9581688562319375, 4.469077785181189, 5.066270886405942, 4.457797865040042, 4.91706389638279, 5.465524842643711, 6.270937268658878, 4.975678694632745, 5.391004918174141, 5.895538861904162, 5.506664207525682, 5.8846330599282055, 6.047303405008073, 6.393389869840395, 6.595222650188208, 6.9139364591462025, 6.491188248605007, 6.863279150263702, 6.8125, 6.863279150263702, 7.013411012323303, 7.148748190728531, 7.443799852897712, 7.237159247090822, 13.315445928917068], [2.3717997444509895, 1.8820469426782225, 1.6875, 1.8820469426782223, 2.150682223801968, 3.442042453253591, 2.0108214186689426, 1.4000248013676202, 1.125, 1.40002480136762, 2.2731257542081655, 3.894496205473109, 1.7590292856509748, 1.0054107093344713, 0.5625, 1.0054107093344709, 1.666666666666667, 0.8333333333333335, 0.0, 0.833333333333333, 1.7590292856509748, 1.0054107093344713, 0.5625, 1.0054107093344709, 1.4361974573180947, 2.0108214186689426, 1.4000248013676202, 1.125, 1.40002480136762, 2.3717997444509895, 1.8820469426782225, 1.6875, 1.8820469426782223, 2.8000496027352404, 2.3993633414813282, 2.25, 2.399363341481328, 3.2692405888490033, 2.933359966735151, 2.8125, 2.933359966735151, 3.708157767379616, 3.4157137898899617, 3.3125, 3.4157137898899617, 3.570774989799522, 3.9581688562319375, 4.469077785181189, 4.117680796138633, 4.457797865040042, 4.91706389638279, 5.702145041950353, 4.673404733762695, 4.975678694632745, 5.391004918174142, 5.235139351323686, 5.506664207525682, 5.80113883694879, 6.047303405008073, 6.3702664888440035, 6.595222650188208, 6.4373902064890185, 7.013411012323303, 6.863279150263702, 6.8125, 6.863279150263702, 6.941752950644223, 7.148748190728531, 7.052755475684017, 12.842768973553907], [3.0162321280034137, 2.371799744450989, 1.8820469426782223, 1.6875, 1.7600159800410904, 2.7462885308074325, 2.7414640249326636, 2.010821418668942, 1.40002480136762, 1.125, 1.5001446689495572, 3.0777680630612827, 2.5625, 1.7590292856509744, 1.0054107093344709, 0.5625, 2.5, 1.6666666666666665, 0.833333333333333, 0.0, 2.5625, 1.7590292856509744, 1.0054107093344709, 0.5625, 0.9102473822470476, 2.7414640249326636, 2.010821418668942, 1.40002480136762, 1.125, 3.0162321280034137, 2.371799744450989, 1.8820469426782223, 1.6875, 3.3634060117684275, 2.8000496027352404, 2.399363341481328, 2.25, 3.762998305872592, 3.2692405888490033, 2.933359966735151, 2.8125, 4.150018825258507, 3.7081577673796158, 3.4157137898899617, 3.3125, 3.350023320814349, 3.570774989799522, 3.958168856231938, 3.9277878457359567, 4.117680796138633, 4.457797865040042, 5.20510814684114, 4.506987245131473, 4.673404733762695, 4.975678694632746, 5.087131436281158, 5.235139351323686, 5.667930312537178, 5.80113883694879, 6.2492013378599935, 6.3702664888440035, 6.491020670993323, 7.2567317884844, 7.013411012323303, 6.863279150263702, 6.8125, 6.8308239803115995, 6.941752950644223, 6.9638448087761455, 12.408110993182342], [2.25, 2.3993633414813282, 2.8000496027352404, 3.3634060117684275, 3.75, 5.180760347456518, 1.6875, 1.8820469426782225, 2.3717997444509895, 3.0162321280034137, 4.031990134467648, 5.640257086339239, 1.125, 1.4000248013676202, 2.0108214186689426, 2.7414640249326636, 0.5625, 1.0054107093344713, 1.7590292856509748, 2.5625, 0.0, 0.8333333333333335, 1.666666666666667, 2.5, 2.83847068643719, 0.5625, 1.0054107093344713, 1.7590292856509748, 2.5625, 1.125, 1.4000248013676202, 2.0108214186689426, 2.7414640249326636, 1.6875, 1.8820469426782225, 2.3717997444509895, 3.0162321280034137, 2.25, 2.3993633414813282, 2.8000496027352404, 3.3634060117684275, 2.75, 2.873489941594445, 3.2156302302624566, 3.7165171868296265, 4.0697051490249265, 4.717726618239387, 5.416666666666667, 4.484541349024569, 5.079916884709389, 5.734883511361751, 6.552098085015454, 4.9335867052052285, 5.48039434915246, 6.092458908811414, 5.408326913195984, 5.9113826169894, 5.902565355654928, 6.366688481638019, 6.411794687223782, 6.841458583924598, 6.1069049674007685, 6.25, 6.305310812675648, 6.468406123441676, 6.73145600891813, 6.932712311931024, 7.331912741191377, 6.992239716581845, 13.38876031352577], [2.3993633414813282, 2.25, 2.3993633414813282, 2.8000496027352404, 3.123610802331885, 4.44487845103153, 1.8820469426782225, 1.6875, 1.8820469426782225, 2.371799744450989, 3.2499999999999996, 4.831177680211914, 1.4000248013676202, 1.125, 1.4000248013676202, 2.010821418668942, 1.0054107093344713, 0.5625, 1.0054107093344713, 1.7590292856509744, 0.8333333333333335, 0.0, 0.8333333333333335, 1.6666666666666665, 2.0112248060488107, 1.0054107093344713, 0.5625, 1.0054107093344713, 1.7590292856509744, 1.4000248013676202, 1.125, 1.4000248013676202, 2.010821418668942, 1.8820469426782225, 1.6875, 1.8820469426782225, 2.371799744450989, 2.3993633414813282, 2.25, 2.3993633414813282, 2.8000496027352404, 2.873489941594445, 2.75, 2.873489941594445, 3.215630230262456, 3.5009919229333337, 4.0697051490249265, 4.7177266182393875, 3.9756201472921875, 4.484541349024569, 5.07991688470939, 5.893293160768298, 4.476016333998595, 4.9335867052052285, 5.480394349152461, 4.994441354590566, 5.408326913195984, 5.525823216700135, 5.902565355654927, 6.0667582410671, 6.411794687223782, 5.933790288150423, 6.305310812675648, 6.25, 6.305310812675648, 6.468406123441676, 6.6149032074887115, 6.932712311931024, 6.698314205626246, 12.864899084964426], [2.8000496027352404, 2.3993633414813282, 2.25, 2.399363341481328, 2.6153924710792023, 3.75, 2.3717997444509895, 1.8820469426782225, 1.6875, 1.8820469426782223, 2.501388503300605, 4.031990134467648, 2.0108214186689426, 1.4000248013676202, 1.125, 1.40002480136762, 1.7590292856509748, 1.0054107093344713, 0.5625, 1.0054107093344709, 1.666666666666667, 0.8333333333333335, 0.0, 0.833333333333333, 1.1924862649346655, 1.7590292856509748, 1.0054107093344713, 0.5625, 1.0054107093344709, 2.0108214186689426, 1.4000248013676202, 1.125, 1.40002480136762, 2.3717997444509895, 1.8820469426782225, 1.6875, 1.8820469426782223, 2.8000496027352404, 2.3993633414813282, 2.25, 2.399363341481328, 3.2156302302624566, 2.873489941594445, 2.75, 2.873489941594445, 3.056186803482041, 3.5009919229333337, 4.0697051490249265, 3.590109871423002, 3.975620147292187, 4.484541349024569, 5.284004932884008, 4.137397195768803, 4.4760163339985946, 4.9335867052052285, 4.693375946776241, 4.994441354590566, 5.255288341809187, 5.525823216700135, 5.821416398857661, 6.0667582410671, 5.874890209656796, 6.468406123441676, 6.305310812675648, 6.25, 6.305310812675648, 6.390639856679281, 6.6149032074887115, 6.498638244227252, 12.375024973246852], [3.3634060117684275, 2.8000496027352404, 2.399363341481328, 2.25, 2.3048861143232218, 3.1236108023318856, 3.0162321280034137, 2.371799744450989, 1.8820469426782223, 1.6875, 1.827642683288442, 3.25, 2.7414640249326636, 2.010821418668942, 1.40002480136762, 1.125, 2.5625, 1.7590292856509744, 1.0054107093344709, 0.5625, 2.5, 1.6666666666666665, 0.833333333333333, 0.0, 0.4334866232520586, 2.5625, 1.7590292856509744, 1.0054107093344709, 0.5625, 2.7414640249326636, 2.010821418668942, 1.40002480136762, 1.125, 3.0162321280034137, 2.371799744450989, 1.8820469426782223, 1.6875, 3.3634060117684275, 2.8000496027352404, 2.399363341481328, 2.25, 3.7165171868296265, 3.215630230262456, 2.873489941594445, 2.75, 2.7950849718747373, 3.056186803482041, 3.5009919229333346, 3.3706247360261137, 3.590109871423002, 3.9756201472921875, 4.743353336155292, 3.9484525801607115, 4.137397195768803, 4.476016333998595, 4.527692569068709, 4.693375946776241, 5.107864306907318, 5.255288341809187, 5.6886827219586715, 5.821416398857661, 5.933606968462198, 6.73145600891813, 6.468406123441676, 6.305310812675648, 6.25, 6.269968101992227, 6.390639856679281, 6.402036687669062, 11.923327832427358], [3.7968868056816936, 3.225594332501004, 2.7895263163222443, 2.558777878194001, 2.5443158594974102, 3.136662373795539, 3.446341867953701, 2.8045287756615136, 2.2896244069945664, 2.0020657046125794, 1.839901533317902, 3.0867657968135456, 3.157690235989191, 2.4411302728785977, 1.826503567134784, 1.449828417860794, 2.949161827047194, 2.1646396616562322, 1.4361974573180947, 0.9102473822470476, 2.83847068643719, 2.0112248060488107, 1.1924862649346655, 0.4334866232520586, 0.0, 2.837091590593099, 2.009277998714201, 1.1891998771059047, 0.42436247264495675, 2.94517810141678, 2.1592089828841985, 1.4279991958539642, 0.8972562977434102, 3.1514872528245803, 2.4331011667044766, 1.815758673119982, 1.4362683312985358, 3.438383669744651, 2.7947435737594164, 2.2776281335330637, 1.9883352522001791, 3.746234749548274, 3.1658149316449125, 2.7201805919860607, 2.4829960961504307, 2.4680900665197227, 2.6607476316171352, 3.0751546677765575, 3.0502192788355655, 3.2081064557902406, 3.5593461904224455, 4.319613209523374, 3.632734820636175, 3.766280879032445, 4.069627738670597, 4.215476540167254, 4.331091299361322, 4.798362033016473, 4.900243624820795, 5.381344580552619, 5.472383290427115, 5.705126963733875, 6.59672817139052, 6.285294897609831, 6.07304949934643, 5.970579317117609, 5.964395723369437, 6.046662362630354, 6.105267548656795, 11.509879390625162], [2.8125, 2.933359966735151, 3.2692405888490033, 3.762998305872592, 4.112196037398995, 5.448663508400733, 2.25, 2.3993633414813282, 2.8000496027352404, 3.3634060117684275, 4.240235924384921, 5.790954692449251, 1.6875, 1.8820469426782225, 2.3717997444509895, 3.0162321280034137, 1.125, 1.4000248013676202, 2.0108214186689426, 2.7414640249326636, 0.5625, 1.0054107093344713, 1.7590292856509748, 2.5625, 2.837091590593099, 0.0, 0.8333333333333335, 1.666666666666667, 2.5, 0.5625, 1.0054107093344713, 1.7590292856509748, 2.5625, 1.125, 1.4000248013676202, 2.0108214186689426, 2.7414640249326636, 1.6875, 1.8820469426782225, 2.3717997444509895, 3.0162321280034137, 2.1875, 2.340854693150441, 2.7500789130091845, 3.321920566479578, 3.7128366850697865, 4.413570062256228, 5.153924138729419, 4.08381162164847, 4.729900824071849, 5.427273269229116, 6.242519672933895, 4.500048225050236, 5.093611535268686, 5.747017644444426, 4.950142043416532, 5.495302602627488, 5.425673601293925, 5.927257247009128, 5.920516646468544, 6.383334693211345, 5.56789395425099, 5.6875, 5.748225873645228, 5.926671412165329, 6.212701203985268, 6.430214323799791, 6.85872442181813, 6.481910828119032, 12.96519353551836], [2.933359966735151, 2.8125, 2.933359966735151, 3.2692405888490033, 3.550295860128342, 4.754429586653319, 2.3993633414813282, 2.25, 2.3993633414813282, 2.8000496027352404, 3.505018723202488, 5.006289447063341, 1.8820469426782225, 1.6875, 1.8820469426782225, 2.371799744450989, 1.4000248013676202, 1.125, 1.4000248013676202, 2.010821418668942, 1.0054107093344713, 0.5625, 1.0054107093344713, 1.7590292856509744, 2.009277998714201, 0.8333333333333335, 0.0, 0.8333333333333335, 1.6666666666666665, 1.0054107093344713, 0.5625, 1.0054107093344713, 1.7590292856509744, 1.4000248013676202, 1.125, 1.4000248013676202, 2.010821418668942, 1.8820469426782225, 1.6875, 1.8820469426782225, 2.371799744450989, 2.340854693150441, 2.1875, 2.340854693150441, 2.7500789130091845, 3.0788960187775816, 3.712836685069786, 4.413570062256229, 3.5173799632049354, 4.08381162164847, 4.729900824071849, 5.54706830948222, 3.993103864442074, 4.500048225050236, 5.093611535268686, 4.494257524268546, 4.950142043416532, 5.0132203694055, 5.425673601293924, 5.544994301670252, 5.920516646468543, 5.377454973188415, 5.748225873645228, 5.6875, 5.748225873645228, 5.926671412165329, 6.086222202191146, 6.430214323799791, 6.163697342248122, 12.423484581498176], [3.2692405888490033, 2.933359966735151, 2.8125, 2.933359966735151, 3.112544622616321, 4.112196037398995, 2.8000496027352404, 2.3993633414813282, 2.25, 2.399363341481328, 2.8248187011637476, 4.240235924384921, 2.3717997444509895, 1.8820469426782225, 1.6875, 1.8820469426782223, 2.0108214186689426, 1.4000248013676202, 1.125, 1.40002480136762, 1.7590292856509748, 1.0054107093344713, 0.5625, 1.0054107093344709, 1.1891998771059047, 1.666666666666667, 0.8333333333333335, 0.0, 0.833333333333333, 1.7590292856509748, 1.0054107093344713, 0.5625, 1.0054107093344709, 2.0108214186689426, 1.4000248013676202, 1.125, 1.40002480136762, 2.3717997444509895, 1.8820469426782225, 1.6875, 1.8820469426782223, 2.7500789130091845, 2.340854693150441, 2.1875, 2.340854693150441, 2.5618224036372577, 3.0788960187775816, 3.7128366850697865, 3.0749463635791905, 3.5173799632049354, 4.08381162164847, 4.89487187595815, 3.609461428739135, 3.9931038644420735, 4.500048225050236, 4.157124490291069, 4.494257524268546, 4.7133546233606864, 5.0132203694055, 5.275442648620958, 5.544994301670252, 5.31239021349541, 5.926671412165329, 5.748225873645228, 5.6875, 5.748225873645228, 5.841697872004147, 6.086222202191146, 5.946095421272287, 11.915476648833131], [3.762998305872592, 3.2692405888490033, 2.933359966735151, 2.8125, 2.85659872050661, 3.5502958601283425, 3.3634060117684275, 2.8000496027352404, 2.399363341481328, 2.25, 2.2500964485501007, 3.5050187232024883, 3.0162321280034137, 2.371799744450989, 1.8820469426782223, 1.6875, 2.7414640249326636, 2.010821418668942, 1.40002480136762, 1.125, 2.5625, 1.7590292856509744, 1.0054107093344709, 0.5625, 0.42436247264495675, 2.5, 1.6666666666666665, 0.833333333333333, 0.0, 2.5625, 1.7590292856509744, 1.0054107093344709, 0.5625, 2.7414640249326636, 2.010821418668942, 1.40002480136762, 1.125, 3.0162321280034137, 2.371799744450989, 1.8820469426782223, 1.6875, 3.321920566479578, 2.7500789130091845, 2.340854693150441, 2.1875, 2.24391538387703, 2.5618224036372577, 3.0788960187775825, 2.8155847281002058, 3.0749463635791905, 3.517379963204936, 4.305631593961456, 3.3912289848634196, 3.609461428739135, 3.993103864442074, 3.969119077326857, 4.157124490291069, 4.548399062063242, 4.7133546233606864, 5.128597991762576, 5.275442648620958, 5.377252687116693, 6.212701203985268, 5.926671412165329, 5.748225873645228, 5.6875, 5.70943572080464, 5.841697872004147, 5.840361759326458, 11.445658009915432], [3.375, 3.4763586472693584, 3.764093885356445, 4.20007440410286, 4.5155979670471105, 5.759201574678367, 2.8125, 2.933359966735151, 3.2692405888490033, 3.762998305872592, 4.509442254253229, 5.99087848316088, 2.25, 2.3993633414813282, 2.8000496027352404, 3.3634060117684275, 1.6875, 1.8820469426782225, 2.3717997444509895, 3.0162321280034137, 1.125, 1.4000248013676202, 2.0108214186689426, 2.7414640249326636, 2.94517810141678, 0.5625, 1.0054107093344713, 1.7590292856509748, 2.5625, 0.0, 0.8333333333333335, 1.666666666666667, 2.5, 0.5625, 1.0054107093344713, 1.7590292856509748, 2.5625, 1.125, 1.4000248013676202, 2.0108214186689426, 2.7414640249326636, 1.625, 1.826217250067594, 2.3277462872439036, 2.981715110469141, 3.4118360159890453, 4.163540493911936, 4.9414980297251745, 3.725149139445441, 4.423932702421631, 5.1628009732013584, 5.970002254461068, 4.097975448654833, 4.742135301973386, 5.437938998881429, 4.5155979670471105, 5.107354446721359, 4.966729585731216, 5.51024928857327, 5.443044746381489, 5.943162504555597, 5.034025267189792, 5.125, 5.192308681544699, 5.389193147195392, 5.702247363978522, 5.938486760109852, 6.400005425344922, 5.980947434414463, 12.552545422895367], [3.4763586472693584, 3.375, 3.4763586472693584, 3.764093885356445, 4.010619583611047, 5.107354446721359, 2.933359966735151, 2.8125, 2.933359966735151, 3.2692405888490033, 3.8263069662534916, 5.236258471253856, 2.3993633414813282, 2.25, 2.3993633414813282, 2.8000496027352404, 1.8820469426782225, 1.6875, 1.8820469426782225, 2.371799744450989, 1.4000248013676202, 1.125, 1.4000248013676202, 2.010821418668942, 2.1592089828841985, 1.0054107093344713, 0.5625, 1.0054107093344713, 1.7590292856509744, 0.8333333333333335, 0.0, 0.8333333333333335, 1.6666666666666665, 1.0054107093344713, 0.5625, 1.0054107093344713, 1.7590292856509744, 1.4000248013676202, 1.125, 1.4000248013676202, 2.010821418668942, 1.826217250067594, 1.625, 1.826217250067594, 2.327746287243903, 2.708333333333333, 3.411836015989045, 4.163540493911936, 3.0937324634744283, 3.7251491394454406, 4.423932702421631, 5.238496146926661, 3.533814825683743, 4.097975448654833, 4.742135301973387, 4.010619583611047, 4.5155979670471105, 4.51252116030742, 4.966729585731216, 5.032015555973129, 5.443044746381489, 4.822550082019819, 5.192308681544699, 5.125, 5.192308681544699, 5.389193147195392, 5.564177337616446, 5.938486760109852, 5.634512326402237, 11.992210902378561], [3.764093885356445, 3.4763586472693584, 3.375, 3.4763586472693584, 3.628829394967167, 4.5155979670471105, 3.2692405888490033, 2.933359966735151, 2.8125, 2.933359966735151, 3.214820281826722, 4.509442254253229, 2.8000496027352404, 2.3993633414813282, 2.25, 2.399363341481328, 2.3717997444509895, 1.8820469426782225, 1.6875, 1.8820469426782223, 2.0108214186689426, 1.4000248013676202, 1.125, 1.40002480136762, 1.4279991958539642, 1.7590292856509748, 1.0054107093344713, 0.5625, 1.0054107093344709, 1.666666666666667, 0.8333333333333335, 0.0, 0.833333333333333, 1.7590292856509748, 1.0054107093344713, 0.5625, 1.0054107093344709, 2.0108214186689426, 1.4000248013676202, 1.125, 1.40002480136762, 2.3277462872439036, 1.826217250067594, 1.625, 1.8262172500675937, 2.1019997092715728, 2.708333333333333, 3.4118360159890453, 2.5796344486940175, 3.093732463474428, 3.725149139445441, 4.5422071433775, 3.0937324634744288, 3.5338148256837427, 4.097975448654833, 3.628829394967167, 4.010619583611047, 4.17686252533592, 4.51252116030742, 4.733340669008402, 5.032015555973129, 4.749890218243191, 5.389193147195392, 5.192308681544699, 5.125, 5.192308681544699, 5.295602211059454, 5.564177337616446, 5.395610715055104, 11.46510954807201], [4.20007440410286, 3.764093885356445, 3.4763586472693584, 3.375, 3.4118360159890453, 4.010619583611047, 3.762998305872592, 3.2692405888490033, 2.933359966735151, 2.8125, 2.723674499234036, 3.8263069662534916, 3.3634060117684275, 2.8000496027352404, 2.399363341481328, 2.25, 3.0162321280034137, 2.371799744450989, 1.8820469426782223, 1.6875, 2.7414640249326636, 2.010821418668942, 1.40002480136762, 1.125, 0.8972562977434102, 2.5625, 1.7590292856509744, 1.0054107093344709, 0.5625, 2.5, 1.6666666666666665, 0.833333333333333, 0.0, 2.5625, 1.7590292856509744, 1.0054107093344709, 0.5625, 2.7414640249326636, 2.010821418668942, 1.40002480136762, 1.125, 2.981715110469141, 2.327746287243903, 1.8262172500675937, 1.625, 1.7001838135919305, 2.1019997092715728, 2.7083333333333335, 2.264229694865587, 2.5796344486940175, 3.0937324634744283, 3.9000433938896886, 2.836089345873606, 3.0937324634744288, 3.533814825683743, 3.4118360159890453, 3.628829394967167, 3.9897873098421903, 4.17686252533592, 4.569106708221107, 4.733340669008402, 4.822324518945633, 5.70224736397