totalHoles = 70;
zeroHoleID = 50;
C = [[0.0, 0.5, 1.0, 1.5, 2.25, 2.3048861143232218, 2.462214450449026, 2.704163456597992, 4.5, 4.527692569068709, 4.6097722286464435, 4.743416490252569, 5.830951894845301, 5.449260908090605, 5.174724898753341, 5.024937810560445, 5.0, 6.026971060598289, 5.658517881012103, 5.39464159542291, 5.251131322418938, 6.2251157511890876, 5.869114972476423, 5.6151441560729545, 5.477414181500471, 6.425189324155333, 6.080912949194727, 5.836166175582858, 5.703775753940513, 5.833333333333333, 6.627017079493671, 6.293790576142907, 6.0576507946297635, 5.930207026057423, 6.020797289396148, 6.830443519837197, 6.507641901805169, 6.279549064659319, 6.156700307606823, 7.035329968707583, 6.722374001276594, 6.501818633764927, 6.383248997853291, 7.241552502373238, 6.93790509369165, 6.724422683205294, 6.609847399496307, 6.666666666666667, 7.449000154771453, 7.154162966429376, 6.947329061125787, 6.836490569421209, 7.657573359235033, 7.3710836514389495, 7.17050957253694, 7.063174198054732, 7.86718259502543, 7.588610309398916, 7.393939393939394, 7.289894511134648, 7.296190168413684, 8.077747210701755, 7.806692285753579, 7.617596588017626, 7.516648189186454, 7.5, 10.240294404952056, 10.206066620278287, 12.578981388536178, 12.990901129946373], [0.5, 0.0, 0.5, 1.0, 2.3048861143232218, 2.25, 2.3048861143232218, 2.462214450449026, 4.527692569068709, 4.5, 4.527692569068709, 4.6097722286464435, 6.103277807866851, 5.666666666666667, 5.325515102890153, 5.0990195135927845, 5.024937810560445, 6.29081713017389, 5.868176145652103, 5.539448643719009, 5.322065404078501, 6.480900100734656, 6.0715053509663965, 5.754405028047086, 5.545454545454545, 6.673309362770444, 6.276477432632955, 5.9702737761639355, 5.769147064448926, 5.854722690083431, 6.8678493993317025, 6.4829365632413785, 6.186959389151664, 5.993108990490731, 6.0, 7.064344178880723, 6.690745084726892, 6.404378954184165, 6.217311209653732, 7.262635043053936, 6.899781074766514, 6.622460183323577, 6.4417286320206815, 7.462578819994339, 7.109936269456935, 6.8411397994588015, 6.6663395236537495, 6.685390373377193, 7.6640461445495704, 7.321114287927504, 7.060362201537272, 6.891124966635355, 7.866919966039194, 7.5332291126167945, 7.280078355565771, 7.116068419574542, 8.07109422466812, 7.74620378602204, 7.500244868974757, 7.341155357535425, 7.285895239005545, 8.276472678623424, 7.959969290839703, 7.720823214600313, 7.566372975210778, 7.516648189186454, 9.958287068544218, 10.08302793518901, 12.652651840177985, 13.09164601943816], [1.0, 0.5, 0.0, 0.5, 2.462214450449026, 2.3048861143232218, 2.25, 2.3048861143232218, 4.6097722286464435, 4.527692569068709, 4.5, 4.527692569068709, 6.4031242374328485, 5.918426968188235, 5.517648452415616, 5.220153254455275, 5.0990195135927845, 6.582125808983695, 6.111641182453943, 5.7244060486424, 5.438233184159103, 6.764027359177554, 6.307126437093223, 5.932664709904556, 5.657036867097693, 6.9486011434849, 6.504677980424353, 6.142271753649793, 5.876483459624444, 5.918426968188234, 7.135639801160147, 6.704113151616596, 6.353093720097735, 6.0965035366102125, 6.020797289396148, 7.32495451710698, 6.905268746070911, 6.565013566027902, 6.317037175582074, 7.516373312216141, 7.107998701911306, 6.777928312769284, 6.538032408041049, 7.709739466715337, 7.312172072811599, 6.991747069872632, 6.759443959722434, 6.741249472052228, 7.904910075755772, 7.517671254022944, 7.206389369873763, 6.981232219729202, 8.101754732899911, 7.724390430955952, 7.4217837610988475, 7.2033623921100975, 8.300154334918783, 7.932234222540888, 7.6378666149596715, 7.425803793763411, 7.309866475789474, 8.5, 8.14111649454654, 7.8545811119654525, 7.648529270389178, 7.566372975210778, 9.693881223688354, 9.983541897845937, 12.74552566214431, 13.210559368493831], [1.5, 1.0, 0.5, 0.0, 2.704163456597992, 2.462214450449026, 2.3048861143232218, 2.25, 4.743416490252569, 4.6097722286464435, 4.527692569068709, 4.5, 6.726812023536855, 6.200358412579424, 5.74697988318889, 5.385164807134504, 5.220153254455275, 6.897418369599546, 6.385046954387548, 5.945768070070261, 5.596818754014575, 7.071213906798639, 6.572405234017978, 6.146531045515044, 5.80965283951653, 7.247969222564323, 6.7622113465703, 6.349081479160387, 6.023541968911619, 6.023103666530884, 7.427473013879002, 6.9542648652711865, 6.553253630806502, 6.238377623381004, 6.082762530298219, 7.609530779074749, 7.148384651243272, 6.758900535994278, 6.454065283035643, 7.7939635467838215, 7.344406865979001, 6.9658915830188475, 6.670522301034233, 7.980606658934401, 7.542183177904959, 7.174110427252001, 6.887676142548233, 6.833333333333334, 8.169308618590996, 7.7415791509374605, 7.3834531950546625, 7.105462919879685, 8.359930008801875, 7.942472801118714, 7.593826935731673, 7.323826168886459, 8.552342485159903, 8.144753306756167, 7.805148285666894, 7.542715822796923, 7.367769428665503, 8.74642784226795, 8.348319857578796, 8.017342313870461, 7.762087348130012, 7.648529270389178, 9.4485546523487, 9.908317985929225, 12.857186714829917, 13.347155583071967], [2.25, 2.3048861143232218, 2.462214450449026, 2.704163456597992, 0.0, 0.5, 1.0, 1.5, 2.25, 2.3048861143232218, 2.462214450449026, 2.704163456597992, 4.0697051490249265, 3.5009919229333337, 3.056186803482041, 2.7950849718747373, 2.75, 4.226600630833481, 3.6822000674877007, 3.2621972151204717, 3.018965533516735, 4.389659618950874, 3.8682755867042844, 3.4708629111541858, 3.2433179878402196, 4.558220709120813, 4.058549060625274, 3.6817324469379393, 3.468050754106383, 3.583333333333333, 4.731695920174048, 4.252457022173908, 3.894447850308117, 3.6930944045599126, 3.783186487605389, 4.909564371107643, 4.4495243294642215, 4.10872244034899, 3.9183953749015155, 5.091365645112459, 4.649349263786906, 4.3243244455069725, 4.14391169455038, 5.27669325766973, 4.851591097772115, 4.541064799506275, 4.36961002099011, 4.416666666666667, 5.46518848018684, 5.0559598068429485, 4.758787965621575, 4.595463537442871, 5.656534654496572, 5.262207592062964, 4.977364973085502, 4.821450435037226, 5.850452055713161, 5.470121909120746, 5.19668808319069, 5.047552798752911, 5.05108336887671, 6.046693311223912, 5.679519737129579, 5.416666666666667, 5.273755777432247, 5.25, 8.509362865506963, 8.061824492149658, 10.351460663933127, 10.786772089052432], [2.3048861143232218, 2.25, 2.3048861143232218, 2.462214450449026, 0.5, 0.0, 0.5, 1.0, 2.3048861143232218, 2.25, 2.3048861143232218, 2.462214450449026, 4.451123453691214, 3.830614978187068, 3.3050886691753236, 2.9261749776799064, 2.7950849718747373, 4.595013916470981, 3.9969068044768186, 3.4964645005595427, 3.1407248992170556, 4.7454305990339725, 4.168959424287918, 3.6919131465080595, 3.3569497419901793, 4.901772743922126, 4.346088717935814, 3.890820883074542, 3.574545570147043, 3.6180488910154014, 5.063491510903493, 4.527698906961774, 4.092683397491534, 3.793276457232156, 3.75, 5.230088174596064, 4.7132720508327015, 4.297084293466989, 4.012956804408638, 5.401111379358086, 4.902358130873602, 4.503677968432303, 4.233438806954862, 5.57615384790782, 5.094566011609654, 4.712176020337981, 4.454603431904706, 4.44487845103153, 5.754848835891951, 5.28955539105869, 4.922336460978471, 4.67635382792694, 5.936866538631356, 5.487029743734926, 5.133955142834009, 4.898610445577465, 6.121910588713163, 5.6867301999751545, 5.346858925323302, 5.1213073776330145, 5.036201113880387, 6.309714732061981, 5.888430275643171, 5.560900206900957, 5.344389581607987, 5.273755777432247, 8.167809266646197, 7.905483579545745, 10.440860294658416, 10.907893262742794], [2.462214450449026, 2.3048861143232218, 2.25, 2.3048861143232218, 1.0, 0.5, 0.0, 0.5, 2.462214450449026, 2.3048861143232218, 2.25, 2.3048861143232218, 4.8541219597369, 4.1940765107205396, 3.6065141680637334, 3.132491021535417, 2.9261749776799064, 4.9863967845090285, 4.346484863696152, 3.782670661980293, 3.333789569328272, 5.125340141907455, 4.505206915117851, 3.964032796873958, 3.5382356578170326, 5.270424653958905, 4.669598891857375, 4.14991812901198, 3.745313876440511, 3.720252380924952, 5.421157282443642, 4.839082977049423, 4.339745467816768, 3.9546107622611526, 3.783186487605389, 5.577080088545402, 5.013142736031697, 4.533019607115552, 4.165791919197307, 5.737769961599315, 5.191317935747066, 4.729317982191073, 4.378584717946132, 5.90283760030184, 5.37319918794334, 4.928279231129425, 4.5927651513589485, 4.528459389731175, 6.071925981430187, 5.558422699088719, 5.129593509081532, 4.808147785162904, 6.244708503807096, 5.746665300441504, 5.332994350453139, 5.0245780218363265, 6.420886952454337, 5.937639853845644, 5.53825186323652, 5.241926101749084, 5.070818486157557, 6.600189391222043, 6.131091075638803, 5.745167051047727, 5.460082416960389, 5.344389581607987, 7.84327482979872, 7.778195620496485, 10.553217021751918, 11.050331160721777], [2.704163456597992, 2.462214450449026, 2.3048861143232218, 2.25, 1.5, 1.0, 0.5, 0.0, 2.704163456597992, 2.462214450449026, 2.3048861143232218, 2.25, 5.273755777432247, 4.583333333333333, 3.948452580160711, 3.400367627183861, 3.132491021535417, 5.395753227544972, 4.723197787199518, 4.109979400233018, 3.586663197536393, 5.524410517896722, 4.869656662917045, 4.277486335223727, 3.7774477587715136, 5.659273454522042, 5.02213306051346, 4.450298171003335, 3.972074525113779, 3.884620673602221, 5.799909161443111, 5.180095628985645, 4.627820659745741, 4.170005549275892, 3.881043674065006, 5.945908031078987, 5.343057809765306, 4.809532211330678, 4.370791955017944, 6.096884789155148, 5.510576065773509, 4.9949756666083145, 4.574057731624231, 6.252478847268272, 5.682247458530966, 5.1837505257597964, 4.779486555639338, 4.664433989718844, 6.412354101573535, 5.857706852379298, 5.375505827524022, 4.986811117735155, 6.576198316468312, 6.036623952340008, 5.569933758609562, 5.195804489924602, 6.743722210782288, 6.218700322466327, 5.766764000197695, 5.406273139252062, 5.153938162188636, 6.914658342969665, 6.403666484479375, 5.965758776365147, 5.618051263561058, 5.460082416960389, 7.5379580719977985, 7.681405053436122, 10.687806852849382, 11.213273477974564], [4.5, 4.527692569068709, 4.6097722286464435, 4.743416490252569, 2.25, 2.3048861143232218, 2.462214450449026, 2.704163456597992, 0.0, 0.5, 1.0, 1.5, 3.0413812651491097, 2.223610677354389, 1.4240006242195882, 0.7071067811865476, 0.5, 3.08689579024539, 2.285469331292624, 1.5187835255929292, 0.8825676290430728, 3.1481990128950534, 2.3676151438183175, 1.6397971833648102, 1.0775699628299722, 3.224390518357854, 2.46802322908851, 1.781704799525951, 1.283235837590282, 1.333333333333333, 3.314443722569844, 2.584566043754171, 1.9399265367174143, 1.495171291218048, 1.5811388300841898, 3.4172629325840913, 2.715166734264706, 2.1107969414870302, 1.7110482022471558, 3.5317333557146933, 2.857898693150653, 2.291488222454033, 1.92954411607192, 3.6567609747488663, 3.0110372416977387, 2.479854553038153, 2.1498606527973574, 2.166666666666667, 3.7913014839430486, 3.1730760133651392, 2.6742746156531005, 2.371490447408288, 3.9343790924331636, 3.3427209407037926, 2.873519900879926, 2.594096922432777, 4.085096881216603, 3.5188721166547188, 3.076653101456743, 2.8174485849657698, 2.813804439727337, 4.242640687119285, 3.7006005518624194, 3.2829526005987013, 3.0413812651491097, 3.0, 7.076714156559198, 5.99560108970648, 8.136319990067387, 8.606415748398355], [4.527692569068709, 4.5, 4.527692569068709, 4.6097722286464435, 2.3048861143232218, 2.25, 2.3048861143232218, 2.462214450449026, 0.5, 0.0, 0.5, 1.0, 3.5355339059327378, 2.7131367660166177, 1.9002923751652296, 1.118033988749895, 0.7071067811865476, 3.574762316551229, 2.7640616366039708, 1.9723176039740205, 1.2364973189759496, 3.6278308980427116, 2.8323608767077153, 2.066946573064843, 1.3824460296132315, 3.6941432315052474, 2.9168142426262156, 2.1812394013466614, 1.5481260332660363, 1.4240006242195882, 3.773001085354024, 3.016065035968846, 2.312282054852685, 1.7278707098862012, 1.5, 3.8636363636363638, 3.128705333124923, 2.4573963989402143, 1.9177293736117262, 3.965241543193525, 3.253344680014535, 2.6142401586271444, 2.1149800225694255, 4.0769965448165735, 3.3886593127013214, 2.780829361459885, 2.317736142542175, 2.2236106773543893, 4.198090868734115, 3.5334229938205635, 2.9555165459289636, 2.524671650363421, 4.327740616415823, 3.6865227456352843, 3.1369491475136018, 2.7348379920893313, 4.46520061463375, 3.846963431076091, 3.324022809794892, 2.9475441521588137, 2.7870008764147234, 4.6097722286464435, 4.013864859597431, 3.515837184954831, 3.1622776601683795, 3.0413812651491097, 6.662111909378887, 5.783674343454413, 8.249759317482537, 8.757743737088239], [4.6097722286464435, 4.527692569068709, 4.5, 4.527692569068709, 2.462214450449026, 2.3048861143232218, 2.25, 2.3048861143232218, 1.0, 0.5, 0.0, 0.5, 4.031128874149275, 3.2058973436118907, 2.3863035105460586, 1.5811388300841898, 1.118033988749895, 4.065578140908709, 3.2491080926328824, 2.4440478850217224, 1.6670109837174774, 4.112317719339471, 3.307406053476223, 2.5210318263040294, 1.7779642923279948, 4.170934453437986, 3.3800106497840816, 2.615557045701828, 1.9096319579636367, 1.6666666666666663, 4.240935886108471, 3.4660229323910166, 2.7257992652664442, 2.058042076849413, 1.5811388300841898, 4.321768845092623, 3.564472433361072, 2.8499351562549045, 2.2198391721954147, 4.412838145215363, 3.6743595732651895, 2.9862325663471374, 2.3923086121710484, 4.513524213565967, 3.794690844353998, 3.1331047334697772, 2.5733054281305745, 2.386303510546059, 4.623198778134979, 3.9245056656764477, 3.289135355468547, 2.7611531906340803, 4.741238112874653, 4.062895103341087, 3.453083156748422, 2.954545454545454, 4.8670336478111205, 4.209013460028774, 3.623873752405023, 3.152461978981764, 2.8490792100683335, 5.0, 4.362084109434134, 3.8005847503304597, 3.3541019662496847, 3.1622776601683795, 6.259998956272328, 5.608435200247582, 8.391504907465034, 8.934526215459739], [4.743416490252569, 4.6097722286464435, 4.527692569068709, 4.5, 2.704163456597992, 2.462214450449026, 2.3048861143232218, 2.25, 1.5, 1.0, 0.5, 0.0, 4.527692569068709, 3.7006005518624194, 2.877112750272011, 2.0615528128088303, 1.5811388300841898, 4.558390683106782, 3.7380971180908547, 2.9251843356637353, 2.1281272564944773, 4.600125761845364, 3.7888786559136243, 2.989805144582363, 2.2161130442270736, 4.652600801151548, 3.8524198446327826, 3.0699302911717408, 2.3230786071237524, 2.0069324297987157, 4.715457262035427, 3.928101530577728, 3.164382241111276, 2.4465357528723435, 1.8027756377319946, 4.788286327112574, 4.015237277528897, 3.2719204953957854, 2.5841218915548905, 4.870640665853699, 4.11309918921392, 3.3913003809225666, 2.733704537046344, 4.962046032278044, 4.220941277830185, 3.5213177369024877, 2.8934237205162816, 2.63523138347365, 5.062012143619251, 4.338019293017633, 3.6608393463694275, 3.0616934761907113, 5.170042441119338, 4.4636065336697905, 3.808820896386831, 3.2371806935936096, 5.285642489700341, 4.597005652962596, 3.9643151119333835, 3.418774126631594, 2.994516789959736, 5.408326913195984, 4.737556801183965, 4.126472801046649, 3.605551275463989, 3.3541019662496847, 5.87294123689087, 5.473408616175065, 8.56015072458596, 9.135285546985733], [5.830951894845301, 6.103277807866851, 6.4031242374328485, 6.726812023536855, 4.0697051490249265, 4.451123453691214, 4.8541219597369, 5.273755777432247, 3.0413812651491097, 3.5355339059327378, 4.031128874149275, 4.527692569068709, 0.0, 0.8333333333333335, 1.666666666666667, 2.5, 3.0, 0.22727272727272751, 0.8637692614387411, 1.6820911599374637, 2.510309322088014, 0.45454545454545414, 0.9492397034955808, 1.7275385228774818, 2.5409863380679427, 0.6818181818181817, 1.0767174548145375, 1.800737018788593, 2.5913077843162227, 3.1135902820449006, 0.9090909090909092, 1.233243984553008, 1.898479406991162, 2.6601590706180964, 3.640054944640259, 1.1363636363636367, 1.4091723664953242, 2.0172010538930834, 2.7461468121805845, 1.3636363636363633, 1.5981078113431049, 2.153434909629075, 2.8477191104867425, 1.5909090909090908, 1.7959499380499544, 2.304076716022053, 2.9632738205466587, 3.4318767136623336, 1.8181818181818183, 2.000057391279407, 2.466487969106016, 3.0912432974398736, 2.045454545454545, 2.2086938995626135, 2.6384961768587876, 3.2301523644436125, 2.2727272727272725, 2.4206886831318872, 2.8183447329906475, 3.378651988026933, 4.096707708376588, 2.5, 2.6352313834736494, 3.0046260628866577, 3.5355339059327378, 3.905124837953327, 9.548282007812594, 7.506375647572303, 7.604016942753154, 7.796334668308212], [5.449260908090605, 5.666666666666667, 5.918426968188235, 6.200358412579424, 3.5009919229333337, 3.830614978187068, 4.1940765107205396, 4.583333333333333, 2.223610677354389, 2.7131367660166177, 3.2058973436118907, 3.7006005518624194, 0.8333333333333335, 0.0, 0.8333333333333335, 1.6666666666666665, 2.1666666666666665, 0.8637692614387411, 0.22727272727272751, 0.8637692614387411, 1.6820911599374633, 0.9492397034955808, 0.45454545454545414, 0.9492397034955808, 1.7275385228774816, 1.0767174548145375, 0.6818181818181817, 1.0767174548145375, 1.8007370187885927, 2.321398046197353, 1.233243984553008, 0.9090909090909092, 1.233243984553008, 1.8984794069911617, 2.848001248439177, 1.4091723664953242, 1.1363636363636367, 1.4091723664953242, 2.017201053893083, 1.5981078113431049, 1.3636363636363633, 1.5981078113431049, 2.1534349096290746, 1.7959499380499544, 1.5909090909090908, 1.7959499380499544, 2.304076716022053, 2.733536577809454, 2.000057391279407, 1.8181818181818183, 2.000057391279407, 2.466487969106016, 2.2086938995626135, 2.045454545454545, 2.2086938995626135, 2.638496176858787, 2.4206886831318872, 2.2727272727272725, 2.4206886831318872, 2.818344732990647, 3.4366537880854207, 2.6352313834736494, 2.5, 2.6352313834736494, 3.0046260628866577, 3.3082388735465345, 8.77233645107732, 6.889330926438584, 7.496458795290467, 7.77432210903888], [5.174724898753341, 5.325515102890153, 5.517648452415616, 5.74697988318889, 3.056186803482041, 3.3050886691753236, 3.6065141680637334, 3.948452580160711, 1.4240006242195882, 1.9002923751652296, 2.3863035105460586, 2.877112750272011, 1.666666666666667, 0.8333333333333335, 0.0, 0.833333333333333, 1.333333333333333, 1.6820911599374637, 0.8637692614387411, 0.22727272727272751, 0.8637692614387407, 1.7275385228774818, 0.9492397034955808, 0.45454545454545414, 0.9492397034955805, 1.800737018788593, 1.0767174548145375, 0.6818181818181817, 1.0767174548145373, 1.5723301886761003, 1.898479406991162, 1.233243984553008, 0.9090909090909092, 1.2332439845530079, 2.0883273476902775, 2.0172010538930834, 1.4091723664953242, 1.1363636363636367, 1.409172366495324, 2.153434909629075, 1.5981078113431049, 1.3636363636363633, 1.5981078113431046, 2.304076716022053, 1.7959499380499544, 1.5909090909090908, 1.7959499380499542, 2.1343747458109497, 2.466487969106016, 2.000057391279407, 1.8181818181818183, 2.000057391279407, 2.6384961768587876, 2.2086938995626135, 2.045454545454545, 2.2086938995626135, 2.8183447329906475, 2.4206886831318872, 2.2727272727272725, 2.4206886831318872, 2.8682840443966633, 3.0046260628866577, 2.6352313834736494, 2.5, 2.6352313834736494, 2.833333333333333, 8.007931893439835, 6.3221020835153094, 7.480748903832253, 7.841315140893513], [5.024937810560445, 5.0990195135927845, 5.220153254455275, 5.385164807134504, 2.7950849718747373, 2.9261749776799064, 3.132491021535417, 3.400367627183861, 0.7071067811865476, 1.118033988749895, 1.5811388300841898, 2.0615528128088303, 2.5, 1.6666666666666665, 0.833333333333333, 0.0, 0.5, 2.510309322088014, 1.6820911599374633, 0.8637692614387407, 0.22727272727272751, 2.5409863380679427, 1.7275385228774816, 0.9492397034955805, 0.45454545454545414, 2.5913077843162227, 1.8007370187885927, 1.0767174548145373, 0.6818181818181817, 0.9718253158075498, 2.6601590706180964, 1.8984794069911617, 1.2332439845530079, 0.9090909090909092, 1.4142135623730951, 2.7461468121805845, 2.017201053893083, 1.409172366495324, 1.1363636363636367, 2.8477191104867425, 2.1534349096290746, 1.5981078113431046, 1.3636363636363633, 2.9632738205466587, 2.304076716022053, 1.7959499380499542, 1.5909090909090908, 1.7400510848184252, 3.0912432974398736, 2.466487969106016, 2.000057391279407, 1.8181818181818183, 3.2301523644436125, 2.638496176858787, 2.2086938995626135, 2.045454545454545, 3.378651988026933, 2.818344732990647, 2.4206886831318872, 2.2727272727272725, 2.456095753102467, 3.5355339059327378, 3.0046260628866577, 2.6352313834736494, 2.5, 2.5495097567963922, 7.258715347630795, 5.81927467848726, 7.557460072258139, 7.995076667012634], [5.0, 5.024937810560445, 5.0990195135927845, 5.220153254455275, 2.75, 2.7950849718747373, 2.9261749776799064, 3.132491021535417, 0.5, 0.7071067811865476, 1.118033988749895, 1.5811388300841898, 3.0, 2.1666666666666665, 1.333333333333333, 0.5, 0.0, 3.008596498795075, 2.178553955495807, 1.3525644791801095, 0.549229362436117, 3.034239866959752, 2.213832878672728, 1.4086835514144795, 0.6757303976053863, 3.0765038652759484, 2.2714137618457575, 1.497549268249839, 0.8455034198971941, 0.833333333333333, 3.1347162999212124, 2.349657576208963, 1.613760843114466, 1.037519291864848, 1.118033988749895, 3.2080090888352526, 2.446582669458367, 1.7518847256104966, 1.2415000257952424, 3.295376174616701, 2.5600680804767375, 1.907165936673886, 1.452413209879132, 3.395731399203593, 2.6880171465192766, 2.0757575757575757, 1.6676305752585583, 1.666666666666667, 3.507960251195407, 2.8284677068001653, 2.254675786392518, 1.885678955699231, 3.6309618970075492, 2.979652453217506, 2.441651505702326, 2.105679058527358, 3.7636802808153544, 3.140021289839097, 2.6349700252519237, 2.3270774065764006, 2.319975174116123, 3.905124837953327, 3.3082388735465345, 2.833333333333333, 2.5495097567963922, 2.5, 6.818562923180623, 5.555863053381203, 7.646831275724329, 8.127049540985887], [6.026971060598289, 6.29081713017389, 6.582125808983695, 6.897418369599546, 4.226600630833481, 4.595013916470981, 4.9863967845090285, 5.395753227544972, 3.08689579024539, 3.574762316551229, 4.065578140908709, 4.558390683106782, 0.22727272727272751, 0.8637692614387411, 1.6820911599374637, 2.510309322088014, 3.008596498795075, 0.0, 0.8333333333333335, 1.666666666666667, 2.5, 0.22727272727272663, 0.8637692614387408, 1.6820911599374637, 2.510309322088014, 0.45454545454545414, 0.9492397034955808, 1.7275385228774818, 2.5409863380679427, 3.0606060606060606, 0.6818181818181817, 1.0767174548145375, 1.800737018788593, 2.5913077843162227, 3.584286182493877, 0.9090909090909092, 1.233243984553008, 1.898479406991162, 2.6601590706180964, 1.1363636363636358, 1.4091723664953235, 2.017201053893083, 2.7461468121805845, 1.3636363636363633, 1.5981078113431049, 2.153434909629075, 2.8477191104867425, 3.327439693332398, 1.5909090909090908, 1.7959499380499544, 2.304076716022053, 2.9632738205466587, 1.8181818181818175, 2.0000573912794066, 2.4664879691060158, 3.091243297439873, 2.045454545454545, 2.2086938995626135, 2.6384961768587876, 3.2301523644436125, 3.9744099992349335, 2.2727272727272725, 2.4206886831318872, 2.8183447329906475, 3.378651988026933, 3.7636802808153544, 9.471245236094724, 7.36220396849215, 7.380697306511193, 7.569808870638015], [5.658517881012103, 5.868176145652103, 6.111641182453943, 6.385046954387548, 3.6822000674877007, 3.9969068044768186, 4.346484863696152, 4.723197787199518, 2.285469331292624, 2.7640616366039708, 3.2491080926328824, 3.7380971180908547, 0.8637692614387411, 0.22727272727272751, 0.8637692614387411, 1.6820911599374633, 2.178553955495807, 0.8333333333333335, 0.0, 0.8333333333333335, 1.6666666666666665, 0.8637692614387408, 0.22727272727272663, 0.8637692614387408, 1.6820911599374633, 0.9492397034955808, 0.45454545454545414, 0.9492397034955808, 1.7275385228774816, 2.2498341944825606, 1.0767174548145375, 0.6818181818181817, 1.0767174548145375, 1.8007370187885927, 2.7763678699206342, 1.233243984553008, 0.9090909090909092, 1.233243984553008, 1.8984794069911617, 1.4091723664953235, 1.1363636363636358, 1.4091723664953235, 2.0172010538930825, 1.5981078113431049, 1.3636363636363633, 1.5981078113431049, 2.1534349096290746, 2.601211132762669, 1.7959499380499544, 1.5909090909090908, 1.7959499380499544, 2.304076716022053, 2.0000573912794066, 1.8181818181818175, 2.0000573912794066, 2.4664879691060153, 2.2086938995626135, 2.045454545454545, 2.2086938995626135, 2.638496176858787, 3.2899103412263897, 2.4206886831318872, 2.2727272727272725, 2.4206886831318872, 2.818344732990647, 3.140021289839097, 8.688422401818938, 6.731957555213652, 7.269835867071026, 7.547135637632082], [5.39464159542291, 5.539448643719009, 5.7244060486424, 5.945768070070261, 3.2621972151204717, 3.4964645005595427, 3.782670661980293, 4.109979400233018, 1.5187835255929292, 1.9723176039740205, 2.4440478850217224, 2.9251843356637353, 1.6820911599374637, 0.8637692614387411, 0.22727272727272751, 0.8637692614387407, 1.3525644791801095, 1.666666666666667, 0.8333333333333335, 0.0, 0.833333333333333, 1.6820911599374637, 0.8637692614387408, 0.22727272727272663, 0.8637692614387404, 1.7275385228774818, 0.9492397034955808, 0.45454545454545414, 0.9492397034955805, 1.464611633162978, 1.800737018788593, 1.0767174548145375, 0.6818181818181817, 1.0767174548145373, 1.9895272174885266, 1.898479406991162, 1.233243984553008, 0.9090909090909092, 1.2332439845530079, 2.017201053893083, 1.4091723664953235, 1.1363636363636358, 1.4091723664953233, 2.153434909629075, 1.5981078113431049, 1.3636363636363633, 1.5981078113431046, 1.9620480856854097, 2.304076716022053, 1.7959499380499544, 1.5909090909090908, 1.7959499380499542, 2.4664879691060158, 2.0000573912794066, 1.8181818181818175, 2.000057391279406, 2.6384961768587876, 2.2086938995626135, 2.045454545454545, 2.2086938995626135, 2.690720006519992, 2.8183447329906475, 2.4206886831318872, 2.2727272727272725, 2.4206886831318872, 2.6349700252519237, 7.915918786312819, 6.1502314318734115, 7.253635173266711, 7.616127310945591], [5.251131322418938, 5.322065404078501, 5.438233184159103, 5.596818754014575, 3.018965533516735, 3.1407248992170556, 3.333789569328272, 3.586663197536393, 0.8825676290430728, 1.2364973189759496, 1.6670109837174774, 2.1281272564944773, 2.510309322088014, 1.6820911599374633, 0.8637692614387407, 0.22727272727272751, 0.549229362436117, 2.5, 1.6666666666666665, 0.833333333333333, 0.0, 2.510309322088014, 1.6820911599374633, 0.8637692614387404, 0.22727272727272663, 2.5409863380679427, 1.7275385228774816, 0.9492397034955805, 0.45454545454545414, 0.7856904340887374, 2.5913077843162227, 1.8007370187885927, 1.0767174548145373, 0.6818181818181817, 1.2637671613143493, 2.6601590706180964, 1.8984794069911617, 1.2332439845530079, 0.9090909090909092, 2.7461468121805845, 2.0172010538930825, 1.4091723664953233, 1.1363636363636358, 2.8477191104867425, 2.1534349096290746, 1.5981078113431046, 1.3636363636363633, 1.5237634044575306, 2.9632738205466587, 2.304076716022053, 1.7959499380499542, 1.5909090909090908, 3.091243297439873, 2.4664879691060153, 2.000057391279406, 1.8181818181818175, 3.2301523644436125, 2.638496176858787, 2.2086938995626135, 2.045454545454545, 2.2461805676646835, 3.378651988026933, 2.818344732990647, 2.4206886831318872, 2.2727272727272725, 2.3270774065764006, 7.157076604274971, 5.632080405578214, 7.33272267363498, 7.774343894447641], [6.2251157511890876, 6.480900100734656, 6.764027359177554, 7.071213906798639, 4.389659618950874, 4.7454305990339725, 5.125340141907455, 5.524410517896722, 3.1481990128950534, 3.6278308980427116, 4.112317719339471, 4.600125761845364, 0.45454545454545414, 0.9492397034955808, 1.7275385228774818, 2.5409863380679427, 3.034239866959752, 0.22727272727272663, 0.8637692614387408, 1.6820911599374637, 2.510309322088014, 0.0, 0.8333333333333335, 1.666666666666667, 2.5, 0.22727272727272751, 0.8637692614387411, 1.6820911599374637, 2.510309322088014, 3.02381882015385, 0.45454545454545503, 0.9492397034955812, 1.7275385228774822, 2.540986338067943, 3.542247967203457, 0.6818181818181825, 1.0767174548145382, 1.8007370187885934, 2.5913077843162227, 0.9090909090909092, 1.233243984553008, 1.898479406991162, 2.6601590706180964, 1.1363636363636367, 1.4091723664953242, 2.0172010538930834, 2.7461468121805845, 3.2356201620205973, 1.3636363636363642, 1.5981078113431055, 2.1534349096290755, 2.847719110486743, 1.5909090909090908, 1.7959499380499544, 2.304076716022053, 2.9632738205466587, 1.8181818181818183, 2.000057391279407, 2.466487969106016, 3.0912432974398736, 3.861626784308533, 2.045454545454546, 2.2086938995626144, 2.638496176858788, 3.230152364443613, 3.6309618970075497, 9.399073844209347, 7.222307454686528, 7.157626532596549, 7.343329231407199], [5.869114972476423, 6.0715053509663965, 6.307126437093223, 6.572405234017978, 3.8682755867042844, 4.168959424287918, 4.505206915117851, 4.869656662917045, 2.3676151438183175, 2.8323608767077153, 3.307406053476223, 3.7888786559136243, 0.9492397034955808, 0.45454545454545414, 0.9492397034955808, 1.7275385228774816, 2.213832878672728, 0.8637692614387408, 0.22727272727272663, 0.8637692614387408, 1.6820911599374633, 0.8333333333333335, 0.0, 0.8333333333333335, 1.6666666666666665, 0.8637692614387411, 0.22727272727272751, 0.8637692614387411, 1.6820911599374633, 2.199528290693499, 0.9492397034955812, 0.45454545454545503, 0.9492397034955812, 1.7275385228774818, 2.7218801906528025, 1.0767174548145382, 0.6818181818181825, 1.0767174548145382, 1.800737018788593, 1.233243984553008, 0.9090909090909092, 1.233243984553008, 1.8984794069911617, 1.4091723664953242, 1.1363636363636367, 1.4091723664953242, 2.017201053893083, 2.4826764342778627, 1.5981078113431055, 1.3636363636363642, 1.5981078113431055, 2.1534349096290755, 1.7959499380499544, 1.5909090909090908, 1.7959499380499544, 2.304076716022053, 2.000057391279407, 1.8181818181818183, 2.000057391279407, 2.466487969106016, 3.1527347862734625, 2.2086938995626144, 2.045454545454546, 2.2086938995626144, 2.638496176858788, 2.979652453217507, 8.60969143692632, 6.578672375300142, 7.043254814639384, 7.319954521420585], [5.6151441560729545, 5.754405028047086, 5.932664709904556, 6.146531045515044, 3.4708629111541858, 3.6919131465080595, 3.964032796873958, 4.277486335223727, 1.6397971833648102, 2.066946573064843, 2.5210318263040294, 2.989805144582363, 1.7275385228774818, 0.9492397034955808, 0.45454545454545414, 0.9492397034955805, 1.4086835514144795, 1.6820911599374637, 0.8637692614387408, 0.22727272727272663, 0.8637692614387404, 1.666666666666667, 0.8333333333333335, 0.0, 0.833333333333333, 1.6820911599374637, 0.8637692614387411, 0.22727272727272751, 0.8637692614387407, 1.386094525959322, 1.7275385228774822, 0.9492397034955812, 0.45454545454545503, 0.9492397034955808, 1.9127550214986067, 1.8007370187885934, 1.0767174548145382, 0.6818181818181825, 1.0767174548145377, 1.898479406991162, 1.233243984553008, 0.9090909090909092, 1.2332439845530079, 2.0172010538930834, 1.4091723664953242, 1.1363636363636367, 1.409172366495324, 1.801947726947698, 2.1534349096290755, 1.5981078113431055, 1.3636363636363642, 1.5981078113431053, 2.304076716022053, 1.7959499380499544, 1.5909090909090908, 1.7959499380499542, 2.466487969106016, 2.000057391279407, 1.8181818181818183, 2.000057391279407, 2.521150676329636, 2.638496176858788, 2.2086938995626144, 2.045454545454546, 2.208693899562614, 2.441651505702327, 7.8294235444350235, 5.982058538826138, 7.0265317245879215, 7.391067113711036], [5.477414181500471, 5.545454545454545, 5.657036867097693, 5.80965283951653, 3.2433179878402196, 3.3569497419901793, 3.5382356578170326, 3.7774477587715136, 1.0775699628299722, 1.3824460296132315, 1.7779642923279948, 2.2161130442270736, 2.5409863380679427, 1.7275385228774816, 0.9492397034955805, 0.45454545454545414, 0.6757303976053863, 2.510309322088014, 1.6820911599374633, 0.8637692614387404, 0.22727272727272663, 2.5, 1.6666666666666665, 0.833333333333333, 0.0, 2.510309322088014, 1.6820911599374633, 0.8637692614387407, 0.22727272727272751, 0.6272800468025592, 2.540986338067943, 1.7275385228774818, 0.9492397034955808, 0.45454545454545503, 1.1390876441946973, 2.5913077843162227, 1.800737018788593, 1.0767174548145377, 0.6818181818181825, 2.6601590706180964, 1.8984794069911617, 1.2332439845530079, 0.9090909090909092, 2.7461468121805845, 2.017201053893083, 1.409172366495324, 1.1363636363636367, 1.3111970991709059, 2.847719110486743, 2.1534349096290755, 1.5981078113431053, 1.3636363636363642, 2.9632738205466587, 2.304076716022053, 1.7959499380499542, 1.5909090909090908, 3.0912432974398736, 2.466487969106016, 2.000057391279407, 1.8181818181818183, 2.0399886572784847, 3.230152364443613, 2.638496176858788, 2.208693899562614, 2.045454545454546, 2.1056790585273584, 7.061292256103938, 5.447936067102576, 7.108146499491204, 7.5539989973513215], [6.425189324155333, 6.673309362770444, 6.9486011434849, 7.247969222564323, 4.558220709120813, 4.901772743922126, 5.270424653958905, 5.659273454522042, 3.224390518357854, 3.6941432315052474, 4.170934453437986, 4.652600801151548, 0.6818181818181817, 1.0767174548145375, 1.800737018788593, 2.5913077843162227, 3.0765038652759484, 0.45454545454545414, 0.9492397034955808, 1.7275385228774818, 2.5409863380679427, 0.22727272727272751, 0.8637692614387411, 1.6820911599374637, 2.510309322088014, 0.0, 0.8333333333333335, 1.666666666666667, 2.5, 3.0038237034051547, 0.22727272727272751, 0.8637692614387411, 1.6820911599374637, 2.510309322088014, 3.5144330509232193, 0.45454545454545503, 0.9492397034955812, 1.7275385228774822, 2.540986338067943, 0.6818181818181817, 1.0767174548145375, 1.800737018788593, 2.5913077843162227, 0.9090909090909092, 1.233243984553008, 1.898479406991162, 2.6601590706180964, 3.157519047940702, 1.1363636363636367, 1.4091723664953242, 2.0172010538930834, 2.7461468121805845, 1.3636363636363633, 1.5981078113431049, 2.153434909629075, 2.8477191104867425, 1.5909090909090908, 1.7959499380499544, 2.304076716022053, 2.9632738205466587, 3.7592145171143745, 1.8181818181818183, 2.000057391279407, 2.466487969106016, 3.0912432974398736, 3.507960251195407, 9.331880717233666, 7.086939286566774, 6.934828636314134, 7.116900157288485], [6.080912949194727, 6.276477432632955, 6.504677980424353, 6.7622113465703, 4.058549060625274, 4.346088717935814, 4.669598891857375, 5.02213306051346, 2.46802322908851, 2.9168142426262156, 3.3800106497840816, 3.8524198446327826, 1.0767174548145375, 0.6818181818181817, 1.0767174548145375, 1.8007370187885927, 2.2714137618457575, 0.9492397034955808, 0.45454545454545414, 0.9492397034955808, 1.7275385228774816, 0.8637692614387411, 0.22727272727272751, 0.8637692614387411, 1.6820911599374633, 0.8333333333333335, 0.0, 0.8333333333333335, 1.6666666666666665, 2.1719579382628713, 0.8637692614387411, 0.22727272727272751, 0.8637692614387411, 1.6820911599374633, 2.685582018954662, 0.9492397034955812, 0.45454545454545503, 0.9492397034955812, 1.7275385228774818, 1.0767174548145375, 0.6818181818181817, 1.0767174548145375, 1.8007370187885927, 1.233243984553008, 0.9090909090909092, 1.233243984553008, 1.8984794069911617, 2.37999390388984, 1.4091723664953242, 1.1363636363636367, 1.4091723664953242, 2.017201053893083, 1.5981078113431049, 1.3636363636363633, 1.5981078113431049, 2.1534349096290746, 1.7959499380499544, 1.5909090909090908, 1.7959499380499544, 2.304076716022053, 3.0264284225755573, 2.000057391279407, 1.8181818181818183, 2.000057391279407, 2.466487969106016, 2.8284677068001653, 8.536286969804827, 6.429767779865785, 6.816719813726637, 7.092779274983755], [5.836166175582858, 5.9702737761639355, 6.142271753649793, 6.349081479160387, 3.6817324469379393, 3.890820883074542, 4.14991812901198, 4.450298171003335, 1.781704799525951, 2.1812394013466614, 2.615557045701828, 3.0699302911717408, 1.800737018788593, 1.0767174548145375, 0.6818181818181817, 1.0767174548145373, 1.497549268249839, 1.7275385228774818, 0.9492397034955808, 0.45454545454545414, 0.9492397034955805, 1.6820911599374637, 0.8637692614387411, 0.22727272727272751, 0.8637692614387407, 1.666666666666667, 0.8333333333333335, 0.0, 0.833333333333333, 1.34191453487785, 1.6820911599374637, 0.8637692614387411, 0.22727272727272751, 0.8637692614387407, 1.8607393102024252, 1.7275385228774822, 0.9492397034955812, 0.45454545454545503, 0.9492397034955808, 1.800737018788593, 1.0767174548145375, 0.6818181818181817, 1.0767174548145373, 1.898479406991162, 1.233243984553008, 0.9090909090909092, 1.2332439845530079, 1.6576200758575936, 2.0172010538930834, 1.4091723664953242, 1.1363636363636367, 1.409172366495324, 2.153434909629075, 1.5981078113431049, 1.3636363636363633, 1.5981078113431046, 2.304076716022053, 1.7959499380499544, 1.5909090909090908, 1.7959499380499542, 2.361299027474449, 2.466487969106016, 2.000057391279407, 1.8181818181818183, 2.000057391279407, 2.254675786392518, 7.7486309519766605, 5.817904076504329, 6.79943958805084, 7.166146574509496], [5.703775753940513, 5.769147064448926, 5.876483459624444, 6.023541968911619, 3.468050754106383, 3.574545570147043, 3.745313876440511, 3.972074525113779, 1.283235837590282, 1.5481260332660363, 1.9096319579636367, 2.3230786071237524, 2.5913077843162227, 1.8007370187885927, 1.0767174548145373, 0.6818181818181817, 0.8455034198971941, 2.5409863380679427, 1.7275385228774816, 0.9492397034955805, 0.45454545454545414, 2.510309322088014, 1.6820911599374633, 0.8637692614387407, 0.22727272727272751, 2.5, 1.6666666666666665, 0.833333333333333, 0.0, 0.5224527166535353, 2.510309322088014, 1.6820911599374633, 0.8637692614387407, 0.22727272727272751, 1.0493996709650177, 2.540986338067943, 1.7275385228774818, 0.9492397034955808, 0.45454545454545503, 2.5913077843162227, 1.8007370187885927, 1.0767174548145373, 0.6818181818181817, 2.6601590706180964, 1.8984794069911617, 1.2332439845530079, 0.9090909090909092, 1.1045028465822788, 2.7461468121805845, 2.017201053893083, 1.409172366495324, 1.1363636363636367, 2.8477191104867425, 2.1534349096290746, 1.5981078113431046, 1.3636363636363633, 2.9632738205466587, 2.304076716022053, 1.7959499380499542, 1.5909090909090908, 1.8387729838724722, 3.0912432974398736, 2.466487969106016, 2.000057391279407, 1.8181818181818183, 1.885678955699231, 6.971603611644216, 5.2671615574899615, 6.883747329263438, 7.334076935781229], [5.833333333333333, 5.854722690083431, 5.918426968188234, 6.023103666530884, 3.583333333333333, 3.6180488910154014, 3.720252380924952, 3.884620673602221, 1.333333333333333, 1.4240006242195882, 1.6666666666666663, 2.0069324297987157, 3.1135902820449006, 2.321398046197353, 1.5723301886761003, 0.9718253158075498, 0.833333333333333, 3.0606060606060606, 2.2498341944825606, 1.464611633162978, 0.7856904340887374, 3.02381882015385, 2.199528290693499, 1.386094525959322, 0.6272800468025592, 3.0038237034051547, 2.1719579382628713, 1.34191453487785, 0.5224527166535353, 0.0, 3.0009563826028303, 2.167990695258886, 1.3354838029951699, 0.5057066444932921, 0.52704627669473, 3.0152657203892725, 2.187754970054709, 1.3673350512337548, 0.5846600418659015, 3.0465096920818384, 2.230620036759515, 1.434921280672342, 0.7288493012609512, 3.0941753389985003, 2.295292023449506, 1.533524961076363, 0.9077009576212219, 0.8333333333333339, 3.157519047940702, 2.37999390388984, 1.6576200758575936, 1.1045028465822788, 3.2356201620205973, 2.482676434277862, 1.8019477269476971, 1.311197099170905, 3.327439693332398, 2.601211132762669, 1.9620480856854097, 1.5237634044575306, 1.5060029522224343, 3.4318767136623336, 2.733536577809454, 2.1343747458109497, 1.7400510848184252, 1.666666666666667, 6.45177804340515, 4.848989081664207, 6.8343994348357295, 7.334231318392054], [6.627017079493671, 6.8678493993317025, 7.135639801160147, 7.427473013879002, 4.731695920174048, 5.063491510903493, 5.421157282443642, 5.799909161443111, 3.314443722569844, 3.773001085354024, 4.240935886108471, 4.715457262035427, 0.9090909090909092, 1.233243984553008, 1.898479406991162, 2.6601590706180964, 3.1347162999212124, 0.6818181818181817, 1.0767174548145375, 1.800737018788593, 2.5913077843162227, 0.45454545454545503, 0.9492397034955812, 1.7275385228774822, 2.540986338067943, 0.22727272727272751, 0.8637692614387411, 1.6820911599374637, 2.510309322088014, 3.0009563826028303, 0.0, 0.8333333333333335, 1.666666666666667, 2.5, 3.5011804384821295, 0.22727272727272751, 0.8637692614387411, 1.68209115993