totalHoles = 70;
zeroHoleID = 40;
C = [[0.0, 0.5, 2.1666666666666665, 2.666666666666667, 4.333333333333333, 4.833333333333334, 6.5, 7.0, 2.5, 3.655285366576885, 5.002777006601211, 7.433034373659253, 4.3560657297583685, 7.801550969574204, 4.1163630117428225, 5.9675045966560525, 7.3824115301167, 5.1355093992829435, 8.262102981627157, 6.566140230825428, 5.662681023463286, 5.25, 5.273755777432247, 5.679519737129579, 5.888430275643171, 6.807369372803107, 7.136078132357515, 8.355387483534201, 8.75, 5.96284793999944, 8.80025252162939, 7.238869702370754, 6.820674815461562, 9.402685458269913, 7.966945601811415, 7.698805422808892, 10.057857317896318, 8.736541678137131, 11.663386590303254, 8.591015979239916, 10.756135200175036, 9.537612352298453, 9.376857487498254, 11.126820548150958, 9.493337494797256, 11.489662557229972, 10.362861037806544, 10.403139364729057, 12.252109921595716, 10.123466199935404, 11.20694780091108, 10.5, 10.51189802081432, 10.721214690716927, 10.833333333333334, 11.359039474259157, 11.559027256266468, 12.349089035228468, 12.619429464123963, 11.554147254897023, 11.0, 11.31861789756643, 11.8227652339788, 13.038404810405298, 11.066856312520521, 12.065919764074616, 12.010412149464313, 12.194033149226899, 12.936812246883353, 13.647344063956181], [0.5, 0.0, 1.6666666666666665, 2.166666666666667, 3.833333333333333, 4.333333333333334, 6.0, 6.5, 2.5495097567963922, 3.308238873546535, 4.576510072581994, 6.96419413859206, 4.069231128273331, 7.356235282456931, 3.8765677832043357, 5.570258322356135, 6.946221994724902, 4.894567409225947, 7.842980662924801, 6.20732343265041, 5.429491180407324, 5.273755777432247, 5.25, 5.508200956553581, 5.679519737129579, 6.5005341660854645, 6.807369372803109, 7.9726093595509875, 8.355387483534201, 5.7566386797235145, 8.407998837086293, 6.915048896035943, 6.641154889897158, 9.03661960177369, 7.673909622147559, 7.540221367546509, 9.716506256219901, 8.470172794016296, 11.284595375739755, 8.449194570424385, 10.437645541234117, 9.294230255883631, 9.196604858958002, 10.844230435343052, 9.365190341015861, 11.192066193469923, 10.139307449503422, 10.286332775839435, 11.973478923473504, 10.11111111111111, 11.000561152914534, 10.51189802081432, 10.5, 10.631452289211374, 10.721214690716927, 11.17785509140481, 11.359039474259157, 12.093386622447824, 12.349089035228468, 11.40343434673997, 11.01135777277262, 11.211353372561426, 11.648795836671036, 12.776932339180638, 11.055555555555555, 11.87447204804294, 12.0, 12.115187896924166, 12.758439472669759, 13.416407864998739], [2.1666666666666665, 1.6666666666666665, 0.0, 0.5000000000000004, 2.1666666666666665, 2.6666666666666674, 4.333333333333334, 4.833333333333334, 3.3082388735465345, 2.5495097567963922, 3.3082388735465345, 5.441609239104837, 3.4805455794837967, 5.935091291797904, 3.5, 4.400126260814695, 5.570258322356135, 4.4172780848631605, 6.5286642424100405, 5.183068350973601, 4.9465691077753835, 5.679519737129579, 5.508200956553581, 5.25, 5.273755777432247, 5.679519737129579, 5.888430275643171, 6.807369372803109, 7.136078132357515, 5.356719559996066, 7.197607627229729, 6.012589672337639, 6.297657804863685, 7.922853333128893, 6.8718427093627685, 7.23950922557327, 8.69031673405933, 7.7509457806016915, 10.098426809968098, 8.181958472422385, 9.48976056365784, 8.643844595011878, 8.776612900930553, 10.025589205934594, 9.124820309409515, 10.31375085941693, 9.546668994413125, 10.067978820541102, 11.156850301136755, 10.247553155705626, 10.456848426382859, 10.721214690716927, 10.631452289211374, 10.5, 10.51189802081432, 10.721214690716927, 10.833333333333334, 11.359039474259157, 11.559027256266468, 11.05061444988776, 11.211353372561426, 11.01135777277262, 11.211353372561426, 12.015036875145707, 11.180477915534428, 11.372617102192724, 12.115187896924166, 12.0, 12.292725943057183, 12.758439472669759], [2.666666666666667, 2.166666666666667, 0.5000000000000004, 0.0, 1.666666666666666, 2.166666666666667, 3.833333333333333, 4.333333333333333, 3.655285366576885, 2.5, 3.0046260628866572, 5.002777006601211, 3.4444444444444446, 5.5355194253694, 3.5355339059327378, 4.116363011742823, 5.1908038341324785, 4.388888888888889, 6.167667586437366, 4.944444444444445, 4.903940324809645, 5.888430275643171, 5.679519737129579, 5.273755777432247, 5.25, 5.50820095655358, 5.679519737129579, 6.5005341660854645, 6.807369372803107, 5.333333333333334, 6.871842709362768, 5.808146683860056, 6.277777777777778, 7.628123727689416, 6.693695209341068, 7.222222222222222, 8.4224860703321, 7.593450719347594, 9.769974244707628, 8.166666666666668, 9.24511883223911, 8.502904369452203, 8.70905765685388, 9.821929739968876, 9.11111111111111, 10.089109150801676, 9.419247433963195, 10.055555555555555, 10.949519409939505, 10.340648545699588, 10.340648545699588, 10.833333333333334, 10.721214690716927, 10.51189802081432, 10.5, 10.631452289211374, 10.721214690716927, 11.17785509140481, 11.359039474259157, 10.991939887904195, 11.31861789756643, 11.0, 11.125546178852424, 11.8227652339788, 11.265866725930133, 11.265866725930133, 12.194033149226899, 12.010412149464313, 12.194033149226899, 12.597398320464606], [4.333333333333333, 3.833333333333333, 2.1666666666666665, 1.666666666666666, 0.0, 0.5000000000000009, 2.166666666666667, 2.666666666666667, 5.002777006601211, 3.0046260628866572, 2.5, 3.655285366576885, 3.8264834128272365, 4.3560657297583685, 4.1163630117428225, 3.5355339059327378, 4.116363011742823, 4.694690986293999, 5.1355093992829435, 4.4724810139063855, 5.124453570029997, 6.807369372803107, 6.5005341660854645, 5.679519737129579, 5.50820095655358, 5.25, 5.273755777432247, 5.679519737129579, 5.888430275643171, 5.587684871413404, 5.96284793999944, 5.412035056870025, 6.4952499262875385, 6.820674815461562, 6.353039517515307, 7.412035591181296, 7.698805422808892, 7.294933130791265, 8.792653194945652, 8.334999833366659, 8.591015979239916, 8.237410896125366, 8.690299222328198, 9.306322110825466, 9.262295798385523, 9.493337494797256, 9.180292902613608, 10.192741304901345, 10.403139364729057, 10.81337192302563, 10.123466199935404, 11.359039474259157, 11.17785509140481, 10.721214690716927, 10.631452289211374, 10.5, 10.51189802081432, 10.721214690716927, 10.833333333333334, 10.96005153004222, 11.8227652339788, 11.125546178852424, 11.0, 11.31861789756643, 11.70127143033695, 11.066856312520521, 12.597398320464606, 12.194033149226899, 12.010412149464313, 12.194033149226899], [4.833333333333334, 4.333333333333334, 2.6666666666666674, 2.166666666666667, 0.5000000000000009, 0.0, 1.666666666666666, 2.166666666666666, 5.441609239104837, 3.308238873546535, 2.5495097567963927, 3.3082388735465345, 4.069231128273331, 4.069231128273331, 4.400126260814695, 3.5, 3.8765677832043353, 4.894567409225947, 4.894567409225946, 4.444444444444445, 5.292142839092331, 7.136078132357515, 6.807369372803109, 5.888430275643171, 5.679519737129579, 5.273755777432247, 5.25, 5.50820095655358, 5.679519737129579, 5.7566386797235145, 5.7566386797235145, 5.388888888888889, 6.641154889897158, 6.641154889897158, 6.333333333333334, 7.540221367546509, 7.540221367546509, 7.277777777777778, 8.54117026988823, 8.449194570424385, 8.449194570424385, 8.222222222222221, 8.746811904796473, 9.205007484398829, 9.365190341015861, 9.365190341015861, 9.166666666666668, 10.286332775839435, 10.286332775839435, 11.000561152914534, 10.11111111111111, 11.559027256266468, 11.359039474259157, 10.833333333333334, 10.721214690716927, 10.51189802081432, 10.5, 10.631452289211374, 10.721214690716927, 10.999820861590365, 12.015036875145707, 11.211353372561426, 11.01135777277262, 11.211353372561426, 11.87447204804294, 11.055555555555555, 12.758439472669759, 12.292725943057183, 12.0, 12.115187896924166], [6.5, 6.0, 4.333333333333334, 3.833333333333333, 2.166666666666667, 1.666666666666666, 0.0, 0.5, 6.96419413859206, 4.576510072581994, 3.308238873546535, 2.5495097567963922, 5.153507735058582, 3.4805455794837967, 5.570258322356135, 3.8765677832043353, 3.5, 5.827245500530829, 4.4172780848631605, 4.746668747398628, 6.1188554267671265, 8.355387483534201, 7.9726093595509875, 6.807369372803109, 6.5005341660854645, 5.679519737129579, 5.50820095655358, 5.25, 5.273755777432247, 6.568020165079344, 5.356719559996066, 5.640735877043695, 7.355605907850483, 6.297657804863685, 6.548960901462834, 8.176486915026828, 7.23950922557327, 7.466178886183603, 7.876050105591152, 9.021579068482906, 8.181958472422385, 8.38944074711674, 9.132499987588528, 9.060447694436219, 9.884674507714292, 9.124820309409515, 9.316949906249125, 10.761442374296701, 10.067978820541102, 11.757319758398788, 10.247553155705626, 12.349089035228468, 12.093386622447824, 11.359039474259157, 11.17785509140481, 10.721214690716927, 10.631452289211374, 10.5, 10.51189802081432, 11.292398693421267, 12.776932339180638, 11.648795836671036, 11.211353372561426, 11.01135777277262, 12.578764193750326, 11.180477915534428, 13.416407864998739, 12.758439472669759, 12.115187896924166, 12.0], [7.0, 6.5, 4.833333333333334, 4.333333333333333, 2.666666666666667, 2.166666666666666, 0.5, 0.0, 7.433034373659253, 5.002777006601211, 3.655285366576885, 2.5, 5.5355194253694, 3.4444444444444446, 5.9675045966560525, 4.1163630117428225, 3.5355339059327378, 6.167667586437366, 4.388888888888889, 4.944444444444445, 6.430692796138471, 8.75, 8.355387483534201, 7.136078132357515, 6.807369372803107, 5.888430275643171, 5.679519737129579, 5.273755777432247, 5.25, 6.871842709362768, 5.333333333333334, 5.808146683860056, 7.628123727689416, 6.277777777777778, 6.693695209341068, 8.4224860703321, 7.222222222222222, 7.593450719347594, 7.735610596784437, 9.24511883223911, 8.166666666666668, 8.502904369452203, 9.303474652744658, 9.076503216970771, 10.089109150801676, 9.11111111111111, 9.419247433963195, 10.949519409939505, 10.055555555555555, 12.020173372345116, 10.340648545699588, 12.619429464123963, 12.349089035228468, 11.559027256266468, 11.359039474259157, 10.833333333333334, 10.721214690716927, 10.51189802081432, 10.5, 11.426209536138693, 13.038404810405298, 11.8227652339788, 11.31861789756643, 11.0, 12.824792732905093, 11.265866725930133, 13.647344063956181, 12.936812246883353, 12.194033149226897, 12.010412149464313], [2.5, 2.5495097567963922, 3.3082388735465345, 3.655285366576885, 5.002777006601211, 5.441609239104837, 6.96419413859206, 7.433034373659253, 0.0, 2.666666666666667, 4.333333333333333, 7.0, 2.8289726792164482, 7.0634251824905725, 2.3863035105460586, 4.935697631653617, 6.576473218982953, 3.2678758155228325, 7.2503724893668675, 5.209796090888969, 3.7163123563862612, 2.75, 2.7950849718747373, 3.5009919229333337, 3.830614978187068, 5.132278030054273, 5.560900206900958, 7.057797106746552, 7.520804478245662, 3.8908725099762513, 7.5516738394727945, 5.630878272832471, 4.624144899263292, 7.95434503515353, 6.168918507773917, 5.4231442749719, 8.443896181032153, 6.796195377189967, 10.239425794907522, 6.262764742685313, 9.006170724070865, 7.490322975119627, 7.13300966829513, 9.206213410843457, 7.128667563757473, 9.628436535775514, 8.234412884690418, 8.012336167697754, 10.299826200139806, 7.627516787636655, 9.016103562891795, 8.0, 8.0156097709407, 8.288211172770904, 8.432740427115679, 9.098229375970787, 9.346716595206635, 10.307764064044152, 10.63014581273465, 9.221537791288922, 8.5, 8.908485343261844, 9.54084785424114, 11.01135777277262, 8.570153491285762, 9.826425696829373, 9.513148795220223, 9.74394398816231, 10.65885130354632, 11.510864433221338], [3.655285366576885, 3.308238873546535, 2.5495097567963922, 2.5, 3.0046260628866572, 3.308238873546535, 4.576510072581994, 5.002777006601211, 2.666666666666667, 0.0, 1.666666666666666, 4.333333333333333, 0.9444444444444446, 4.435059535837118, 1.1180339887498951, 2.386303510546059, 3.9616214413349042, 1.8888888888888893, 4.727121641373921, 2.911238334794201, 2.407000595353506, 3.830614978187068, 3.5009919229333346, 2.7950849718747373, 2.75, 3.2156302302624558, 3.5009919229333346, 4.717726618239387, 5.132278030054273, 2.833333333333334, 5.177408189003023, 3.6111111111111116, 3.7777777777777777, 5.748859253456235, 4.403281604540969, 4.722222222222222, 6.409146627580552, 5.246103786456345, 8.016461226551408, 5.666666666666668, 7.1336448530109, 6.118682178781494, 6.229129622792008, 7.577501809443836, 6.611111111111111, 7.904718078542369, 7.009913614937697, 7.555555555555555, 8.710005598784893, 7.913498391364179, 7.913498391364179, 8.432740427115679, 8.288211172770904, 8.0156097709407, 8.0, 8.171767114754175, 8.288211172770904, 8.870988921447509, 9.098229375970787, 8.506537659213922, 8.908485343261844, 8.5, 8.661857640124188, 9.54084785424114, 8.825643053548108, 8.825643053548108, 9.74394398816231, 9.513148795220223, 9.74394398816231, 10.244239573752873], [5.002777006601211, 4.576510072581994, 3.3082388735465345, 3.0046260628866572, 2.5, 2.5495097567963927, 3.308238873546535, 3.655285366576885, 4.333333333333333, 1.666666666666666, 0.0, 2.666666666666667, 1.9156599610629625, 2.8289726792164482, 2.3863035105460586, 1.1180339887498953, 2.386303510546059, 2.519063121945474, 3.2678758155228325, 2.0077012221769617, 2.829318919480656, 5.132278030054273, 4.717726618239387, 3.5009919229333337, 3.2156302302624558, 2.75, 2.7950849718747373, 3.5009919229333346, 3.830614978187068, 3.287180487219337, 3.8908725099762513, 2.9318388448797252, 4.129089816902677, 4.624144899263292, 3.865804501581068, 5.007710104811096, 5.4231442749719, 4.803869325223903, 6.791318285954482, 5.906681715556451, 6.262764742685313, 5.744025344694591, 6.202876039446364, 6.896075774357364, 6.817959218214389, 7.128667563757473, 6.685390373377194, 7.737195714912748, 8.012336167697754, 8.521939731664585, 7.627516787636655, 9.098229375970787, 8.870988921447509, 8.288211172770904, 8.171767114754175, 8.0, 8.0156097709407, 8.288211172770904, 8.432740427115679, 8.465292079397273, 9.54084785424114, 8.661857640124188, 8.5, 8.908485343261844, 9.375072016184301, 8.570153491285762, 10.244239573752873, 9.74394398816231, 9.513148795220223, 9.74394398816231], [7.433034373659253, 6.96419413859206, 5.441609239104837, 5.002777006601211, 3.655285366576885, 3.3082388735465345, 2.5495097567963922, 2.5, 7.0, 4.333333333333333, 2.666666666666667, 0.0, 4.435059535837118, 0.9444444444444446, 4.935697631653617, 2.386303510546058, 1.118033988749895, 4.727121641373921, 1.8888888888888893, 2.9112383347942, 4.806124321638509, 7.520804478245662, 7.057797106746552, 5.560900206900958, 5.132278030054273, 3.830614978187068, 3.5009919229333337, 2.7950849718747373, 2.75, 5.177408189003023, 2.833333333333334, 3.611111111111111, 5.748859253456235, 3.7777777777777777, 4.403281604540969, 6.409146627580552, 4.722222222222222, 5.246103786456345, 5.3526558977422996, 7.1336448530109, 5.666666666666668, 6.118682178781494, 7.036264008790606, 6.582639326510325, 7.904718078542369, 6.611111111111111, 7.009913614937697, 8.710005598784893, 7.555555555555555, 10.008946615187785, 7.913498391364179, 10.63014581273465, 10.307764064044152, 9.346716595206635, 9.098229375970787, 8.432740427115679, 8.288211172770904, 8.0156097709407, 8.0, 9.060723194760572, 11.01135777277262, 9.54084785424114, 8.908485343261844, 8.5, 10.74465126768652, 8.825643053548108, 11.510864433221338, 10.65885130354632, 9.74394398816231, 9.513148795220223], [4.3560657297583685, 4.069231128273331, 3.4805455794837967, 3.4444444444444446, 3.8264834128272365, 4.069231128273331, 5.153507735058582, 5.5355194253694, 2.8289726792164482, 0.9444444444444446, 1.9156599610629625, 4.435059535837118, 0.0, 4.333333333333333, 0.5030769521187458, 2.167378800347907, 3.833735888685804, 0.9444444444444446, 4.435059535837118, 2.386303510546059, 1.466428636176119, 3.2204257444177538, 2.8203679385218474, 1.8735076365463608, 1.8055555555555554, 2.4571952795769625, 2.8203679385218474, 4.2372721541862255, 4.694444444444444, 1.8888888888888893, 4.727121641373921, 2.911238334794201, 2.833333333333333, 5.177408189003022, 3.6111111111111116, 3.7777777777777777, 5.748859253456235, 4.403281604540969, 7.465542298189229, 4.722222222222223, 6.409146627580552, 5.246103786456345, 5.2971810164774, 6.776335967785358, 5.666666666666666, 7.133644853010899, 6.118682178781496, 6.611111111111111, 7.904718078542369, 7.009913614937696, 7.009913614937696, 7.5426769325380745, 7.380739030881346, 7.073249903511883, 7.055555555555555, 7.249733924449134, 7.380739030881346, 8.029651838154336, 8.280014612022653, 7.570110243074447, 8.012336167697754, 7.555555555555555, 7.737195714912748, 8.710005598784893, 7.913498391364179, 7.913498391364179, 8.825643053548108, 8.570153491285762, 8.825643053548108, 9.375072016184301], [7.801550969574204, 7.356235282456931, 5.935091291797904, 5.5355194253694, 4.3560657297583685, 4.069231128273331, 3.4805455794837967, 3.4444444444444446, 7.0634251824905725, 4.435059535837118, 2.8289726792164482, 0.9444444444444446, 4.333333333333333, 0.0, 4.833652607590269, 2.167378800347906, 0.5030769521187454, 4.435059535837118, 0.9444444444444446, 2.386303510546058, 4.4108493597050495, 7.229109963487727, 6.7461122777639515, 5.159568002779753, 4.694444444444444, 3.2204257444177538, 2.820367938521847, 1.8735076365463605, 1.8055555555555554, 4.727121641373921, 1.8888888888888893, 2.9112383347942, 5.177408189003022, 2.833333333333333, 3.611111111111111, 5.748859253456235, 3.7777777777777777, 4.403281604540968, 4.485710241298008, 6.409146627580552, 4.722222222222223, 5.246103786456344, 6.226321712310221, 5.641926619435706, 7.133644853010899, 5.666666666666666, 6.118682178781496, 7.904718078542369, 6.611111111111111, 9.310985148975613, 7.009913614937696, 9.938856282165009, 9.593271819224704, 8.55230818601867, 8.280014612022653, 7.5426769325380745, 7.380739030881346, 7.073249903511883, 7.055555555555555, 8.187923482589966, 10.299826200139806, 8.710005598784893, 8.012336167697754, 7.555555555555555, 10.008946615187785, 7.913498391364179, 10.74465126768652, 9.826425696829373, 8.825643053548108, 8.570153491285762], [4.1163630117428225, 3.8765677832043357, 3.5, 3.5355339059327378, 4.1163630117428225, 4.400126260814695, 5.570258322356135, 5.9675045966560525, 2.3863035105460586, 1.1180339887498951, 2.3863035105460586, 4.935697631653617, 0.5030769521187458, 4.833652607590269, 0.0, 2.6666666666666674, 4.333333333333334, 1.0198644305936573, 4.914390559153927, 2.8289726792164487, 1.5529248395949338, 2.7851291611780673, 2.4166666666666665, 1.75, 1.8200274723201297, 2.7851291611780673, 3.18960986816744, 4.673358297603318, 5.140390171097046, 1.9002923751652308, 5.169354139756942, 3.2678758155228325, 2.8224190657512307, 5.574689273298303, 3.890872509976252, 3.755654173590127, 6.100495830890802, 4.624144899263292, 7.862186682638289, 4.693375946776242, 6.718548123582126, 5.423144274971899, 5.353975423437825, 7.024240935751535, 5.633344291025941, 7.405786859770249, 6.262764742685313, 6.574595701788461, 8.144717291170174, 6.817959218214389, 7.128667563757473, 7.327649312326869, 7.195677714974301, 7.0, 7.0178344238090995, 7.327649312326869, 7.490735018081411, 8.232726023485647, 8.506533436783231, 7.600651047622414, 7.806692285753579, 7.516648189186454, 7.806692285753579, 8.922505876216116, 7.737195714912748, 8.012336167697754, 8.661857640124188, 8.5, 8.908485343261844, 9.540847854241141], [5.9675045966560525, 5.570258322356135, 4.400126260814695, 4.116363011742823, 3.5355339059327378, 3.5, 3.8765677832043353, 4.1163630117428225, 4.935697631653617, 2.386303510546059, 1.1180339887498953, 2.386303510546058, 2.167378800347907, 2.167378800347906, 2.6666666666666674, 0.0, 1.666666666666666, 2.3419154342619994, 2.3419154342619986, 0.9444444444444446, 2.4392223040939576, 5.140390171097046, 4.673358297603318, 3.18960986816744, 2.7851291611780673, 1.8200274723201297, 1.75, 2.416666666666666, 2.785129161178067, 2.838231060987734, 2.8382310609877335, 1.8888888888888893, 3.52285308055282, 3.5228530805528195, 2.833333333333334, 4.306899431847624, 4.306899431847623, 3.7777777777777777, 5.726023487167602, 5.1451163468110455, 5.145116346811045, 4.722222222222221, 5.304982310986994, 5.793072119797391, 6.014899196634887, 6.014899196634887, 5.666666666666668, 6.904328576076007, 6.904328576076007, 7.90471807854237, 6.611111111111111, 8.506533436783231, 8.232726023485647, 7.490735018081411, 7.327649312326869, 7.0178344238090995, 7.0, 7.195677714974301, 7.327649312326869, 7.526611164045486, 8.922505876216116, 7.806692285753579, 7.516648189186454, 7.806692285753579, 8.710005598784894, 7.555555555555555, 9.540847854241141, 8.908485343261844, 8.5, 8.661857640124188], [7.3824115301167, 6.946221994724902, 5.570258322356135, 5.1908038341324785, 4.116363011742823, 3.8765677832043353, 3.5, 3.5355339059327378, 6.576473218982953, 3.9616214413349042, 2.386303510546059, 1.118033988749895, 3.833735888685804, 0.5030769521187454, 4.333333333333334, 1.666666666666666, 0.0, 3.935043570436618, 1.019864430593657, 1.9156599610629625, 3.9221704900616836, 6.73145600891813, 6.25, 4.673358297603318, 4.213898959923511, 2.7851291611780673, 2.416666666666666, 1.75, 1.8200274723201295, 4.249182927993988, 1.9002923751652305, 2.519063121945474, 4.733972309505041, 2.8224190657512307, 3.287180487219337, 5.343162239353151, 3.755654173590127, 4.129089816902677, 4.6763148591764905, 6.039223643997813, 4.693375946776242, 5.007710104811095, 5.919347501650841, 5.560506651461713, 6.795514134020987, 5.633344291025941, 5.906681715556451, 7.59406038206306, 6.574595701788461, 8.927865933326776, 6.817959218214389, 9.5524865872714, 9.219544457292887, 8.232726023485647, 7.9808799292085855, 7.327649312326869, 7.195677714974301, 7.0, 7.0178344238090995, 7.94808686910491, 9.924716620639604, 8.422852512328852, 7.806692285753579, 7.516648189186454, 9.64813037604107, 7.737195714912748, 10.404326023342406, 9.540847854241141, 8.661857640124188, 8.5], [5.1355093992829435, 4.894567409225947, 4.4172780848631605, 4.388888888888889, 4.694690986293999, 4.894567409225947, 5.827245500530829, 6.167667586437366, 3.2678758155228325, 1.8888888888888893, 2.519063121945474, 4.727121641373921, 0.9444444444444446, 4.435059535837118, 1.0198644305936573, 2.3419154342619994, 3.935043570436618, 0.0, 4.333333333333333, 2.167378800347907, 0.5395596734806279, 2.8022532820553754, 2.3315138408603664, 0.9957471293852733, 0.8611111111111107, 1.8759771116558932, 2.3315138408603664, 3.9288620222811916, 4.418064069641452, 0.9444444444444446, 4.435059535837118, 2.386303510546059, 1.8888888888888884, 4.727121641373921, 2.911238334794201, 2.833333333333333, 5.177408189003022, 3.611111111111111, 6.999210214916172, 3.7777777777777786, 5.748859253456236, 4.403281604540968, 4.37060043957305, 6.016882518527546, 4.722222222222221, 6.409146627580551, 5.246103786456346, 5.666666666666666, 7.133644853010899, 6.118682178781494, 6.118682178781494, 6.66759252830111, 6.483835551337658, 6.131531538885344, 6.111111111111111, 6.3343079172174335, 6.483835551337658, 7.2138840756412295, 7.4915590360166995, 6.635955534379402, 7.128667563757473, 6.611111111111111, 6.817959218214389, 7.904718078542369, 7.009913614937696, 7.009913614937696, 7.913498391364179, 7.627516787636655, 7.913498391364179, 8.521939731664585], [8.262102981627157, 7.842980662924801, 6.5286642424100405, 6.167667586437366, 5.1355093992829435, 4.894567409225946, 4.4172780848631605, 4.388888888888889, 7.2503724893668675, 4.727121641373921, 3.2678758155228325, 1.8888888888888893, 4.435059535837118, 0.9444444444444446, 4.914390559153927, 2.3419154342619986, 1.019864430593657, 4.333333333333333, 0.0, 2.167378800347906, 4.194794842451728, 7.052766290306167, 6.556791314787974, 4.909442275532948, 4.418064069641452, 2.8022532820553754, 2.3315138408603655, 0.9957471293852731, 0.8611111111111107, 4.435059535837118, 0.9444444444444446, 2.386303510546058, 4.727121641373921, 1.8888888888888884, 2.9112383347942, 5.177408189003022, 2.833333333333333, 3.6111111111111107, 3.657351254038938, 5.748859253456236, 3.7777777777777786, 4.403281604540967, 5.459771382233259, 4.702710077450882, 6.409146627580551, 4.722222222222221, 5.246103786456346, 7.133644853010899, 5.666666666666666, 8.65989764145592, 6.118682178781494, 9.292237567580033, 8.92164104928828, 7.791456226114397, 7.4915590360166995, 6.66759252830111, 6.483835551337658, 6.131531538885344, 6.111111111111111, 7.332900361978755, 9.628436535775514, 7.904718078542369, 7.128667563757473, 6.611111111111111, 9.310985148975613, 7.009913614937696, 10.008946615187785, 9.016103562891795, 7.913498391364179, 7.627516787636655], [6.566140230825428, 6.20732343265041, 5.183068350973601, 4.944444444444445, 4.4724810139063855, 4.444444444444445, 4.746668747398628, 4.944444444444445, 5.209796090888969, 2.911238334794201, 2.0077012221769617, 2.9112383347942, 2.386303510546059, 2.386303510546058, 2.8289726792164487, 0.9444444444444446, 1.9156599610629625, 2.167378800347907, 2.167378800347906, 0.0, 2.0482810882892863, 4.9000031494069, 4.40757274822143, 2.7856831952319228, 2.311571802374061, 0.9481137869931121, 0.8055555555555554, 1.8511341201717921, 2.3115718023740603, 2.3419154342619994, 2.3419154342619986, 0.9444444444444446, 2.8382310609877335, 2.838231060987733, 1.8888888888888893, 3.52285308055282, 3.5228530805528195, 2.833333333333333, 5.1134044504355725, 4.306899431847625, 4.306899431847624, 3.777777777777777, 4.3920151493998105, 4.893747945107066, 5.145116346811044, 5.145116346811043, 4.722222222222223, 6.014899196634887, 6.014899196634887, 7.133644853010899, 5.666666666666666, 7.747958711656308, 7.446309882364387, 6.616710980353522, 6.431500410546842, 6.076162694202629, 6.055555555555555, 6.280726937560455, 6.431500410546842, 6.594251333419058, 8.144717291170174, 6.904328576076007, 6.574595701788461, 6.904328576076007, 7.90471807854237, 6.611111111111111, 8.710005598784894, 8.012336167697754, 7.555555555555555, 7.737195714912748], [5.662681023463286, 5.429491180407324, 4.9465691077753835, 4.903940324809645, 5.124453570029997, 5.292142839092331, 6.1188554267671265, 6.430692796138471, 3.7163123563862612, 2.407000595353506, 2.829318919480656, 4.806124321638509, 1.466428636176119, 4.4108493597050495, 1.5529248395949338, 2.4392223040939576, 3.9221704900616836, 0.5395596734806279, 4.194794842451728, 2.0482810882892863, 0.0, 2.857971448884856, 2.362502678785935, 0.7553743225365483, 0.38816895605384444, 1.5369023458056736, 2.027022510606637, 3.680004913424343, 4.178020376620609, 0.4645287448367894, 4.185805308873399, 2.0554941016168358, 1.387227409474277, 4.385154388913782, 2.457357768865497, 2.3274370955404433, 4.76677485966254, 3.1042082765029755, 6.63124842051687, 3.2700883167099195, 5.2913756933424985, 3.875249857867164, 3.8344713680231965, 5.515499796090383, 4.213542735246864, 5.921074354436423, 4.709879458667, 5.1573595745986625, 6.625974412168945, 5.710071526302961, 5.579634234134989, 6.2765472380753105, 6.066997884985664, 5.638939155222137, 5.601581880825606, 5.7956115509661945, 5.944397756514602, 6.690999969509573, 6.97731314308071, 6.104127021939917, 6.726369709073269, 6.101370649201811, 6.279977506411976, 7.384571952926887, 6.583177129953104, 6.470364941452137, 7.473652121316814, 7.130543281569795, 7.374474719035834, 7.988522597202809], [5.25, 5.273755777432247, 5.679519737129579, 5.888430275643171, 6.807369372803107, 7.136078132357515, 8.355387483534201, 8.75, 2.75, 3.830614978187068, 5.132278030054273, 7.520804478245662, 3.2204257444177538, 7.229109963487727, 2.7851291611780673, 5.140390171097046, 6.73145600891813, 2.8022532820553754, 7.052766290306167, 4.9000031494069, 2.857971448884856, 0.0, 0.5, 2.1666666666666665, 2.666666666666667, 4.333333333333333, 4.833333333333334, 6.5, 7.0, 2.667968432263687, 7.000496014172456, 4.835328451570576, 2.8578730327999073, 7.07504962247572, 4.953253700571194, 3.3167411121367723, 7.272527792578531, 5.241468670817417, 9.218227587200504, 3.95196856712646, 7.583333333333334, 5.6740828377265276, 4.956524444996258, 7.498994479712426, 4.692471643330068, 7.9942591284211995, 6.221044035279681, 5.495859833423881, 8.490781129998044, 4.886757742570006, 6.855035546638618, 5.25, 5.273755777432247, 5.679519737129579, 5.888430275643171, 6.807369372803107, 7.136078132357515, 8.355387483534201, 8.75, 6.794596656853715, 5.75, 6.338265623268807, 7.200019290097615, 9.058835465996719, 5.827046877161877, 7.554176753277162, 6.768493185340442, 7.089213245801289, 8.302024518821366, 9.370832406995657], [5.273755777432247, 5.25, 5.508200956553581, 5.679519737129579, 6.5005341660854645, 6.807369372803109, 7.9726093595509875, 8.355387483534201, 2.7950849718747373, 3.5009919229333346, 4.717726618239387, 7.057797106746552, 2.8203679385218474, 6.7461122777639515, 2.4166666666666665, 4.673358297603318, 6.25, 2.3315138408603664, 6.556791314787974, 4.40757274822143, 2.362502678785935, 0.5, 0.0, 1.6666666666666665, 2.166666666666667, 3.833333333333333, 4.333333333333334, 6.0, 6.5, 2.168268638542948, 6.5005341660854645, 4.335558545474225, 2.3980766470107397, 6.580754300267852, 4.4666977610858, 2.929864320795693, 6.792618088324057, 4.784314004518011, 8.734026899931424, 3.633371559431941, 7.124390812163834, 5.254701011099431, 4.606432368417379, 7.07291428131457, 4.427485003564678, 7.560302838666297, 5.841066302958354, 5.271414292386371, 8.083524243640943, 4.861111111111111, 6.512156249073396, 5.273755777432247, 5.25, 5.508200956553581, 5.679519737129579, 6.5005341660854645, 6.807369372803109, 7.9726093595509875, 8.355387483534201, 6.535024088853241, 5.771698190307598, 6.1446679686085925, 6.910639944639312, 8.678277478854891, 5.805555555555555, 7.244463616198218, 6.75, 6.952717294538717, 8.021239167222094, 9.031195934094221], [5.679519737129579, 5.508200956553581, 5.25, 5.273755777432247, 5.679519737129579, 5.888430275643171, 6.807369372803109, 7.136078132357515, 3.5009919229333337, 2.7950849718747373, 3.5009919229333337, 5.560900206900958, 1.8735076365463608, 5.159568002779753, 1.75, 3.18960986816744, 4.673358297603318, 0.9957471293852733, 4.909442275532948, 2.7856831952319228, 0.7553743225365483, 2.1666666666666665, 1.6666666666666665, 0.0, 0.5000000000000004, 2.1666666666666665, 2.6666666666666674, 4.333333333333334, 4.833333333333334, 0.5068968775248521, 4.8340516707577255, 2.670281115270058, 1.1429467006356102, 4.941400436273602, 2.8783193398617586, 2.0346155641366654, 5.220227160281272, 3.350073704735539, 7.1357800646349165, 2.9592134840941187, 5.645179851479984, 3.9931461342383545, 3.697379104957191, 5.739444365280953, 3.8933506151316086, 6.186217755903585, 4.738289658609835, 4.831497096918393, 6.8157519987630115, 5.138888888888888, 5.5445028943701535, 5.679519737129579, 5.508200956553581, 5.25, 5.273755777432247, 5.679519737129579, 5.888430275643171, 6.807369372803109, 7.136078132357515, 5.897822026947867, 6.1446679686085925, 5.771698190307598, 6.1446679686085925, 7.511565157216644, 6.040054063203388, 6.388707726900104, 6.952717294538717, 6.75, 7.257658789934335, 8.021239167222094], [5.888430275643171, 5.679519737129579, 5.273755777432247, 5.25, 5.50820095655358, 5.679519737129579, 6.5005341660854645, 6.807369372803107, 3.830614978187068, 2.75, 3.2156302302624558, 5.132278030054273, 1.8055555555555554, 4.694444444444444, 1.8200274723201297, 2.7851291611780673, 4.213898959923511, 0.8611111111111107, 4.418064069641452, 2.311571802374061, 0.38816895605384444, 2.666666666666667, 2.166666666666667, 0.5000000000000004, 0.0, 1.666666666666666, 2.166666666666667, 3.833333333333333, 4.333333333333333, 0.08333333333333393, 4.33413454131528, 2.171113669963237, 1.0277777777777777, 4.453549700887103, 2.4224069756247726, 1.9722222222222223, 4.761033319732696, 2.967545645898952, 6.662846976841734, 2.916666666666668, 5.22347798140494, 3.678117641228465, 3.534029358027262, 5.3757870598534785, 3.8611111111111107, 5.803960440089461, 4.476016333998596, 4.805555555555555, 6.470791448911689, 5.3221091382094325, 5.3221091382094325, 5.888430275643171, 5.679519737129579, 5.273755777432247, 5.25, 5.50820095655358, 5.679519737129579, 6.5005341660854645, 6.807369372803107, 5.787138104519588, 6.338265623268807, 5.75, 5.986675018553937, 7.200019290097615, 6.196686191270817, 6.196686191270817, 7.089213245801289, 6.768493185340442, 7.089213245801289, 7.762534666231414], [6.807369372803107, 6.5005341660854645, 5.679519737129579, 5.50820095655358, 5.25, 5.273755777432247, 5.679519737129579, 5.888430275643171, 5.132278030054273, 3.2156302302624558, 2.75, 3.830614978187068, 2.4571952795769625, 3.2204257444177538, 2.7851291611780673, 1.8200274723201297, 2.7851291611780673, 1.8759771116558932, 2.8022532820553754, 0.9481137869931121, 1.5369023458056736, 4.333333333333333, 3.833333333333333, 2.1666666666666665, 1.666666666666666, 0.0, 0.5000000000000009, 2.166666666666667, 2.666666666666667, 1.6687486995417316, 2.667968432263687, 0.518931713674151, 1.9580870609530114, 2.8578730327999073, 1.1931517552730304, 2.582138313802136, 3.3167411121367723, 2.088512081853821, 5.123659171056037, 3.3592740617910635, 3.95196856712646, 3.0139848935042126, 3.4875462443660155, 4.3630739079738285, 4.20546748770258, 4.692471643330068, 3.948452580160713, 5.086368250068868, 5.495859833423881, 6.190706395801075, 4.886757742570006, 6.807369372803107, 6.5005341660854645, 5.679519737129579, 5.50820095655358, 5.25, 5.273755777432247, 5.679519737129579, 5.888430275643171, 5.726338662938484, 7.200019290097615, 5.986675018553937, 5.75, 6.338265623268807, 6.956933214648997, 5.827046877161877, 7.762534666231414, 7.089213245801289, 6.768493185340442, 7.089213245801289], [7.136078132357515, 6.807369372803109, 5.888430275643171, 5.679519737129579, 5.273755777432247, 5.25, 5.50820095655358, 5.679519737129579, 5.560900206900958, 3.5009919229333346, 2.7950849718747373, 3.5009919229333337, 2.8203679385218474, 2.820367938521847, 3.18960986816744, 1.75, 2.416666666666666, 2.3315138408603664, 2.3315138408603655, 0.8055555555555554, 2.027022510606637, 4.833333333333334, 4.333333333333334, 2.6666666666666674, 2.166666666666667, 0.5000000000000009, 0.0, 1.666666666666666, 2.166666666666666, 2.168268638542948, 2.1682686385429473, 0.13888888888888928, 2.3980766470107397, 2.398076647010739, 1.083333333333334, 2.929864320795693, 2.929864320795692, 2.0277777777777777, 4.678965983396464, 3.633371559431941, 3.6333715594319407, 2.9722222222222214, 3.6260718044300653, 4.142577154844737, 4.427485003564678, 4.427485003564678, 3.916666666666668, 5.271414292386371, 5.271414292386371, 6.512156249073396, 4.861111111111111, 7.136078132357515, 6.807369372803109, 5.888430275643171, 5.679519737129579, 5.273755777432247, 5.25, 5.50820095655358, 5.679519737129579, 5.8020930644519915, 7.511565157216644, 6.1446679686085925, 5.771698190307598, 6.1446679686085925, 7.244463616198218, 5.805555555555555, 8.021239167222094, 7.257658789934335, 6.75, 6.952717294538717], [8.355387483534201, 7.9726093595509875, 6.807369372803109, 6.5005341660854645, 5.679519737129579, 5.50820095655358, 5.25, 5.273755777432247, 7.057797106746552, 4.717726618239387, 3.5009919229333346, 2.7950849718747373, 4.2372721541862255, 1.8735076365463605, 4.673358297603318, 2.416666666666666, 1.75, 3.9288620222811916, 0.9957471293852731, 1.8511341201717921, 3.680004913424343, 6.5, 6.0, 4.333333333333334, 3.833333333333333, 2.166666666666667, 1.666666666666666, 0.0, 0.5, 3.834239023442447, 0.5068968775248517, 1.6724436914989294, 3.9687241784909, 1.14294670063561, 1.9878100736460937, 4.310928547108106, 2.0346155641366654, 2.6248162781092237, 3.3125969208977204, 4.816782005539475, 2.9592134840941187, 3.4076212694560666, 4.477078763691549, 3.8105767436987326, 5.440829298626278, 3.8933506151316086, 4.256530929707379, 6.147178917355123, 4.831497096918393, 7.722072340671764, 5.138888888888888, 8.355387483534201, 7.9726093595509875, 6.807369372803109, 6.5005341660854645, 5.679519737129579, 5.50820095655358, 5.25, 5.273755777432247, 6.339281756844828, 8.678277478854891, 6.910639944639312, 6.1446679686085925, 5.771698190307598, 8.348920607398417, 6.040054063203388, 9.031195934094221, 8.021239167222094, 6.952717294538717, 6.75], [8.75, 8.355387483534201, 7.136078132357515, 6.807369372803107, 5.888430275643171, 5.679519737129579, 5.273755777432247, 5.25, 7.520804478245662, 5.132278030054273, 3.830614978187068, 2.75, 4.694444444444444, 1.8055555555555554, 5.140390171097046, 2.785129161178067, 1.8200274723201295, 4.418064069641452, 0.8611111111111107, 2.3115718023740603, 4.178020376620609, 7.0, 6.5, 4.833333333333334, 4.333333333333333, 2.666666666666667, 2.166666666666666, 0.5, 0.0, 4.33413454131528, 0.08333333333333393, 2.171113669963236, 4.453549700887103, 1.0277777777777777, 2.422406975624772, 4.761033319732696, 1.9722222222222223, 2.967545645898951, 2.9632422107621132, 5.22347798140494, 2.916666666666668, 3.6781176412284644, 4.816255687487503, 3.8485962822415924, 5.803960440089461, 3.8611111111111107, 4.476016333998595, 6.470791448911689, 4.805555555555555, 8.116674271804179, 5.322109138209432, 8.75, 8.355387483534201, 7.136078132357515, 6.807369372803107, 5.888430275643171, 5.679519737129579, 5.273755777432247, 5.25, 6.5746854909744625, 9.058835465996719, 7.200019290097615, 6.338265623268807, 5.75, 8.715186475838712, 6.196686191270817, 9.370832406995657, 8.302024518821366, 7.089213245801289, 6.768493185340442], [5.96284793999944, 5.7566386797235145, 5.356719559996066, 5.333333333333334, 5.587684871413404, 5.7566386797235145, 6.568020165079344, 6.871842709362768, 3.8908725099762513, 2.833333333333334, 3.287180487219337, 5.177408189003023, 1.8888888888888893, 4.727121641373921, 1.9002923751652308, 2.838231060987734, 4.249182927993988, 0.9444444444444446, 4.435059535837118, 2.3419154342619994, 0.4645287448367894, 2.667968432263687, 2.168268638542948, 0.5068968775248521, 0.08333333333333393, 1.6687486995417316, 2.168268638542948, 3.834239023442447, 4.33413454131528, 0.0, 4.333333333333333, 2.167378800347907, 0.9444444444444438, 4.435059535837118, 2.386303510546059, 1.8888888888888884, 4.727121641373921, 2.9112383347942, 6.635323358842822, 2.833333333333334, 5.177408189003023, 3.6111111111111103, 3.4537110910942856, 5.317045415689733, 3.777777777777777, 5.748859253456234, 4.403281604540969, 4.722222222222221, 6.409146627580551, 5.246103786456345, 5.246103786456345, 5.814254514170802, 5.60257877132387, 5.1908038341324785, 5.166666666666666, 5.428832491634109, 5.60257877132387, 6.433419688539594, 6.743309441381302, 5.7051900260643835, 6.262764742685312, 5.666666666666666, 5.9066817155564495, 7.133644853010899, 6.118682178781494, 6.118682178781494, 7.009913614937696, 6.685390373377192, 7.009913614937696, 7.690181330039551], [8.80025252162939, 8.407998837086293, 7.197607627229729, 6.871842709362768, 5.96284793999944, 5.7566386797235145, 5.356719559996066, 5.333333333333334, 7.5516738394727945, 5.177408189003023, 3.8908725099762513, 2.833333333333334, 4.727121641373921, 1.8888888888888893, 5.169354139756942, 2.8382310609877335, 1.9002923751652305, 4.435059535837118, 0.9444444444444446, 2.3419154342619986, 4.185805308873399, 7.000496014172456, 6.5005341660854645, 4.8340516707577255, 4.33413454131528, 2.667968432263687, 2.1682686385429473, 0.5068968775248517, 0.08333333333333393, 4.333333333333333, 0.0, 2.167378800347906, 4.435059535837118, 0.9444444444444438, 2.386303510546058, 4.727121641373921, 1.8888888888888884, 2.9112383347941995, 2.9008258546900922, 5.177408189003023, 2.833333333333334, 3.61111111111111, 4.757633407967118, 3.7661092367724676, 5.748859253456234, 3.777777777777777, 4.403281604540969, 6.409146627580551, 4.722222222222221, 8.067041619691022, 5.246103786456344, 8.700255424092125, 8.3032791380541, 7.074995092263708, 6.743309441381302, 5.814254514170802, 5.60257877132387, 5.1908038341324785, 5.166666666666666, 6.5026698438373804, 9.006170724070865, 7.133644853010899, 6.262764742685312, 5.666666666666666, 8.65989764145592, 6.118682178781494, 9.310985148975613, 8.234412884690418, 7.009913614937696, 6.685390373377192], [7.238869702370754, 6.915048896035943, 6.012589672337639, 5.808146683860056, 5.412035056870025, 5.388888888888889, 5.640735877043695, 5.808146683860056, 5.630878272832471, 3.6111111111111116, 2.9318388448797252, 3.611111111111111, 2.911238334794201, 2.9112383347942, 3.2678758155228325, 1.8888888888