totalHoles = 70;
zeroHoleID = 43;
C = [[0.0, 2.0, 3.5, 5.0, 6.5, 2.0128718023167753, 3.5073712225200775, 5.005162623987554, 6.503972085776659, 2.051002576850632, 3.5293925214189388, 5.020618644176028, 6.515873814788615, 2.11302532712172, 3.5657924831736705, 5.04627347981239, 6.5356618664874215, 1.6770509831248424, 2.1969174497444675, 3.6161369278543276, 5.081972676135885, 6.563264910164128, 2.3002874416145445, 3.6798535723652903, 5.127506442126581, 6.5985848720804965, 2.4206412646716995, 3.7562619892961946, 5.182615568632445, 6.641498636018184, 2.5555805085219268, 3.8446055370528183, 5.246998354825089, 6.6918601102785455, 5.917549024789888, 2.7029215904215467, 3.9440822917336478, 5.320318141236193, 6.749502583447683, 2.86074890501083, 4.0538727530006, 5.402211056365779, 6.814241285537273, 3.027422873699402, 4.173162979826974, 5.492293624361169, 6.885876070348518, 2.5, 3.2015621187164243, 4.301162633521313, 5.5901699437494745, 6.96419413859206, 9.003039127746437, 3.605551275463989, 5.830951894845301, 5.315072906367325, 4.742362280551751, 6.594694837519018, 7.436698717865172, 6.351377803280167, 5.946427498927402, 7.470609078247904, 7.184010022264724, 8.640601830891178, 8.440379138403676, 9.843271813782245, 9.7082439194738, 11.067971810589327, 14.423028821048566, 12.491679937700095], [2.0, 0.0, 1.5, 3.0, 4.5, 0.2272727272727273, 1.5171199334798762, 3.008596498795075, 4.505735555107732, 0.4545454545454546, 1.5673581499606062, 3.0342398669597523, 4.522898580583909, 0.6818181818181817, 1.6476880873083506, 3.0765038652759484, 4.551359800439628, 0.9013878188659973, 0.9090909090909092, 1.7539801255977034, 3.1347162999212124, 4.590909090909091, 1.1363636363636362, 1.8818401404076772, 3.2080090888352526, 4.64126300849775, 1.3636363636363635, 2.0271911928161597, 3.295376174616701, 4.7020744498818186, 1.5909090909090908, 2.1865479037828535, 3.395731399203593, 4.772943718035777, 4.0310668733088235, 1.8181818181818183, 2.3570713022662133, 3.507960251195407, 4.853430243030896, 2.0454545454545454, 2.5365102596915827, 3.6309618970075492, 4.943064261925052, 2.2727272727272725, 2.723102872863665, 3.7636802808153544, 5.041357878210825, 3.2015621187164243, 2.5, 2.9154759474226504, 3.905124837953327, 5.1478150704935, 7.144851809885107, 3.0, 4.242640687119285, 4.272001872658765, 4.3, 5.243090691567332, 6.08201671445383, 5.508175741568165, 5.6, 6.768308503607086, 6.9, 8.04114419718985, 8.2, 9.32148056909416, 9.5, 10.606601717798213, 13.280974085319336, 12.253383849093487], [3.5, 1.5, 0.0, 1.5, 3.0, 1.5171199334798762, 0.2272727272727273, 1.5171199334798762, 3.008596498795075, 1.5673581499606062, 0.4545454545454546, 1.5673581499606062, 3.0342398669597523, 1.6476880873083506, 0.6818181818181817, 1.6476880873083506, 3.0765038652759484, 2.1360009363293826, 1.7539801255977034, 0.9090909090909092, 1.7539801255977034, 3.1347162999212124, 1.8818401404076772, 1.1363636363636362, 1.8818401404076772, 3.2080090888352526, 2.0271911928161597, 1.3636363636363635, 2.0271911928161597, 3.295376174616701, 2.1865479037828535, 1.5909090909090908, 2.1865479037828535, 3.395731399203593, 2.7246257347220726, 2.3570713022662133, 1.8181818181818183, 2.3570713022662133, 3.507960251195407, 2.5365102596915827, 2.0454545454545454, 2.5365102596915827, 3.6309618970075492, 2.723102872863665, 2.2727272727272725, 2.723102872863665, 3.7636802808153544, 4.301162633521313, 2.9154759474226504, 2.5, 2.9154759474226504, 3.905124837953327, 5.813308246801675, 3.3541019662496847, 3.3541019662496847, 4.0, 4.55411901469428, 4.55411901469428, 5.339078285232803, 5.3, 5.797413216254298, 6.6, 7.061161377563892, 7.9, 8.336066218546971, 9.2, 9.617692030835672, 10.5, 12.56601197144577, 12.287104085938626], [5.0, 3.0, 1.5, 0.0, 1.5, 3.008596498795075, 1.5171199334798762, 0.2272727272727273, 1.5171199334798762, 3.0342398669597523, 1.5673581499606062, 0.4545454545454546, 1.5673581499606062, 3.0765038652759484, 1.6476880873083506, 0.6818181818181817, 1.6476880873083506, 3.5794552658190883, 3.1347162999212124, 1.7539801255977034, 0.9090909090909092, 1.7539801255977034, 3.2080090888352526, 1.8818401404076772, 1.1363636363636362, 1.8818401404076772, 3.295376174616701, 2.0271911928161597, 1.3636363636363635, 2.0271911928161597, 3.395731399203593, 2.1865479037828535, 1.5909090909090908, 2.1865479037828535, 1.7600200713434524, 3.507960251195407, 2.3570713022662133, 1.8181818181818183, 2.3570713022662133, 3.6309618970075492, 2.5365102596915827, 2.0454545454545454, 2.5365102596915827, 3.7636802808153544, 2.723102872863665, 2.2727272727272725, 2.723102872863665, 5.5901699437494745, 3.905124837953327, 2.9154759474226504, 2.5, 2.9154759474226504, 4.586959576827143, 4.242640687119285, 3.0, 4.272001872658765, 5.243090691567332, 4.3, 4.951826587916135, 5.508175741568165, 6.352952069707436, 6.768308503607086, 7.523961722390672, 8.04114419718985, 8.73155198117723, 9.32148056909416, 9.962429422585638, 10.606601717798213, 11.996876305026781, 12.502017352577713], [6.5, 4.5, 3.0, 1.5, 0.0, 4.505735555107732, 3.008596498795075, 1.5171199334798762, 0.2272727272727273, 4.522898580583909, 3.0342398669597523, 1.5673581499606062, 0.4545454545454546, 4.551359800439628, 3.0765038652759484, 1.6476880873083506, 0.6818181818181817, 5.055937104039171, 4.590909090909091, 3.1347162999212124, 1.7539801255977034, 0.9090909090909092, 4.64126300849775, 3.2080090888352526, 1.8818401404076772, 1.1363636363636362, 4.7020744498818186, 3.295376174616701, 2.0271911928161597, 1.3636363636363635, 4.772943718035777, 3.395731399203593, 2.1865479037828535, 1.5909090909090908, 1.808799576723145, 4.853430243030896, 3.507960251195407, 2.3570713022662133, 1.8181818181818183, 4.943064261925052, 3.6309618970075492, 2.5365102596915827, 2.0454545454545454, 5.041357878210825, 3.7636802808153544, 2.723102872863665, 2.2727272727272725, 6.96419413859206, 5.1478150704935, 3.905124837953327, 2.9154759474226504, 2.5, 3.57572979216273, 5.408326913195984, 3.3541019662496847, 5.0, 6.224146527838174, 4.55411901469428, 5.0035403643562075, 6.090155991434045, 7.184010022264724, 7.249827584156743, 8.23771813064759, 8.450443775329198, 9.353608929178085, 9.676776322722356, 10.51189802081432, 10.920164833920778, 11.595060383185059, 12.889063152518835], [2.0128718023167753, 0.2272727272727273, 1.5171199334798762, 3.008596498795075, 4.505735555107732, 0.0, 1.5, 3.0, 4.5, 0.2272727272727273, 1.5171199334798762, 3.008596498795075, 4.505735555107732, 0.45454545454545436, 1.5673581499606062, 3.034239866959752, 4.522898580583909, 0.7233559301290704, 0.6818181818181819, 1.6476880873083508, 3.0765038652759484, 4.551359800439628, 0.909090909090909, 1.7539801255977034, 3.1347162999212124, 4.590909090909091, 1.1363636363636362, 1.8818401404076772, 3.2080090888352526, 4.64126300849775, 1.3636363636363635, 2.0271911928161597, 3.295376174616701, 4.7020744498818186, 3.9453224189017706, 1.590909090909091, 2.1865479037828535, 3.395731399203593, 4.772943718035777, 1.8181818181818181, 2.3570713022662133, 3.507960251195407, 4.853430243030896, 2.045454545454545, 2.5365102596915827, 3.6309618970075492, 4.943064261925052, 3.027422873699402, 2.2727272727272725, 2.723102872863665, 3.7636802808153544, 5.041357878210825, 7.053629632336066, 2.7727272727272725, 4.085096881216603, 4.059984122429564, 4.072727272727272, 5.058370037671871, 5.899759041167931, 5.289854627820227, 5.372727272727272, 6.546881157662935, 6.672727272727273, 7.817975684386138, 7.972727272727272, 9.097243247860519, 9.272727272727273, 10.381662950598749, 13.087418826728086, 12.02628456247411], [3.5073712225200775, 1.5171199334798762, 0.2272727272727273, 1.5171199334798762, 3.008596498795075, 1.5, 0.0, 1.5, 3.0, 1.5171199334798762, 0.2272727272727273, 1.5171199334798762, 3.008596498795075, 1.5673581499606062, 0.45454545454545436, 1.5673581499606062, 3.034239866959752, 2.067182575790753, 1.6476880873083508, 0.6818181818181819, 1.6476880873083508, 3.0765038652759484, 1.7539801255977034, 0.909090909090909, 1.7539801255977034, 3.1347162999212124, 1.8818401404076772, 1.1363636363636362, 1.8818401404076772, 3.2080090888352526, 2.0271911928161597, 1.3636363636363635, 2.0271911928161597, 3.295376174616701, 2.5960844066229702, 2.1865479037828535, 1.590909090909091, 2.1865479037828535, 3.395731399203593, 2.3570713022662133, 1.8181818181818181, 2.3570713022662133, 3.507960251195407, 2.5365102596915827, 2.045454545454545, 2.5365102596915827, 3.6309618970075492, 4.173162979826974, 2.723102872863665, 2.2727272727272725, 2.723102872863665, 3.7636802808153544, 5.7008189216360226, 3.152461978981764, 3.152461978981764, 3.7727272727272725, 4.340173664499673, 4.340173664499673, 5.130495723104293, 5.072727272727272, 5.578189522336744, 6.372727272727272, 6.8392462491270445, 7.672727272727273, 8.112606249861338, 8.972727272727273, 9.393267326887923, 10.272727272727273, 12.361266753767245, 12.060639760935889], [5.005162623987554, 3.008596498795075, 1.5171199334798762, 0.2272727272727273, 1.5171199334798762, 3.0, 1.5, 0.0, 1.5, 3.008596498795075, 1.5171199334798762, 0.2272727272727273, 1.5171199334798762, 3.034239866959752, 1.5673581499606062, 0.45454545454545436, 1.5673581499606062, 3.5388195491792023, 3.0765038652759484, 1.6476880873083508, 0.6818181818181819, 1.6476880873083508, 3.1347162999212124, 1.7539801255977034, 0.909090909090909, 1.7539801255977034, 3.2080090888352526, 1.8818401404076772, 1.1363636363636362, 1.8818401404076772, 3.295376174616701, 2.0271911928161597, 1.3636363636363635, 2.0271911928161597, 1.5536214157679975, 3.395731399203593, 2.1865479037828535, 1.590909090909091, 2.1865479037828535, 3.507960251195407, 2.3570713022662133, 1.8181818181818181, 2.3570713022662133, 3.6309618970075492, 2.5365102596915827, 2.045454545454545, 2.5365102596915827, 5.492293624361169, 3.7636802808153544, 2.723102872863665, 2.2727272727272725, 2.723102872863665, 4.443532577172939, 4.085096881216603, 2.7727272727272725, 4.059984122429564, 5.058370037671871, 4.072727272727272, 4.726184082929921, 5.289854627820227, 6.153551685580241, 6.546881157662935, 7.316097952884334, 7.817975684386138, 8.518472877534402, 9.097243247860519, 9.745946391930348, 10.381662950598749, 11.782245115825168, 12.27951719362501], [6.503972085776659, 4.505735555107732, 3.008596498795075, 1.5171199334798762, 0.2272727272727273, 4.5, 3.0, 1.5, 0.0, 4.505735555107732, 3.008596498795075, 1.5171199334798762, 0.2272727272727273, 4.522898580583909, 3.034239866959752, 1.5673581499606062, 0.45454545454545436, 5.02725012324361, 4.551359800439628, 3.0765038652759484, 1.6476880873083508, 0.6818181818181819, 4.590909090909091, 3.1347162999212124, 1.7539801255977034, 0.909090909090909, 4.64126300849775, 3.2080090888352526, 1.8818401404076772, 1.1363636363636362, 4.7020744498818186, 3.295376174616701, 2.0271911928161597, 1.3636363636363635, 1.6086717380357543, 4.772943718035777, 3.395731399203593, 2.1865479037828535, 1.590909090909091, 4.853430243030896, 3.507960251195407, 2.3570713022662133, 1.8181818181818181, 4.943064261925052, 3.6309618970075492, 2.5365102596915827, 2.045454545454545, 6.885876070348518, 5.041357878210825, 3.7636802808153544, 2.723102872863665, 2.2727272727272725, 3.3897827587488645, 5.285642489700341, 3.152461978981764, 4.820111106020292, 6.069358074625069, 4.340173664499673, 4.780339486552062, 5.893433802416981, 7.008294967187627, 7.043553995857629, 8.048309714231824, 8.238370215136783, 9.155019397319114, 9.46096373054795, 10.306962262198313, 10.701818799616948, 11.3728485517473, 12.673359995439125], [2.051002576850632, 0.4545454545454546, 1.5673581499606062, 3.0342398669597523, 4.522898580583909, 0.2272727272727273, 1.5171199334798762, 3.008596498795075, 4.505735555107732, 0.0, 1.5, 3.0, 4.5, 0.22727272727272707, 1.517119933479876, 3.008596498795075, 4.505735555107732, 0.5807696517809381, 0.4545454545454546, 1.5673581499606062, 3.0342398669597523, 4.522898580583909, 0.6818181818181817, 1.6476880873083506, 3.0765038652759484, 4.551359800439628, 0.909090909090909, 1.7539801255977034, 3.1347162999212124, 4.590909090909091, 1.1363636363636362, 1.8818401404076772, 3.2080090888352526, 4.64126300849775, 3.8710390886962163, 1.3636363636363638, 2.02719119281616, 3.2953761746167016, 4.7020744498818186, 1.5909090909090908, 2.1865479037828535, 3.395731399203593, 4.772943718035777, 1.818181818181818, 2.357071302266213, 3.507960251195407, 4.853430243030896, 2.86074890501083, 2.0454545454545454, 2.5365102596915827, 3.6309618970075492, 4.943064261925052, 6.968628299762036, 2.5454545454545454, 3.934379092433164, 3.8497075127708467, 3.8454545454545452, 4.877245191822636, 5.7207247755781525, 5.072319957580172, 5.145454545454545, 6.32586844395676, 6.445454545454545, 7.595050584981627, 7.745454545454544, 8.87316038436202, 9.045454545454545, 10.156828098613927, 12.894963986866879, 11.799191954837632], [3.5293925214189388, 1.5673581499606062, 0.4545454545454546, 1.5673581499606062, 3.0342398669597523, 1.5171199334798762, 0.2272727272727273, 1.5171199334798762, 3.008596498795075, 1.5, 0.0, 1.5, 3.0, 1.517119933479876, 0.22727272727272707, 1.517119933479876, 3.008596498795075, 2.021705564227826, 1.5673581499606062, 0.4545454545454546, 1.5673581499606062, 3.0342398669597523, 1.6476880873083506, 0.6818181818181817, 1.6476880873083506, 3.0765038652759484, 1.7539801255977034, 0.909090909090909, 1.7539801255977034, 3.1347162999212124, 1.8818401404076772, 1.1363636363636362, 1.8818401404076772, 3.2080090888352526, 2.4817390844800853, 2.02719119281616, 1.3636363636363638, 2.02719119281616, 3.2953761746167016, 2.1865479037828535, 1.5909090909090908, 2.1865479037828535, 3.395731399203593, 2.357071302266213, 1.818181818181818, 2.357071302266213, 3.507960251195407, 4.0538727530006, 2.5365102596915827, 2.0454545454545454, 2.5365102596915827, 3.6309618970075492, 5.5953039030385305, 2.9545454545454546, 2.9545454545454546, 3.5454545454545454, 4.127653166286749, 4.127653166286749, 4.923567972401965, 4.845454545454546, 5.359636412979786, 6.145454545454545, 6.6176947872745435, 7.445454545454545, 7.889364113520332, 8.745454545454544, 9.168982927996119, 10.045454545454545, 12.157322091406, 11.834206431044274], [5.020618644176028, 3.0342398669597523, 1.5673581499606062, 0.4545454545454546, 1.5673581499606062, 3.008596498795075, 1.5171199334798762, 0.2272727272727273, 1.5171199334798762, 3.0, 1.5, 0.0, 1.5, 3.008596498795075, 1.517119933479876, 0.22727272727272707, 1.517119933479876, 3.5124483467276426, 3.0342398669597523, 1.5673581499606062, 0.4545454545454546, 1.5673581499606062, 3.0765038652759484, 1.6476880873083506, 0.6818181818181817, 1.6476880873083506, 3.1347162999212124, 1.7539801255977034, 0.909090909090909, 1.7539801255977034, 3.2080090888352526, 1.8818401404076772, 1.1363636363636362, 1.8818401404076772, 1.3539254560935288, 3.2953761746167016, 2.02719119281616, 1.3636363636363638, 2.02719119281616, 3.395731399203593, 2.1865479037828535, 1.5909090909090908, 2.1865479037828535, 3.507960251195407, 2.357071302266213, 1.818181818181818, 2.357071302266213, 5.402211056365779, 3.6309618970075492, 2.5365102596915827, 2.0454545454545454, 2.5365102596915827, 4.307327611695225, 3.934379092433164, 2.5454545454545454, 3.8497075127708467, 4.877245191822636, 3.8454545454545452, 4.5007056335436, 5.072319957580172, 5.956148292255561, 6.32586844395676, 7.109422219668815, 7.595050584981627, 8.306146285474538, 8.87316038436202, 9.529965788704821, 10.156828098613927, 11.56809684631759, 12.057195068424257], [6.515873814788615, 4.522898580583909, 3.0342398669597523, 1.5673581499606062, 0.4545454545454546, 4.505735555107732, 3.008596498795075, 1.5171199334798762, 0.2272727272727273, 4.5, 3.0, 1.5, 0.0, 4.505735555107732, 3.008596498795075, 1.517119933479876, 0.22727272727272707, 5.0087217319820985, 4.522898580583909, 3.0342398669597523, 1.5673581499606062, 0.4545454545454546, 4.551359800439628, 3.0765038652759484, 1.6476880873083506, 0.6818181818181817, 4.590909090909091, 3.1347162999212124, 1.7539801255977034, 0.909090909090909, 4.64126300849775, 3.2080090888352526, 1.8818401404076772, 1.1363636363636362, 1.4167566473745896, 4.7020744498818186, 3.2953761746167016, 2.02719119281616, 1.3636363636363638, 4.772943718035777, 3.395731399203593, 2.1865479037828535, 1.5909090909090908, 4.853430243030896, 3.507960251195407, 2.357071302266213, 1.818181818181818, 6.814241285537273, 4.943064261925052, 3.6309618970075492, 2.5365102596915827, 2.0454545454545454, 3.209161345520971, 5.170042441119338, 2.9545454545454546, 4.644378099798109, 5.919250008333575, 4.127653166286749, 4.557541093699518, 5.698984975595753, 6.835620123978426, 6.838611816022892, 7.860908617807528, 8.027128589254675, 8.957793596399867, 9.245700363228929, 10.102982130731712, 10.483852203498168, 11.150840724240375, 12.458068228401173], [2.11302532712172, 0.6818181818181817, 1.6476880873083506, 3.0765038652759484, 4.551359800439628, 0.45454545454545436, 1.5673581499606062, 3.034239866959752, 4.522898580583909, 0.22727272727272707, 1.517119933479876, 3.008596498795075, 4.505735555107732, 0.0, 1.5, 3.0, 4.5, 0.5046273479812391, 0.22727272727272751, 1.5171199334798762, 3.008596498795075, 4.505735555107732, 0.4545454545454546, 1.5673581499606062, 3.0342398669597523, 4.522898580583909, 0.6818181818181819, 1.6476880873083508, 3.0765038652759484, 4.551359800439628, 0.9090909090909092, 1.7539801255977034, 3.1347162999212124, 4.590909090909091, 3.8088875079822344, 1.1363636363636367, 1.8818401404076774, 3.2080090888352526, 4.64126300849775, 1.3636363636363638, 2.02719119281616, 3.2953761746167016, 4.7020744498818186, 1.5909090909090908, 2.1865479037828535, 3.395731399203593, 4.772943718035777, 2.7029215904215467, 1.8181818181818183, 2.3570713022662133, 3.507960251195407, 4.853430243030896, 6.890078051476863, 2.3181818181818183, 3.7913014839430486, 3.641473682249042, 3.618181818181818, 4.700131877875501, 5.54522614120548, 4.855677430162049, 4.918181818181818, 6.105315391776076, 6.218181818181819, 7.372390979887772, 7.518181818181818, 8.64924398358627, 8.818181818181818, 9.932104218889169, 12.703659578409471, 11.572106419391893], [3.5657924831736705, 1.6476880873083506, 0.6818181818181817, 1.6476880873083506, 3.0765038652759484, 1.5673581499606062, 0.45454545454545436, 1.5673581499606062, 3.034239866959752, 1.517119933479876, 0.22727272727272707, 1.517119933479876, 3.008596498795075, 1.5, 0.0, 1.5, 3.0, 2.0011618526072743, 1.5171199334798762, 0.22727272727272751, 1.5171199334798762, 3.008596498795075, 1.5673581499606062, 0.4545454545454546, 1.5673581499606062, 3.0342398669597523, 1.6476880873083508, 0.6818181818181819, 1.6476880873083508, 3.0765038652759484, 1.7539801255977034, 0.9090909090909092, 1.7539801255977034, 3.1347162999212124, 2.3836336349542333, 1.8818401404076774, 1.1363636363636367, 1.8818401404076774, 3.2080090888352526, 2.02719119281616, 1.3636363636363638, 2.02719119281616, 3.2953761746167016, 2.1865479037828535, 1.5909090909090908, 2.1865479037828535, 3.395731399203593, 3.9440822917336478, 2.3570713022662133, 1.8181818181818183, 2.3570713022662133, 3.507960251195407, 5.497164809477435, 2.7611531906340803, 2.7611531906340803, 3.3181818181818183, 3.916789459419728, 3.916789459419728, 4.718512750651132, 4.618181818181818, 5.141839398181765, 5.918181818181818, 6.39654478011113, 7.218181818181819, 7.666358839190849, 8.518181818181818, 8.944849388252011, 9.818181818181818, 11.95421895799593, 11.607805910127702], [5.04627347981239, 3.0765038652759484, 1.6476880873083506, 0.6818181818181817, 1.6476880873083506, 3.034239866959752, 1.5673581499606062, 0.45454545454545436, 1.5673581499606062, 3.008596498795075, 1.517119933479876, 0.22727272727272707, 1.517119933479876, 3.0, 1.5, 0.0, 1.5, 3.5006640456248554, 3.008596498795075, 1.5171199334798762, 0.22727272727272751, 1.5171199334798762, 3.0342398669597523, 1.5673581499606062, 0.4545454545454546, 1.5673581499606062, 3.0765038652759484, 1.6476880873083508, 0.6818181818181819, 1.6476880873083508, 3.1347162999212124, 1.7539801255977034, 0.9090909090909092, 1.7539801255977034, 1.1643859166561359, 3.2080090888352526, 1.8818401404076774, 1.1363636363636367, 1.8818401404076774, 3.2953761746167016, 2.02719119281616, 1.3636363636363638, 2.02719119281616, 3.395731399203593, 2.1865479037828535, 1.5909090909090908, 2.1865479037828535, 5.320318141236193, 3.507960251195407, 2.3570713022662133, 1.8181818181818183, 2.3570713022662133, 4.179050888619444, 3.7913014839430486, 2.3181818181818183, 3.641473682249042, 4.700131877875501, 3.618181818181818, 4.275417195901005, 4.855677430162049, 5.760947178780085, 6.105315391776076, 6.90404121685024, 7.372390979887772, 8.094631421580582, 8.64924398358627, 9.31452256310072, 9.932104218889169, 11.354458820538474, 11.835061010094549], [6.5356618664874215, 4.551359800439628, 3.0765038652759484, 1.6476880873083506, 0.6818181818181817, 4.522898580583909, 3.034239866959752, 1.5673581499606062, 0.45454545454545436, 4.505735555107732, 3.008596498795075, 1.517119933479876, 0.22727272727272707, 4.5, 3.0, 1.5, 0.0, 5.000464854424094, 4.505735555107732, 3.008596498795075, 1.5171199334798762, 0.22727272727272751, 4.522898580583909, 3.0342398669597523, 1.5673581499606062, 0.4545454545454546, 4.551359800439628, 3.0765038652759484, 1.6476880873083508, 0.6818181818181819, 4.590909090909091, 3.1347162999212124, 1.7539801255977034, 0.9090909090909092, 1.2368831068978052, 4.64126300849775, 3.2080090888352526, 1.8818401404076774, 1.1363636363636367, 4.7020744498818186, 3.2953761746167016, 2.02719119281616, 1.3636363636363638, 4.772943718035777, 3.395731399203593, 2.1865479037828535, 1.5909090909090908, 6.749502583447683, 4.853430243030896, 3.507960251195407, 2.3570713022662133, 1.8181818181818183, 3.0348165870089816, 5.062012143619251, 2.7611531906340803, 4.473290799681192, 5.774187360089858, 3.916789459419728, 4.3352072407158015, 5.507050327152016, 6.666221748238969, 6.635124417300542, 7.675661868788056, 7.816786344805043, 8.762023616222434, 9.03102549479312, 9.900016695870386, 10.266289213482933, 10.9290493328056, 12.243209553794491], [1.6770509831248424, 0.9013878188659973, 2.1360009363293826, 3.5794552658190883, 5.055937104039171, 0.7233559301290704, 2.067182575790753, 3.5388195491792023, 5.02725012324361, 0.5807696517809381, 2.021705564227826, 3.5124483467276426, 5.0087217319820985, 0.5046273479812391, 2.0011618526072743, 3.5006640456248554, 5.000464854424094, 0.0, 0.5246998354825089, 2.006317501632125, 3.5036138367912883, 5.002530351467683, 0.6318835806571746, 2.0369773831596985, 3.521260691784142, 5.014905468650843, 0.7915488530576362, 2.0920204556305992, 3.5533856512876363, 5.037514226955281, 0.9783292386377673, 2.1695916895060123, 3.5996011027853565, 5.070219728884888, 4.280951341017906, 1.1794118859390113, 2.2673800732771325, 3.6593732245692316, 5.112828218969831, 1.3885973063991024, 2.382897916264741, 3.7320507069624393, 5.165094624432242, 1.6027159283876347, 2.5137021198040626, 3.8168964286586866, 5.226729220756269, 2.3048861143232218, 1.8200274723201295, 2.6575364531836625, 3.913118960624632, 5.297405025104273, 7.342900671650867, 2.3048861143232218, 4.16082924427331, 3.816084380618437, 3.5850383540486703, 4.985228179331413, 5.831373767073819, 4.970160963188214, 4.875705077217037, 6.182434795450737, 6.170291727301069, 7.424452841792451, 7.466759672039806, 8.683461291443637, 8.764274071479052, 9.95301461869719, 12.926478421447142, 11.535413709373257], [2.1969174497444675, 0.9090909090909092, 1.7539801255977034, 3.1347162999212124, 4.590909090909091, 0.6818181818181819, 1.6476880873083508, 3.0765038652759484, 4.551359800439628, 0.4545454545454546, 1.5673581499606062, 3.0342398669597523, 4.522898580583909, 0.22727272727272751, 1.5171199334798762, 3.008596498795075, 4.505735555107732, 0.5246998354825089, 0.0, 1.5, 3.0, 4.5, 0.22727272727272707, 1.517119933479876, 3.008596498795075, 4.505735555107732, 0.45454545454545436, 1.5673581499606062, 3.034239866959752, 4.522898580583909, 0.6818181818181817, 1.6476880873083506, 3.0765038652759484, 4.551359800439628, 3.759469411477657, 0.9090909090909092, 1.7539801255977034, 3.1347162999212124, 4.590909090909091, 1.1363636363636362, 1.8818401404076772, 3.2080090888352526, 4.64126300849775, 1.3636363636363633, 2.0271911928161597, 3.295376174616701, 4.7020744498818186, 2.5555805085219268, 1.5909090909090908, 2.1865479037828535, 3.395731399203593, 4.772943718035777, 6.818201853550982, 2.090909090909091, 3.6567609747488663, 3.4356540873994375, 3.3909090909090907, 4.527500906991617, 5.373609563545486, 4.640052008827929, 4.6909090909090905, 5.885273679362051, 5.990909090909091, 7.150021672509488, 7.29090909090909, 8.425507317290691, 8.59090909090909, 9.707499018289038, 12.513558364060945, 11.345028380814258], [3.6161369278543276, 1.7539801255977034, 0.9090909090909092, 1.7539801255977034, 3.1347162999212124, 1.6476880873083508, 0.6818181818181819, 1.6476880873083508, 3.0765038652759484, 1.5673581499606062, 0.4545454545454546, 1.5673581499606062, 3.0342398669597523, 1.5171199334798762, 0.22727272727272751, 1.5171199334798762, 3.008596498795075, 2.006317501632125, 1.5, 0.0, 1.5, 3.0, 1.517119933479876, 0.22727272727272707, 1.517119933479876, 3.008596498795075, 1.5673581499606062, 0.45454545454545436, 1.5673581499606062, 3.034239866959752, 1.6476880873083506, 0.6818181818181817, 1.6476880873083506, 3.0765038652759484, 2.303843639021142, 1.7539801255977034, 0.9090909090909092, 1.7539801255977034, 3.1347162999212124, 1.8818401404076772, 1.1363636363636362, 1.8818401404076772, 3.2080090888352526, 2.0271911928161597, 1.3636363636363633, 2.0271911928161597, 3.295376174616701, 3.8446055370528183, 2.1865479037828535, 1.5909090909090908, 2.1865479037828535, 3.395731399203593, 5.406803297964513, 2.5733054281305745, 2.5733054281305745, 3.090909090909091, 3.7078652163758483, 3.7078652163758483, 4.515585162786347, 4.390909090909091, 4.924898790754339, 5.6909090909090905, 6.175839354738527, 6.990909090909091, 7.443611715551854, 8.29090909090909, 8.720878339265171, 9.59090909090909, 11.752000984613396, 11.381440156102633], [5.081972676135885, 3.1347162999212124, 1.7539801255977034, 0.9090909090909092, 1.7539801255977034, 3.0765038652759484, 1.6476880873083508, 0.6818181818181819, 1.6476880873083508, 3.0342398669597523, 1.5673581499606062, 0.4545454545454546, 1.5673581499606062, 3.008596498795075, 1.5171199334798762, 0.22727272727272751, 1.5171199334798762, 3.5036138367912883, 3.0, 1.5, 0.0, 1.5, 3.008596498795075, 1.517119933479876, 0.22727272727272707, 1.517119933479876, 3.034239866959752, 1.5673581499606062, 0.45454545454545436, 1.5673581499606062, 3.0765038652759484, 1.6476880873083506, 0.6818181818181817, 1.6476880873083506, 0.9908485102578475, 3.1347162999212124, 1.7539801255977034, 0.9090909090909092, 1.7539801255977034, 3.2080090888352526, 1.8818401404076772, 1.1363636363636362, 1.8818401404076772, 3.295376174616701, 2.0271911928161597, 1.3636363636363633, 2.0271911928161597, 5.246998354825089, 3.395731399203593, 2.1865479037828535, 1.5909090909090908, 2.1865479037828535, 4.0594540630476175, 3.6567609747488663, 2.090909090909091, 3.4356540873994375, 4.527500906991617, 3.3909090909090907, 4.050350476603834, 4.640052008827929, 5.568179962893939, 5.885273679362051, 6.7000740097059515, 7.150021672509488, 7.883993618205231, 8.425507317290691, 9.099654884019747, 9.707499018289038, 11.141360390632235, 11.613125810582183], [6.563264910164128, 4.590909090909091, 3.1347162999212124, 1.7539801255977034, 0.9090909090909092, 4.551359800439628, 3.0765038652759484, 1.6476880873083508, 0.6818181818181819, 4.522898580583909, 3.0342398669597523, 1.5673581499606062, 0.4545454545454546, 4.505735555107732, 3.008596498795075, 1.5171199334798762, 0.22727272727272751, 5.002530351467683, 4.5, 3.0, 1.5, 0.0, 4.505735555107732, 3.008596498795075, 1.517119933479876, 0.22727272727272707, 4.522898580583909, 3.034239866959752, 1.5673581499606062, 0.45454545454545436, 4.551359800439628, 3.0765038652759484, 1.6476880873083506, 0.6818181818181817, 1.0751120999701442, 4.590909090909091, 3.1347162999212124, 1.7539801255977034, 0.9090909090909092, 4.64126300849775, 3.2080090888352526, 1.8818401404076772, 1.1363636363636362, 4.7020744498818186, 3.295376174616701, 2.0271911928161597, 1.3636363636363633, 6.6918601102785455, 4.772943718035777, 3.395731399203593, 2.1865479037828535, 1.5909090909090908, 2.867893421504308, 4.962046032278044, 2.5733054281305745, 4.307402814720776, 5.634559828665404, 3.7078652163758483, 4.11341325474035, 5.31790209054549, 6.500355997879927, 6.433229848294846, 7.492729258123317, 7.607418084827163, 8.567809251605734, 8.816982111455086, 9.698129665469752, 10.049156043672653, 10.707487827008887, 12.028807179345533], [2.3002874416145445, 1.1363636363636362, 1.8818401404076772, 3.2080090888352526, 4.64126300849775, 0.909090909090909, 1.7539801255977034, 3.1347162999212124, 4.590909090909091, 0.6818181818181817, 1.6476880873083506, 3.0765038652759484, 4.551359800439628, 0.4545454545454546, 1.5673581499606062, 3.0342398669597523, 4.522898580583909, 0.6318835806571746, 0.22727272727272707, 1.517119933479876, 3.008596498795075, 4.505735555107732, 0.0, 1.5, 3.0, 4.5, 0.2272727272727273, 1.5171199334798762, 3.008596498795075, 4.505735555107732, 0.4545454545454546, 1.5673581499606062, 3.0342398669597523, 4.522898580583909, 3.72329185645353, 0.6818181818181821, 1.6476880873083508, 3.0765038652759484, 4.551359800439628, 0.9090909090909092, 1.7539801255977034, 3.1347162999212124, 4.590909090909091, 1.1363636363636362, 1.8818401404076772, 3.2080090888352526, 4.64126300849775, 2.4206412646716995, 1.3636363636363638, 2.02719119281616, 3.2953761746167016, 4.7020744498818186, 6.75321281030095, 1.8636363636363638, 3.5317333557146933, 3.232709888489918, 3.1636363636363636, 4.359884750922014, 5.206258955418022, 4.42559236358197, 4.463636363636363, 5.665802883444639, 5.763636363636364, 6.927970616241391, 7.063636363636363, 8.20196509410755, 8.363636363636363, 9.483020929556847, 12.32471601954903, 11.117958298462666], [3.6798535723652903, 1.8818401404076772, 1.1363636363636362, 1.8818401404076772, 3.2080090888352526, 1.7539801255977034, 0.909090909090909, 1.7539801255977034, 3.1347162999212124, 1.6476880873083506, 0.6818181818181817, 1.6476880873083506, 3.0765038652759484, 1.5673581499606062, 0.4545454545454546, 1.5673581499606062, 3.0342398669597523, 2.0369773831596985, 1.517119933479876, 0.22727272727272707, 1.517119933479876, 3.008596498795075, 1.5, 0.0, 1.5, 3.0, 1.5171199334798762, 0.2272727272727273, 1.5171199334798762, 3.008596498795075, 1.5673581499606062, 0.4545454545454546, 1.5673581499606062, 3.0342398669597523, 2.244323395938115, 1.6476880873083508, 0.6818181818181821, 1.6476880873083508, 3.0765038652759484, 1.7539801255977034, 0.9090909090909092, 1.7539801255977034, 3.1347162999212124, 1.8818401404076772, 1.1363636363636362, 1.8818401404076772, 3.2080090888352526, 3.7562619892961946, 2.02719119281616, 1.3636363636363638, 2.02719119281616, 3.2953761746167016, 5.324615352147678, 2.392308612171049, 2.392308612171049, 2.8636363636363638, 3.5012276477433333, 3.5012276477433333, 4.315085391022877, 4.163636363636364, 4.708932956283924, 5.463636363636363, 5.955627937693171, 6.763636363636364, 7.2211466317812665, 8.063636363636363, 8.497082630123147, 9.363636363636363, 11.550714660752515, 11.15511128549686], [5.127506442126581, 3.2080090888352526, 1.8818401404076772, 1.1363636363636362, 1.8818401404076772, 3.1347162999212124, 1.7539801255977034, 0.909090909090909, 1.7539801255977034, 3.0765038652759484, 1.6476880873083506, 0.6818181818181817, 1.6476880873083506, 3.0342398669597523, 1.5673581499606062, 0.4545454545454546, 1.5673581499606062, 3.521260691784142, 3.008596498795075, 1.517119933479876, 0.22727272727272707, 1.517119933479876, 3.0, 1.5, 0.0, 1.5, 3.008596498795075, 1.5171199334798762, 0.2272727272727273, 1.5171199334798762, 3.0342398669597523, 1.5673581499606062, 0.4545454545454546, 1.5673581499606062, 0.8432513046400874, 3.0765038652759484, 1.6476880873083508, 0.6818181818181821, 1.6476880873083508, 3.1347162999212124, 1.7539801255977034, 0.9090909090909092, 1.7539801255977034, 3.2080090888352526, 1.8818401404076772, 1.1363636363636362, 1.8818401404076772, 5.182615568632445, 3.2953761746167016, 2.02719119281616, 1.3636363636363638, 2.02719119281616, 3.9493257697283743, 3.5317333557146933, 1.8636363636363638, 3.232709888489918, 4.359884750922014, 3.1636363636363636, 3.825544608649565, 4.42559236358197, 5.378108365101697, 5.665802883444639, 6.497653740561389, 6.927970616241391, 7.674305094123241, 8.20196509410755, 8.885404505318848, 9.483020929556847, 10.928833120956588, 11.391401092810487], [6.5985848720804965, 4.64126300849775, 3.2080090888352526, 1.8818401404076772, 1.1363636363636362, 4.590909090909091, 3.1347162999212124, 1.7539801255977034, 0.909090909090909, 4.551359800439628, 3.0765038652759484, 1.6476880873083506, 0.6818181818181817, 4.522898580583909, 3.0342398669597523, 1.5673581499606062, 0.4545454545454546, 5.014905468650843, 4.505735555107732, 3.008596498795075, 1.517119933479876, 0.22727272727272707, 4.5, 3.0, 1.5, 0.0, 4.505735555107732, 3.008596498795075, 1.5171199334798762, 0.2272727272727273, 4.522898580583909, 3.0342398669597523, 1.5673581499606062, 0.4545454545454546, 0.9408283690446558, 4.551359800439628, 3.0765038652759484, 1.6476880873083508, 0.6818181818181821, 4.590909090909091, 3.1347162999212124, 1.7539801255977034, 0.9090909090909092, 4.64126300849775, 3.2080090888352526, 1.8818401404076772, 1.1363636363636362, 6.641498636018184, 4.7020744498818186, 3.2953761746167016, 2.02719119281616, 1.3636363636363638, 2.709763720798272, 4.870640665853699, 2.392308612171049, 4.147338088839695, 5.500781311897639, 3.5012276477433333, 3.8922514273510713, 5.131848377397275, 6.338300212736602, 6.2330828900352016, 7.312284467403563, 7.399106490617913, 8.37525872302975, 8.603617344173244, 9.497389811055482, 9.832481169593626, 10.486170778568901, 11.81488594624377], [2.4206412646716995, 1.3636363636363635, 2.0271911928161597, 3.295376174616701, 4.7020744498818186, 1.1363636363636362, 1.8818401404076772, 3.2080090888352526, 4.64126300849775, 0.909090909090909, 1.7539801255977034, 3.1347162999212124, 4.590909090909091, 0.6818181818181819, 1.6476880873083508, 3.0765038652759484, 4.551359800439628, 0.7915488530576362, 0.45454545454545436, 1.5673581499606062, 3.034239866959752, 4.522898580583909, 0.2272727272727273, 1.5171199334798762, 3.008596498795075, 4.505735555107732, 0.0, 1.5, 3.0, 4.5, 0.2272727272727273, 1.5171199334798762, 3.008596498795075, 4.505735555107732, 3.7007431721147785, 0.4545454545454548, 1.5673581499606062, 3.0342398669597523, 4.522898580583909, 0.6818181818181819, 1.6476880873083508, 3.0765038652759484, 4.551359800439628, 0.909090909090909, 1.7539801255977034, 3.1347162999212124, 4.590909090909091, 2.3002874416145445, 1.1363636363636365, 1.8818401404076774, 3.2080090888352526, 4.64126300849775, 6.695311478324487, 1.6363636363636365, 3.4172629325840913, 3.0332182946732495, 2.9363636363636365, 4.1978841581156905, 5.043598979442872, 4.212476549214957, 4.236363636363636, 5.446972015003511, 5.536363636363637, 6.7062694239626905, 6.836363636363636, 7.978633657545777, 8.136363636363637, 9.258679198237067, 12.13719130521643, 10.890896669987864], [3.7562619892961946, 2.0271911928161597, 1.3636363636363635, 2.0271911928161597, 3.295376174616701, 1.8818401404076772, 1.1363636363636362, 1.8818401404076772, 3.2080090888352526, 1.7539801255977034, 0.909090909090909, 1.7539801255977034, 3.1347162999212124, 1.6476880873083508, 0.6818181818181819, 1.6476880873083508, 3.0765038652759484, 2.0920204556305992, 1.5673581499606062, 0.45454545454545436, 1.5673581499606062, 3.034239866959752, 1.5171199334798762, 0.2272727272727273, 1.5171199334798762, 3.008596498795075, 1.5, 0.0, 1.5, 3.0, 1.5171199334798762, 0.2272727272727273, 1.5171199334798762, 3.008596498795075, 2.206713684005284, 1.5673581499606062, 0.4545454545454548, 1.5673581499606062, 3.0342398669597523, 1.6476880873083508, 0.6818181818181819, 1.6476880873083508, 3.0765038652759484, 1.7539801255977034, 0.909090909090909, 1.7539801255977034, 3.1347162999212124, 3.6798535723652903, 1.8818401404076774, 1.1363636363636365, 1.8818401404076774, 3.2080090888352526, 5.250984781819265, 2.2198391721954147, 2.2198391721954147, 2.6363636363636367, 3.2973066895511374, 3.2973066895511374, 4.117368126168205, 3.9363636363636365, 4.494082426870265, 5.236363636363636, 5.735967426167062, 6.536363636363637, 6.998990482104904, 7.836363636363636, 8.273476489550236, 9.136363636363637, 11.350409551686491, 10.928821589806345], [5.182615568632445, 3.295376174616701, 2.0271911928161597, 1.3636363636363635, 2.0271911928161597, 3.2080090888352526, 1.8818401404076772, 1.1363636363636362, 1.8818401404076772, 3.1347162999212124, 1.7539801255977034, 0.909090909090909, 1.7539801255977034, 3.0765038652759484, 1.6476880873083508, 0.6818181818181819, 1.6476880873083508, 3.5533856512876363, 3.034239866959752, 1.5673581499606062, 0.45454545454545436, 1.5673581499606062, 3.008596498795075, 1.5171199334798762, 0.2272727272727273, 1.5171199334798762, 3.0, 1.5, 0.0, 1.5, 3.008596498795075, 1.5171199334798762, 0.2272727272727273, 1.5171199334798762, 0.7373401795631307, 3.0342398669597523, 1.5673581499606062, 0.4545454545454548, 1.5673581499606062, 3.0765038652759484, 1.6476880873083508, 0.6818181818181819, 1.6476880873083508, 3.1347162999212124, 1.7539801255977034, 0.909090909090909, 1.7539801255977034, 5.127506442126581, 3.2080090888352526, 1.8818401404076774, 1.1363636363636365, 1.8818401404076774, 3.8494787395193377, 3.4172629325840913, 1.6363636363636365, 3.0332182946732495, 4.1978841581156905, 2.9363636363636365, 3.6010484455689533, 4.212476549214957, 5.191028497273361, 5.446972015003511, 6.296929594179182, 6.7062694239626905, 7.465645837340198, 7.978633657545777, 8.671817181141476, 9.258679198237067, 10.71691099163423, 11.169899391099358], [6.641498636018184, 4.7020744498818186, 3.295376174616701, 2.0271911928161597, 1.3636363636363635, 4.64126300849775, 3.2080090888352526, 1.8818401404076772, 1.1363636363636362, 4.590909090909091, 3.1347162999212124, 1.7539801255977034, 0.909090909090909, 4.551359800439628, 3.0765038652759484, 1.6476880873083508, 0.6818181818181819, 5.037514226955281, 4.522898580583909, 3.034239866959752, 1.5673581499606062, 0.45454545454545436, 4.505735555107732, 3.008596498795075, 1.5171199334798762, 0.2272727272727273, 4.5, 3.0, 1.5, 0.0, 4.505735555107732, 3.008596498795075, 1.5171199334798762, 0.2272727272727273, 0.847204696410618, 4.522898580583909, 3.0342398669597523, 1.5673581499606062, 0.4545454545454548, 4.551359800439628, 3.0765038652759484, 1.6476880873083508, 0.6818181818181819, 4.590909090909091, 3.1347162999212124, 1.7539801255977034, 0.909090909090909, 6.5985848720804965, 4.64126300849775, 3.2080090888352526, 1.8818401404076774, 1.1363636363636365, 2.562056196324599, 4.788286327112574, 2.2198391721954147, 3.993796842997963, 5.373288695478652, 3.2973066895511374, 3.671835988750488, 4.949238191649898, 6.180354104701779, 6.034857424349925, 7.134516263493244, 7.191943380392874, 8.184489462916734, 8.390982960376116, 9.29787143507268, 9.616295570325809, 10.265113999084724, 11.60147247002493], [2.5555805085219268, 1.5909090909090908, 2.1865479037828535, 3.395731399203593, 4.772943718035777, 1.3636363636363635, 2.0271911928161597, 3.295376174616701, 4.7020744498818186, 1.1363636363636362, 1.8818401404076772, 3.2080090888352526, 4.64126300849775, 0.9090909090909092, 1.7539801255977034, 3.1347162999212124, 4.590909090909091, 0.9783292386377673, 0.6818181818181817, 1.6476880873083506, 3.0765038652759484, 4.551359800439628, 0.4545454545454546, 1.5673581499606062, 3.0342398669597523, 4.522898580583909, 0.2272727272727273, 1.5171199334798762, 3.008596498795075, 4.505735555107732, 0.0, 1.5, 3.0, 4.5, 3.6920730746694463, 0.22727272727272751, 1.5171199334798762, 3.008596498795075, 4.505735555107732, 0.4545454545454546, 1.5673581499606062, 3.0342398669597523, 4.522898580583909, 0.6818181818181817, 1.6476880873083506, 3.0765038652759484, 4.551359800439628, 2.1969174497444675, 0.9090909090909092, 1.75