totalHoles = 70;
zeroHoleID = 31;
C = [[0.0, 0.5, 3.0, 5.0, 5.5, 8.0, 1.0809268142560708, 3.1493495801161515, 5.582866895939556, 8.057195714253053, 2.692582403567252, 7.566372975210778, 1.5, 5.220153254455275, 3.5600015605489714, 5.824397918335518, 8.226397213307362, 3.5355339059327378, 7.905694150420948, 4.155192534648665, 6.206095793653205, 8.500919067959652, 4.8676939555034116, 6.704061787039589, 8.870988921447509, 4.125, 6.481946081232087, 5.65332375195729, 7.294523249976275, 9.325238304968106, 5.702247363978522, 9.083811149512082, 6.485560885536423, 7.956915231419774, 9.852030247619016, 7.348587354798957, 8.674775853652422, 10.440389653222294, 6.75, 8.40014880820572, 9.848852666419534, 8.232726023485647, 9.435453236478775, 11.080513425729775, 8.143248737451165, 10.784827305061496, 9.904004961883555, 9.13184674641444, 10.229400031282383, 11.763954479680717, 9.375, 10.625, 11.625219845783063, 10.041925999417531, 11.049446944430196, 12.48360035317447, 12.91412522806968, 10.671955069245747, 12.80197738632591, 10.960234309133686, 11.890194956816778, 13.233545863112846, 11.592709709648597, 11.884864324004713, 12.747548783981962, 14.0089257261219, 12.0, 13.0, 13.238202294873727, 15.008331019803634], [0.5, 0.0, 2.5, 4.5, 5.0, 7.5, 0.9583333333333335, 2.677387304402891, 5.091011960089839, 7.560978956311, 2.23606797749979, 7.0710678118654755, 1.5811388300841898, 4.743416490252569, 3.1501763619059666, 5.354774608805782, 7.741034240404257, 3.2015621187164243, 7.433034373659253, 3.8099376635320428, 5.767635997529664, 8.032161913208672, 4.5765100725819945, 6.300352723811933, 8.422852512328852, 4.155192534648665, 6.10455772353739, 5.404634071280353, 6.925320891081109, 8.900003901372429, 5.501420271166347, 8.675576349730317, 6.269968101992227, 7.6198753270640855, 9.4505290857179, 7.159031785870986, 8.366704017180906, 10.06239216643394, 6.768493185340442, 8.112490369793976, 9.499015787667561, 8.063980268935298, 9.153020145163989, 10.72510036213078, 8.00390529679106, 10.443299287102711, 9.618992373796722, 8.980012527830905, 9.969484690795207, 11.429812990596128, 9.3883238653127, 10.399068467896535, 11.337944543890467, 9.90405360333726, 10.809268142560706, 12.169234888758528, 12.607504757845998, 10.56601272950208, 12.51561524656299, 10.834054463178184, 11.667336290306848, 12.937416129626161, 11.449927166994316, 11.76860229593982, 12.539936203984453, 13.729530217745982, 12.010412149464313, 12.816005617976296, 13.152946437965905, 14.7648230602334], [3.0, 2.5, 0.0, 2.0, 2.5, 5.0, 2.677387304402891, 0.9583333333333335, 2.677387304402891, 5.091011960089839, 1.118033988749895, 4.6097722286464435, 3.3541019662496847, 2.5, 1.916666666666667, 3.1501763619059666, 5.354774608805782, 2.5495097567963922, 5.1478150704935, 2.875, 3.8099376635320428, 5.767635997529664, 3.833333333333334, 4.5765100725819945, 6.300352723811933, 5.100551440775791, 4.584280205223062, 4.791666666666667, 5.404634071280353, 6.925320891081109, 5.149332481011495, 6.82023643285187, 5.75, 6.269968101992227, 7.6198753270640855, 6.708333333333334, 7.159031785870986, 8.366704017180906, 7.386643351347079, 7.0400639201643616, 7.993016413216587, 7.666666666666668, 8.063980268935298, 9.153020145163989, 7.766112283504533, 8.96172416446746, 8.497265106955687, 8.625, 8.980012527830905, 9.969484690795207, 9.843303561305015, 9.585959785018922, 10.15210503137511, 9.583333333333334, 9.90405360333726, 10.809268142560706, 11.283700868213758, 10.387041205271114, 11.308873728183546, 10.541666666666668, 10.834054463178184, 11.667336290306848, 11.052167240679207, 11.5, 11.76860229593982, 12.539936203984453, 12.36931687685298, 12.165525060596439, 13.009611831257688, 13.756816492197604], [5.0, 4.5, 2.0, 0.0, 0.5, 3.0, 4.600913254754731, 2.2177472303618773, 1.0809268142560708, 3.1493495801161515, 2.692582403567252, 2.692582403567252, 5.220153254455275, 1.5, 2.7701283564324437, 1.9808107206674523, 3.5600015605489714, 3.5355339059327378, 3.5355339059327378, 3.502231431530475, 2.918154382482188, 4.155192534648665, 4.323707257024283, 3.865804501581068, 4.8676939555034116, 6.481946081232087, 4.125, 5.192308681544699, 4.817682995428865, 5.65332375195729, 5.702247363978522, 5.702247363978522, 6.0878978309429606, 5.771698190307598, 6.485560885536423, 7.000124006838102, 6.7269410664217295, 7.348587354798957, 8.40014880820572, 6.75, 7.1981886429867545, 7.923242882669809, 7.682953714410741, 8.232726023485647, 8.143248737451165, 8.143248737451165, 8.05892761516496, 8.853848033482391, 8.639480597813737, 9.13184674641444, 10.625, 9.375, 9.574875280559052, 9.789804787521444, 9.596367947185945, 10.041925999417531, 10.536607069389209, 10.671955069245747, 10.671955069245747, 10.729712769273515, 10.553517712644972, 10.960234309133686, 11.135082199297731, 11.672617529928752, 11.510864433221338, 11.884864324004713, 13.0, 12.0, 13.238202294873727, 13.238202294873727], [5.5, 5.0, 2.5, 0.5, 0.0, 2.5, 5.091011960089839, 2.677387304402891, 0.9583333333333335, 2.677387304402891, 3.1622776601683795, 2.23606797749979, 5.70087712549569, 1.5811388300841898, 3.1501763619059666, 1.916666666666667, 3.1501763619059666, 3.905124837953327, 3.2015621187164243, 3.8099376635320428, 2.875, 3.8099376635320428, 4.5765100725819945, 3.833333333333334, 4.5765100725819945, 6.875, 4.155192534648665, 5.404634071280353, 4.791666666666667, 5.404634071280353, 5.938486760109852, 5.501420271166347, 6.269968101992227, 5.75, 6.269968101992227, 7.159031785870986, 6.708333333333334, 7.159031785870986, 8.707037383633999, 6.768493185340442, 7.074271823272126, 8.063980268935298, 7.666666666666668, 8.063980268935298, 8.31038506929733, 8.00390529679106, 8.023840371581043, 8.980012527830905, 8.625, 8.980012527830905, 10.869251354164186, 9.3883238653127, 9.491126732680796, 9.90405360333726, 9.583333333333334, 9.90405360333726, 10.401664979586025, 10.800028935146424, 10.56601272950208, 10.834054463178184, 10.541666666666668, 10.834054463178184, 11.21159976552904, 11.76860229593982, 11.5, 11.76860229593982, 13.200378782444085, 12.010412149464313, 13.341664064126334, 13.152946437965905], [8.0, 7.5, 5.0, 3.0, 2.5, 0.0, 7.560978956311, 5.091011960089839, 2.677387304402891, 0.9583333333333335, 5.5901699437494745, 1.118033988749895, 8.139410298049853, 3.3541019662496847, 5.354774608805782, 3.1501763619059666, 1.916666666666667, 6.041522986797286, 2.5495097567963922, 5.767635997529664, 3.8099376635320428, 2.875, 6.300352723811933, 4.5765100725819945, 3.833333333333334, 9.000868013697346, 5.100551440775791, 6.925320891081109, 5.404634071280353, 4.791666666666667, 7.517687476877447, 5.149332481011495, 7.6198753270640855, 6.269968101992227, 5.75, 8.366704017180906, 7.159031785870986, 6.708333333333334, 10.46721070772916, 7.386643351347079, 6.978705630497256, 9.153020145163989, 8.063980268935298, 7.666666666666668, 9.503288904374106, 7.766112283504533, 8.310265598603992, 9.969484690795207, 8.980012527830905, 8.625, 12.324391465707343, 9.843303561305015, 9.465608102152986, 10.809268142560706, 9.90405360333726, 9.583333333333334, 10.078063475279603, 11.74268389253496, 10.387041205271114, 11.667336290306848, 10.834054463178184, 10.541666666666668, 11.905861492931916, 12.539936203984453, 11.76860229593982, 11.5, 14.422205101855956, 12.36931687685298, 14.115594213493104, 13.009611831257688], [1.0809268142560708, 0.9583333333333335, 2.677387304402891, 4.600913254754731, 5.091011960089839, 7.560978956311, 0.0, 2.5, 5.0, 7.5, 2.0004339806929674, 7.000124006838101, 0.7371585838730887, 4.532483069772879, 2.677387304402891, 5.091011960089839, 7.560978956311, 2.52522001241696, 7.167756700049962, 3.1501763619059666, 5.354774608805782, 7.741034240404257, 3.8099376635320428, 5.767635997529664, 8.032161913208672, 3.2058973436118907, 5.50252467307306, 4.576510072581994, 6.300352723811933, 8.422852512328852, 4.6218082079540155, 8.146232939899958, 5.404634071280353, 6.925320891081109, 8.900003901372429, 6.269968101992227, 7.6198753270640855, 9.4505290857179, 5.813209335451268, 7.334398596870623, 8.826481399284221, 7.159031785870986, 8.366704017180906, 10.06239216643394, 7.080023736620598, 9.753293603245577, 8.836073370792297, 8.063980268935296, 9.153020145163987, 10.72510036213078, 8.431505071917929, 9.544122682456349, 10.557467965915924, 8.980012527830905, 9.969484690795207, 11.429812990596128, 11.855455793086373, 9.626713411705529, 11.733439866940602, 9.90405360333726, 10.809268142560706, 12.169234888758528, 10.52906558982046, 10.834054463178182, 11.667336290306844, 12.937416129626158, 11.052981623877685, 11.923439217682866, 12.206626729408542, 13.928450599801511], [3.1493495801161515, 2.677387304402891, 0.9583333333333335, 2.2177472303618773, 2.677387304402891, 5.091011960089839, 2.5, 0.0, 2.5, 5.0, 0.5017331074496789, 4.500192897100202, 3.048508287306724, 2.072052793192726, 0.9583333333333335, 2.677387304402891, 5.091011960089839, 1.6207208615647268, 4.7567568900576696, 1.9166666666666665, 3.1501763619059666, 5.354774608805782, 2.8750000000000004, 3.8099376635320428, 5.767635997529664, 4.362084109434134, 3.745367509040705, 3.8333333333333335, 4.576510072581994, 6.300352723811933, 4.196559437338057, 6.132789830991366, 4.791666666666666, 5.404634071280353, 6.925320891081109, 5.75, 6.269968101992227, 7.6198753270640855, 6.522530396845826, 6.127267154105309, 7.180792737539672, 6.708333333333334, 7.159031785870986, 8.366704017180906, 6.810046704033027, 8.147191915691632, 7.59965082255441, 7.666666666666666, 8.063980268935296, 9.153020145163987, 8.935338705263375, 8.651027556179542, 9.272344899704558, 8.625, 8.980012527830905, 9.969484690795207, 10.436693016757927, 9.429931659938534, 10.43664750344243, 9.583333333333334, 9.90405360333726, 10.809268142560706, 10.095087457828656, 10.541666666666666, 10.834054463178182, 11.667336290306844, 11.441957995805515, 11.22133694252952, 12.052042819004216, 12.855027658901053], [5.582866895939556, 5.091011960089839, 2.677387304402891, 1.0809268142560708, 0.9583333333333335, 2.677387304402891, 5.0, 2.5, 0.0, 2.5, 3.0002893378991153, 2.0004339806929674, 5.526608614492054, 0.7371585838730887, 2.677387304402891, 0.9583333333333335, 2.677387304402891, 3.3729417592231132, 2.52522001241696, 3.1501763619059666, 1.9166666666666665, 3.1501763619059666, 3.8099376635320428, 2.8750000000000004, 3.8099376635320428, 6.346477588219924, 3.2058973436118907, 4.576510072581994, 3.8333333333333335, 4.576510072581994, 5.134307266916454, 4.6218082079540155, 5.404634071280353, 4.791666666666666, 5.404634071280353, 6.269968101992227, 5.75, 6.269968101992227, 7.987077236247172, 5.813209335451268, 6.141725717344815, 7.159031785870986, 6.708333333333334, 7.159031785870986, 7.424738117341992, 7.080023736620598, 7.066342238773825, 8.063980268935296, 7.666666666666666, 8.063980268935296, 10.054366105219055, 8.431505071917929, 8.543572439372968, 8.980012527830905, 8.625, 8.980012527830905, 9.476143212840448, 9.882996059450347, 9.626713411705529, 9.90405360333726, 9.583333333333334, 9.90405360333726, 10.269389434999416, 10.834054463178182, 10.541666666666666, 10.834054463178182, 12.335655749808268, 11.052981623877685, 12.409743595703784, 12.206626729408542], [8.057195714253053, 7.560978956311, 5.091011960089839, 3.1493495801161515, 2.677387304402891, 0.9583333333333335, 7.5, 5.0, 2.5, 0.0, 5.500157826018369, 0.5017331074496789, 8.01831670475654, 3.048508287306724, 5.091011960089839, 2.677387304402891, 0.9583333333333335, 5.711981802414212, 1.6207208615647268, 5.354774608805782, 3.1501763619059666, 1.9166666666666665, 5.767635997529664, 3.8099376635320428, 2.8750000000000004, 8.603939666093538, 4.362084109434134, 6.300352723811933, 4.576510072581994, 3.8333333333333335, 6.90008051482815, 4.196559437338057, 6.925320891081109, 5.404634071280353, 4.791666666666666, 7.6198753270640855, 6.269968101992227, 5.75, 9.876406369615305, 6.522530396845826, 6.031401597861549, 8.366704017180906, 7.159031785870986, 6.708333333333334, 8.739378473959754, 6.810046704033027, 7.389972438798823, 9.153020145163987, 8.063980268935296, 7.666666666666666, 11.61207465433192, 8.935338705263375, 8.515214625278073, 9.969484690795207, 8.980012527830905, 8.625, 9.119759824385756, 10.905210273585332, 9.429931659938534, 10.809268142560706, 9.90405360333726, 9.583333333333334, 11.023154174470472, 11.667336290306844, 10.834054463178182, 10.541666666666666, 13.635189869516955, 11.441957995805515, 13.238267866723014, 12.052042819004216], [2.692582403567252, 2.23606797749979, 1.118033988749895, 2.692582403567252, 3.1622776601683795, 5.5901699437494745, 2.0004339806929674, 0.5017331074496789, 3.0002893378991153, 5.500157826018369, 0.0, 5.0, 2.5495097567963922, 2.5495097567963922, 1.0441636738451392, 3.136921704119785, 5.575865652773368, 1.5, 5.220153254455275, 1.940521837032503, 3.5377429245212264, 5.8108196495847295, 2.877112750272012, 4.126472801046649, 6.1869037310901955, 4.00195264839553, 4.00195264839553, 3.8244916147262127, 4.834949442456572, 6.680324551330655, 4.125, 6.481946081232087, 4.7762432936357, 5.618051263561058, 7.267220926874317, 5.730189302670938, 6.448648652581753, 7.926857475976495, 6.269968101992227, 6.269968101992227, 7.4389649760437235, 6.685390373377194, 7.310570733153771, 8.642594774976116, 6.75, 8.40014880820572, 7.7609567484499475, 7.6413758577889626, 8.193938308286192, 9.401628848236884, 8.74017305320667, 8.74017305320667, 9.453666104835655, 8.597884106634092, 9.092503016832666, 10.194293065784949, 10.653252904690149, 9.375, 10.625, 9.554758122410938, 10.002169903464837, 11.013328415051365, 10.09269838496831, 10.51189802081432, 10.920164833920778, 11.853269591129697, 11.280514172678478, 11.280514172678478, 12.0, 13.0], [7.566372975210778, 7.0710678118654755, 4.6097722286464435, 2.692582403567252, 2.23606797749979, 1.118033988749895, 7.000124006838101, 4.500192897100202, 2.0004339806929674, 0.5017331074496789, 5.0, 0.0, 7.516648189186454, 2.5495097567963922, 4.592415244484951, 2.2000631304073477, 1.0441636738451392, 5.220153254455275, 1.5, 4.875, 2.7414640249326636, 1.940521837032503, 5.317685377847939, 3.468108674447469, 2.877112750272012, 8.125, 4.00195264839553, 5.8844486667071125, 4.286809549199861, 3.8244916147262127, 6.481946081232087, 4.125, 6.5431261641512, 5.153882032022076, 4.7762432936357, 7.268773585994026, 6.048559286676824, 5.730189302670938, 9.4505290857179, 6.269968101992227, 5.928930831945128, 8.04328567467577, 6.960204339273701, 6.685390373377194, 8.40014880820572, 6.75, 7.217302104856433, 8.853848033482391, 7.882932512713781, 7.6413758577889626, 11.2423585158987, 8.74017305320667, 8.42046928604285, 9.69141945801084, 8.81326336331277, 8.597884106634092, 9.096002175666294, 10.625, 9.375, 10.54956884321714, 9.749020606080274, 9.554758122410938, 10.791742114361252, 11.423659658795863, 10.688779163215974, 10.51189802081432, 13.313526955694348, 11.280514172678478, 13.0, 12.0], [1.5, 1.5811388300841898, 3.3541019662496847, 5.220153254455275, 5.70087712549569, 8.139410298049853, 0.7371585838730887, 3.048508287306724, 5.526608614492054, 8.01831670475654, 2.5495097567963922, 7.516648189186454, 0.0, 5.0, 3.0287969742310414, 5.515760247790971, 8.010843345810173, 2.692582403567252, 7.566372975210778, 3.3000946956110213, 5.669270235224284, 8.11730404752711, 3.80058475033046, 5.974482776311641, 8.333333333333334, 2.625, 5.647178499038259, 4.453657984673323, 6.409763602851859, 8.650726526971273, 4.403478738452134, 8.330103540773068, 5.202163011671203, 6.950719387228922, 9.058835465996719, 6.010552063755135, 7.5747433033147145, 9.546032480099317, 5.25, 7.25, 8.861254695493182, 6.857680203813662, 8.263036837493695, 10.100880049667841, 6.73145600891813, 9.762812094883317, 8.73420101201984, 7.7308230480331135, 9.000868013697346, 10.712871930532915, 7.875, 9.328216603402817, 10.450380895908978, 8.622080826446583, 9.777028064692143, 11.372786719963484, 11.780971410604183, 9.220391802955014, 11.619622412109612, 9.526370563394599, 10.583087267480654, 12.07276836981109, 10.174675864572798, 10.44030650891055, 11.412712210513327, 12.806248474865697, 10.5, 11.629703349613008, 11.76860229593982, 13.729530217745982], [5.220153254455275, 4.743416490252569, 2.5, 1.5, 1.5811388300841898, 3.3541019662496847, 4.532483069772879, 2.072052793192726, 0.7371585838730887, 3.048508287306724, 2.5495097567963922, 2.5495097567963922, 5.0, 0.0, 2.0429417786885438, 0.650854139658888, 3.0287969742310414, 2.692582403567252, 2.692582403567252, 2.42706097986845, 1.4630874888399532, 3.3000946956110213, 3.0731814857642963, 2.3863035105460595, 3.80058475033046, 5.647178499038259, 2.625, 3.8516320494622076, 3.3294247918288296, 4.453657984673323, 4.403478738452134, 4.403478738452134, 4.697073557013984, 4.2793106921559225, 5.202163011671203, 5.57913399293395, 5.232278290679035, 6.010552063755135, 7.25, 5.25, 5.773721128837479, 6.482883446258909, 6.186903731090196, 6.857680203813662, 6.73145600891813, 6.73145600891813, 6.568353472509128, 7.400380057807842, 7.142522313580827, 7.7308230480331135, 9.328216603402817, 7.875, 8.10820331793991, 8.327080987823871, 8.098782487372889, 8.622080826446583, 9.112450027622097, 9.220391802955014, 9.220391802955014, 9.26022332944034, 9.055480998329747, 9.526370563394599, 9.650034514034473, 10.198039027185569, 10.012492197250394, 10.44030650891055, 11.629703349613008, 10.5, 11.76860229593982, 11.76860229593982], [3.5600015605489714, 3.1501763619059666, 1.916666666666667, 2.7701283564324437, 3.1501763619059666, 5.354774608805782, 2.677387304402891, 0.9583333333333335, 2.677387304402891, 5.091011960089839, 1.0441636738451392, 4.592415244484951, 3.0287969742310414, 2.0429417786885438, 0.0, 2.5, 5.0, 0.7682953714410737, 4.53765113002066, 0.958333333333333, 2.6773873044028904, 5.091011960089839, 1.916666666666667, 3.1501763619059666, 5.354774608805782, 3.725149139445441, 2.9793851901207926, 2.875, 3.8099376635320428, 5.767635997529664, 3.2470606366031687, 5.526608614492053, 3.833333333333333, 4.576510072581994, 6.300352723811933, 4.791666666666667, 5.404634071280353, 6.925320891081109, 5.688682721958671, 5.2307849421584045, 6.409060996168692, 5.750000000000001, 6.269968101992227, 7.6198753270640855, 5.854722690083431, 7.367345368433448, 6.718829995406399, 6.708333333333333, 7.159031785870985, 8.366704017180906, 8.039075575656142, 7.721835022267124, 8.409775791639042, 7.666666666666667, 8.063980268935296, 9.153020145163987, 9.610620298623552, 8.473098770684652, 9.580887369016388, 8.625, 8.980012527830905, 9.969484690795207, 9.138270427276261, 9.583333333333332, 9.90405360333726, 10.809268142560706, 10.520152618242337, 10.27976707474985, 11.094605796411955, 11.962034851051797], [5.824397918335518, 5.354774608805782, 3.1501763619059666, 1.9808107206674523, 1.916666666666667, 3.1501763619059666, 5.091011960089839, 2.677387304402891, 0.9583333333333335, 2.677387304402891, 3.136921704119785, 2.2000631304073477, 5.515760247790971, 0.650854139658888, 2.5, 0.0, 2.5, 3.056186803482041, 2.0833333333333335, 2.6773873044028904, 0.958333333333333, 2.6773873044028904, 3.1501763619059666, 1.916666666666667, 3.1501763619059666, 5.92678126060943, 2.264229694865587, 3.8099376635320428, 2.875, 3.8099376635320428, 4.392425614370467, 3.7806616851786377, 4.576510072581994, 3.833333333333333, 4.576510072581994, 5.404634071280353, 4.791666666666667, 5.404634071280353, 7.321960878829598, 4.85912657903775, 5.21853171880779, 6.269968101992227, 5.750000000000001, 6.269968101992227, 6.559556218051475, 6.166666666666666, 6.109106032628662, 7.159031785870985, 6.708333333333333, 7.159031785870985, 9.266970168890753, 7.475074321443976, 7.598722192143511, 8.063980268935296, 7.666666666666667, 8.063980268935296, 8.557847368850036, 8.974597638767866, 8.691570788860766, 8.980012527830905, 8.625, 8.980012527830905, 9.330463814221671, 9.90405360333726, 9.583333333333332, 9.90405360333726, 11.485800412296527, 10.095722416504481, 11.482172171578764, 11.262338912400823], [8.226397213307362, 7.741034240404257, 5.354774608805782, 3.5600015605489714, 3.1501763619059666, 1.916666666666667, 7.560978956311, 5.091011960089839, 2.677387304402891, 0.9583333333333335, 5.575865652773368, 1.0441636738451392, 8.010843345810173, 3.0287969742310414, 5.0, 2.5, 0.0, 5.530847835348372, 0.7682953714410737, 5.091011960089839, 2.6773873044028904, 0.958333333333333, 5.354774608805782, 3.1501763619059666, 1.916666666666667, 8.299200932084432, 3.725149139445441, 5.767635997529664, 3.8099376635320428, 2.875, 6.36737016183116, 3.2470606366031687, 6.300352723811933, 4.576510072581994, 3.833333333333333, 6.925320891081109, 5.404634071280353, 4.791666666666667, 9.346716595206635, 5.688682721958671, 5.088229922850889, 7.6198753270640855, 6.269968101992227, 5.750000000000001, 8.017342313870461, 5.854722690083431, 6.4807157420015775, 8.366704017180906, 7.159031785870985, 6.708333333333333, 10.937400793200874, 8.039075575656142, 7.566824237492933, 9.153020145163987, 8.063980268935296, 7.666666666666667, 8.161463144115269, 10.089271667359233, 8.473098770684652, 9.969484690795207, 8.980012527830905, 8.625, 10.154167793323499, 10.809268142560706, 9.90405360333726, 9.583333333333332, 12.871426149075754, 10.520152618242337, 12.37296560157579, 11.094605796411955], [3.5355339059327378, 3.2015621187164243, 2.5495097567963922, 3.5355339059327378, 3.905124837953327, 6.041522986797286, 2.52522001241696, 1.6207208615647268, 3.3729417592231132, 5.711981802414212, 1.5, 5.220153254455275, 2.692582403567252, 2.692582403567252, 0.7682953714410737, 3.056186803482041, 5.530847835348372, 0.0, 5.0, 0.625, 3.023346655611956, 5.512769267799986, 1.424000624219589, 3.2829526005987018, 5.659308948783215, 2.981715110469141, 2.981715110469141, 2.3455779908395953, 3.7751471641660688, 5.958333333333334, 2.625, 5.647178499038259, 3.2882366094914763, 4.422951503238533, 6.388466169590319, 4.237932213290398, 5.168178542237531, 6.9253208910811095, 4.930770730829005, 4.930770730829005, 6.313488405657053, 5.19080383413248, 5.974482776311642, 7.546154281781181, 5.25, 7.25, 6.436567616724392, 6.145374276640927, 6.82023643285187, 8.231987913013478, 7.315437444199766, 7.315437444199766, 8.150860520737032, 7.1009584642575625, 7.692438567262733, 8.967921225741845, 9.407893197868288, 7.875, 9.328216603402817, 8.057195714253055, 8.583029929912735, 9.742607596417798, 8.602073658536138, 9.013878188659973, 9.486832980505138, 10.547511554864494, 9.82344135219425, 9.82344135219425, 10.5, 11.629703349613008], [7.905694150420948, 7.433034373659253, 5.1478150704935, 3.5355339059327378, 3.2015621187164243, 2.5495097567963922, 7.167756700049962, 4.7567568900576696, 2.52522001241696, 1.6207208615647268, 5.220153254455275, 1.5, 7.566372975210778, 2.692582403567252, 4.53765113002066, 2.0833333333333335, 0.7682953714410737, 5.0, 0.0, 4.5155979670471105, 2.0348525745124633, 0.625, 4.693375946776241, 2.4037008503093267, 1.424000624219589, 7.674022739085414, 2.981715110469141, 5.04992436687037, 3.041666666666667, 2.3455779908395953, 5.647178499038259, 2.625, 5.55090082779363, 3.816084380618437, 3.2882366094914763, 6.161174355952317, 4.659406554964318, 4.237932213290398, 8.620469824783333, 4.930770730829005, 4.435555967807236, 6.85160159703149, 5.540256712864888, 5.19080383413248, 7.25, 5.25, 5.769436948794867, 7.600370056780131, 6.443261984429936, 6.145374276640927, 10.174262872562316, 7.315437444199766, 6.925967614996621, 8.391877686853586, 7.3602724889171816, 7.1009584642575625, 7.599599499377138, 9.328216603402817, 7.875, 9.215118164070269, 8.286640017388097, 8.057195714253055, 9.412481521884526, 10.062305898749054, 9.219544457292887, 9.013878188659973, 12.103718436910205, 9.82344135219425, 11.629703349613008, 10.5], [4.155192534648665, 3.8099376635320428, 2.875, 3.502231431530475, 3.8099376635320428, 5.767635997529664, 3.1501763619059666, 1.9166666666666665, 3.1501763619059666, 5.354774608805782, 1.940521837032503, 4.875, 3.3000946956110213, 2.42706097986845, 0.958333333333333, 2.6773873044028904, 5.091011960089839, 0.625, 4.5155979670471105, 0.0, 2.5, 5.0, 0.9583333333333339, 2.677387304402891, 5.091011960089839, 3.25, 2.358495283014151, 1.916666666666667, 3.1501763619059666, 5.354774608805782, 2.3048861143232218, 5.031152949374527, 2.875, 3.8099376635320428, 5.767635997529664, 3.833333333333334, 4.5765100725819945, 6.300352723811933, 4.900573945978165, 4.360690885628102, 5.694308291730848, 4.791666666666668, 5.404634071280355, 6.9253208910811095, 4.900573945978165, 6.634427254857799, 5.862377158213991, 5.75, 6.269968101992227, 7.6198753270640855, 7.158910531638177, 6.800735254367722, 7.570276305905521, 6.708333333333334, 7.159031785870986, 8.366704017180906, 8.811372735172535, 7.516648189186454, 8.74642784226795, 7.666666666666668, 8.063980268935298, 9.153020145163989, 8.181808331805982, 8.625, 8.980012527830905, 9.969484690795207, 9.605499726719064, 9.34160719576669, 10.137338161470199, 11.079965027020618], [6.206095793653205, 5.767635997529664, 3.8099376635320428, 2.918154382482188, 2.875, 3.8099376635320428, 5.354774608805782, 3.1501763619059666, 1.9166666666666665, 3.1501763619059666, 3.5377429245212264, 2.7414640249326636, 5.669270235224284, 1.4630874888399532, 2.6773873044028904, 0.958333333333333, 2.6773873044028904, 3.023346655611956, 2.0348525745124633, 2.5, 0.0, 2.5, 2.677387304402891, 0.9583333333333339, 2.677387304402891, 5.640257086339239, 1.346291201783626, 3.1501763619059666, 1.916666666666667, 3.1501763619059666, 3.75, 3.010398644698074, 3.8099376635320428, 2.875, 3.8099376635320428, 4.5765100725819945, 3.833333333333334, 4.5765100725819945, 6.727973320398944, 3.907124902021946, 4.310702653729072, 5.404634071280355, 4.791666666666668, 5.404634071280355, 5.724126570927655, 5.269309727089498, 5.152277744442384, 6.269968101992227, 5.75, 6.269968101992227, 8.514693182963201, 6.519202405202649, 6.657727347638288, 7.159031785870986, 6.708333333333334, 7.159031785870986, 7.6493802717841355, 8.077747210701755, 7.762087348130012, 8.063980268935298, 7.666666666666668, 8.063980268935298, 8.395924973752324, 8.980012527830905, 8.625, 8.980012527830905, 10.654371168680017, 9.13868836321712, 10.560095880246543, 10.320640726234007], [8.500919067959652, 8.032161913208672, 5.767635997529664, 4.155192534648665, 3.8099376635320428, 2.875, 7.741034240404257, 5.354774608805782, 3.1501763619059666, 1.9166666666666665, 5.8108196495847295, 1.940521837032503, 8.11730404752711, 3.3000946956110213, 5.091011960089839, 2.6773873044028904, 0.958333333333333, 5.512769267799986, 0.625, 5.0, 2.5, 0.0, 5.091011960089839, 2.677387304402891, 0.9583333333333339, 8.097067370350823, 3.25, 5.354774608805782, 3.1501763619059666, 1.916666666666667, 5.942432162002357, 2.3048861143232218, 5.767635997529664, 3.8099376635320428, 2.875, 6.300352723811933, 4.5765100725819945, 3.833333333333334, 8.889073348780514, 4.900573945978165, 4.152007685019265, 6.9253208910811095, 5.404634071280355, 4.791666666666668, 7.34953229804455, 4.900573945978165, 5.587885643658383, 7.6198753270640855, 6.269968101992227, 5.75, 10.307764064044152, 7.158910531638177, 6.621297721989774, 8.366704017180906, 7.159031785870986, 6.708333333333334, 7.203176216543558, 9.300537618869138, 7.516648189186454, 9.153020145163989, 8.063980268935298, 7.666666666666668, 9.302748236480774, 9.969484690795207, 8.980012527830905, 8.625, 12.13530489934225, 9.605499726719064, 11.522396669096235, 10.137338161470199], [4.8676939555034116, 4.5765100725819945, 3.833333333333334, 4.323707257024283, 4.5765100725819945, 6.300352723811933, 3.8099376635320428, 2.8750000000000004, 3.8099376635320428, 5.767635997529664, 2.877112750272012, 5.317685377847939, 3.80058475033046, 3.0731814857642963, 1.916666666666667, 3.1501763619059666, 5.354774608805782, 1.424000624219589, 4.693375946776241, 0.9583333333333339, 2.677387304402891, 5.091011960089839, 0.0, 2.5, 5.0, 3.0141448944011375, 2.021155472605817, 0.958333333333333, 2.6773873044028904, 5.091011960089839, 1.3850641782162212, 4.681709386300882, 1.916666666666666, 3.150176361905966, 5.354774608805781, 2.875, 3.8099376635320428, 5.767635997529664, 4.184130070211064, 3.53651586232049, 5.060734783160851, 3.833333333333334, 4.5765100725819945, 6.300352723811933, 3.9484525801607107, 5.9657587763651465, 5.042723563579614, 4.791666666666666, 5.404634071280353, 6.925320891081109, 6.3015926117485925, 5.8915252222531, 6.762443595729767, 5.75, 6.269968101992227, 7.6198753270640855, 8.046947370744036, 6.560747120395495, 7.939987580454882, 6.708333333333334, 7.159031785870986, 8.366704017180906, 7.2258421177287895, 7.666666666666666, 8.063980268935296, 9.153020145163987, 8.700255424092123, 8.407998837086291, 9.180292902613607, 10.21164912136026], [6.704061787039589, 6.300352723811933, 4.5765100725819945, 3.865804501581068, 3.833333333333334, 4.5765100725819945, 5.767635997529664, 3.8099376635320428, 2.8750000000000004, 3.8099376635320428, 4.126472801046649, 3.468108674447469, 5.974482776311641, 2.3863035105460595, 3.1501763619059666, 1.916666666666667, 3.1501763619059666, 3.2829526005987018, 2.4037008503093267, 2.677387304402891, 0.9583333333333339, 2.677387304402891, 2.5, 0.0, 2.5, 5.5077281563676, 0.5788518328937415, 2.6773873044028904, 0.958333333333333, 2.6773873044028904, 3.266252099544335, 2.3808407711936086, 3.150176361905966, 1.916666666666666, 3.150176361905966, 3.8099376635320428, 2.875, 3.8099376635320428, 6.225507565206587, 2.959213484094117, 3.430458714674508, 4.5765100725819945, 3.833333333333334, 4.5765100725819945, 4.933586705205228, 4.3977582673195865, 4.196136431219585, 5.404634071280353, 4.791666666666666, 5.404634071280353, 7.807692965559317, 5.564177337616446, 5.722490146183108, 6.269968101992227, 5.75, 6.269968101992227, 6.754708805843726, 7.196763354298776, 6.840570354712958, 7.159031785870986, 6.708333333333334, 7.159031785870986, 7.467420096446392, 8.063980268935296, 7.666666666666666, 8.063980268935296, 9.846036991827953, 8.181958472422384, 9.645090864153524, 9.38231196335838], [8.870988921447509, 8.422852512328852, 6.300352723811933, 4.8676939555034116, 4.5765100725819945, 3.833333333333334, 8.032161913208672, 5.767635997529664, 3.8099376635320428, 2.8750000000000004, 6.1869037310901955, 2.877112750272012, 8.333333333333334, 3.80058475033046, 5.354774608805782, 3.1501763619059666, 1.916666666666667, 5.659308948783215, 1.424000624219589, 5.091011960089839, 2.677387304402891, 0.9583333333333339, 5.0, 2.5, 0.0, 8.005315074651618, 3.0141448944011375, 5.091011960089839, 2.6773873044028904, 0.958333333333333, 5.649637402327496, 1.3850641782162212, 5.354774608805781, 3.150176361905966, 1.916666666666666, 5.767635997529664, 3.8099376635320428, 2.875, 8.515100965017647, 4.184130070211064, 3.228785753294642, 6.300352723811933, 4.5765100725819945, 3.833333333333334, 6.7520572996515495, 3.9484525801607107, 4.720811472632157, 6.925320891081109, 5.404634071280353, 4.791666666666666, 9.731909855955532, 6.3015926117485925, 5.680065453927356, 7.6198753270640855, 6.269968101992227, 5.75, 6.244903531357486, 8.54654332334294, 6.560747120395495, 8.366704017180906, 7.159031785870986, 6.708333333333334, 8.474192084398348, 9.153020145163987, 8.063980268935296, 7.666666666666666, 11.43216709309501, 8.700255424092123, 10.69007847388305, 9.180292902613607], [4.125, 4.155192534648665, 5.100551440775791, 6.481946081232087, 6.875, 9.000868013697346, 3.2058973436118907, 4.362084109434134, 6.346477588219924, 8.603939666093538, 4.00195264839553, 8.125, 2.625, 5.647178499038259, 3.725149139445441, 5.92678126060943, 8.299200932084432, 2.981715110469141, 7.674022739085414, 3.25, 5.640257086339239, 8.097067370350823, 3.0141448944011375, 5.5077281563676, 8.005315074651618, 0.0, 5.0, 3.073181485764296, 5.540256712864887, 8.027729719194863, 2.692582403567252, 7.566372975210778, 3.4118360159890453, 5.735034873477231, 8.163370933627847, 3.958991173406568, 6.076480158044714, 8.406759846166127, 2.625, 5.647178499038259, 7.5507183540462846, 4.641487129980841, 6.541666666666667, 8.748908662100536, 4.403478738452134, 8.330103540773068, 6.997075112269305, 5.408326913195984, 7.106335201775948, 9.17877987534291, 5.25, 7.25, 8.640130414609699, 6.228435018347529, 7.748767823194717, 9.68469941597455, 10.032375694574336, 6.73145600891813, 9.762812094883317, 7.083333333333335, 8.451249085851815, 10.255418621934023, 7.767567018620705, 7.9618229696470895, 9.200033967328599, 10.880745608642819, 7.875, 9.328216603402817, 9.220391802955014, 11.619622412109612], [6.481946081232087, 6.10455772353739, 4.584280205223062, 4.125, 4.155192534648665, 5.100551440775791, 5.50252467307306, 3.745367509040705, 3.2058973436118907, 4.362084109434134, 4.00195264839553, 4.00195264839553, 5.647178499038259, 2.625, 2.9793851901207926, 2.264229694865587, 3.725149139445441, 2.981715110469141, 2.981715110469141, 2.358495283014151, 1.346291201783626, 3.25, 2.021155472605817, 0.5788518328937415, 3.0141448944011375, 5.0, 0.0, 2.1081851067789197, 0.8333333333333336, 3.073181485764296, 2.692582403567252, 2.692582403567252, 2.576941016011038, 1.7001838135919305, 3.4118360159890453, 3.267049297318777, 2.6312755673078247, 3.958991173406568, 5.647178499038259, 2.625, 3.4390941477830737, 4.067358206228926, 3.576786655334336, 4.641487129980841, 4.403478738452134, 4.403478738452134, 3.976941054151145, 4.924428900898052, 4.527692569068709, 5.408326913195984, 7.25, 5.25, 5.584295278451525, 5.813209335451269, 5.481186256439183, 6.228435018347529, 6.700300008620713, 6.73145600891813, 6.73145600891813, 6.721131683809738, 6.436117704883211, 7.083333333333335, 7.066415962968814, 7.6413758577889626, 7.391929720986259, 7.9618229696470895, 9.328216603402817, 7.875, 9.220391802955014, 9.220391802955014], [5.65332375195729, 5.404634071280353, 4.791666666666667, 5.192308681544699, 5.404634071280353, 6.925320891081109, 4.576510072581994, 3.8333333333333335, 4.576510072581994, 6.300352723811933, 3.8244916147262127, 5.8844486667071125, 4.453657984673323, 3.8516320494622076, 2.875, 3.8099376635320428, 5.767635997529664, 2.3455779908395953, 5.04992436687037, 1.916666666666667, 3.1501763619059666, 5.354774608805782, 0.958333333333333, 2.6773873044028904, 5.091011960089839, 3.073181485764296, 2.1081851067789197, 0.0, 2.5, 5.0, 0.6009252125773314, 4.512328790226961, 0.958333333333333, 2.6773873044028904, 5.091011960089839, 1.916666666666667, 3.1501763619059666, 5.354774608805782, 3.582606515435995, 2.7991194051780717, 4.542436760734164, 2.875000000000001, 3.809937663532043, 5.7676359975296645, 3.000289337899115, 5.385325998592017, 4.281058454140585, 3.833333333333333, 4.576510072581994, 6.300352723811933, 5.477859476514932, 5.000694396225833, 5.999084011634953, 4.791666666666667, 5.404634071280353, 6.925320891081109, 7.328249453482212, 5.605676686280712, 7.171025806055303, 5.750000000000001, 6.269968101992227, 7.6198753270640855, 6.270598583694569, 6.708333333333333, 7.159031785870985, 8.366704017180906, 7.807692965559317, 7.480646325314708, 8.223547659685027, 9.360915345793439], [7.294523249976275, 6.925320891081109, 5.404634071280353, 4.817682995428865, 4.791666666666667, 5.404634071280353, 6.300352723811933, 4.576510072581994, 3.8333333333333335, 4.576510072581994, 4.834949442456572, 4.286809549199861, 6.409763602851859, 3.3294247918288296, 3.8099376635320428, 2.875, 3.8099376635320428, 3.7751471641660688, 3.041666666666667, 3.1501763619059666, 1.916666666666667, 3.1501763619059666, 2.6773873044028904, 0.958333333333333, 2.6773873044028904, 5.540256712864887, 0.8333333333333336, 2.5, 0.0, 2.5, 3.018461712712472, 2.0275875100994063, 2.6773873044028904, 0.958333333333333, 2.6773873044028904, 3.1501763619059666, 1.916666666666667, 3.1501763619059666, 5.838241982347464, 2.021155472605817, 2.605905250169556, 3.809937663532043, 2.875000000000001, 3.809937663532043, 4.213280920032642, 3.5709573101776377, 3.2412900978616115, 4.576510072581994, 3.833333333333333, 4.576510072581994, 7.159395536247766, 4.610525397874351, 4.796379787547098, 5.404634071280353, 4.791666666666667, 5.404634071280353, 5.8801334267753465, 6.338265623268806, 5.930734449552695, 6.269968101992227, 5.750000000000001, 6.269968101992227, 6.547516718901946, 7.159031785870985, 6.708333333333333, 7.159031785870985, 9.066976863566182, 7.225653565210862, 8.739378473959752, 8.44847537198938], [9.325238304968106, 8.900003901372429, 6.925320891081109, 5.65332375195729, 5.404634071280353, 4.791666666666667, 8.422852512328852, 6.300352723811933, 4.576510072581994, 3.8333333333333335, 6.680324551330655, 3.8244916147262127, 8.650726526971273, 4.453657984673323, 5.767635997529664, 3.8099376635320428, 2.875, 5.958333333333334, 2.3455779908395953, 5.354774608805782, 3.1501763619059666, 1.916666666666667, 5.091011960089839, 2.6773873044028904, 0.958333333333333, 8.027729719194863, 3.073181485764296, 5.0, 2.5, 0.0, 5.510091751605513, 0.6009252125773314, 5.091011960089839, 2.6773873044028904, 0.958333333333333, 5.354774608805782, 3.1501763619059666, 1.916666666666667, 8.236204796169437, 3.582606515435995, 2.334042120539694, 5.7676359975296645, 3.809937663532043, 2.875000000000001, 6.245136996985023, 3.000289337899115, 3.8967244589812724, 6.300352723811933, 4.576510072581994, 3.833333333333333, 9.21992106497905, 5.477859476514932, 4.745683212576094, 6.925320891081109, 5.404634071280353, 4.791666666666667, 5.28665283340028, 7.837321679700987, 5.605676686280712, 7.6198753270640855, 6.269968101992227, 5.750000000000001, 7.675906706752543, 8.366704017180906, 7.159031785870985, 6.708333333333333, 10.768475725210344, 7.807692965559317, 9.88062427739822, 8.223547659685027], [5.702247363978522, 5.501420271166347, 5.149332481011495, 5.702247363978522, 5.938486760109852, 7.517687476877447, 4.6218082079540155, 4.196559437338057, 5.134307266916454, 6.90008051482815, 4.125, 6.481946081232087, 4.403478738452134, 4.403478738452134, 3.2470606366031687, 4.392425614370467, 6.36737016183116, 2.625, 5.647178499038259, 2.3048861143232218, 3.75, 5.942432162002357, 1.3850641782162212, 3.266252099544335, 5.649637402327496, 2.692582403567252, 2.692582403567252, 0.6009252125773314, 3.018461712712472, 5.510091751605513, 0.0, 5.0, 0.8003905296791061, 3.0644126680328156, 5.535397456371133, 1.6604049037642736, 3.392188739507937, 5.723368277897592, 2.981715110469141, 2.981715110469141, 4.858152810698476, 2.59038017372826, 3.931929481112861, 6.058883514678628, 2.625, 5.647178499038259, 4.399113034809997, 3.5355339059327378, 4.6097722286464435, 6.519202405202649, 4.930770730829005, 4.930770730829005, 6.093268411976759, 4.486283106438014, 5.373707855020695, 7.0800237366206, 7.457595398123257, 5.25, 7.25, 5.43969464012253, 6.191952662753309, 7.719473931413836, 6.004726443937745, 6.394577781214331, 7.045610335520976, 8.419657059524456, 7.315437444199766, 7.315437444199766, 7.875, 9.328216603402817], [9.083811149512082, 8.675576349730317, 6.82023643285187, 5.702247363978522, 5.501420271166347, 5.149332481011495, 8.146232939899958, 6.132789830991366, 4.6218082079540155, 4.196559437338057, 6.481946081232087, 4.125, 8.330103540773068, 4.403478738452134, 5.526608614492053, 3.7806616851786377, 3.2470606366031687, 5.647178499038259, 2.625, 5.031152949374527, 3.010398644698074, 2.3048861143232218, 4.681709386300882, 2.3808407711936086, 1.3850641782162212, 7.566372975210778, 2.692582403567252, 4.512328790226961, 2.0275875100994063, 0.6009252125773314, 5.0, 0.0, 4.543195461346562, 2.0953818267800264, 0.8003905296791061, 4.770423927120571, 2.5508713108356615, 1.6604049037642736, 7.674022739085414, 2.981715110469141, 1.8481530313482835, 5.168178542237531, 3.234203061720839, 2.59038017372826, 5.647178499038259, 2.625, 3.348013667010566, 5.70087712549569, 4.031128874149275, 3.5355339059327378, 8.620469824783333, 4.930770730829005, 4.319770840665764, 6.334566765857876, 4.886382722537308, 4.486283106438014, 4.98609940239322, 7.25, 5.25, 7.042036479440999, 5.77410406710667, 5.43969464012253, 7.117294207735237, 7.803244517506804, 6.681364007446383, 6.394577781214331, 10.174262872562316, 7.315437444199766, 9.328216603402817, 7.875], [6.485560885536423, 6.269968101992227, 5.75, 6.0878978309429606, 6.269968101992227, 7.6198753270640855, 5.404634071280353, 4.791666666666666, 5.404634071280353, 6.9