totalHoles = 70;
zeroHoleID = 22;
C = [[0.0, 1.5, 3.0, 4.0, 4.5, 5.0, 3.640054944640259, 4.6097722286464435, 4.689869836613164, 7.002885942653878, 2.231434785134142, 3.75, 4.038873605350878, 4.802343178074636, 5.8576872569299905, 5.5, 6.264982043070834, 7.106335201775948, 7.433034373659253, 5.777777777777778, 6.510200922351223, 6.055555555555555, 6.757940003168107, 6.333333333333333, 7.0079320138762125, 7.769241347204443, 8.069145624606803, 6.670832032063167, 7.905694150420948, 6.611111111111111, 7.2599442231643065, 6.941777265581075, 8.135617469186853, 6.888888888888889, 7.513773361198539, 7.21324228052343, 8.368444550663574, 7.166666666666667, 7.769241347204443, 8.462334849857402, 8.738484485945554, 7.4851705242952065, 8.603939666093538, 7.444444444444445, 8.026191692603645, 7.5, 7.648529270389178, 8.077747210701755, 8.74642784226795, 7.757513283628911, 8.84188963659234, 7.722222222222221, 8.284486468658315, 8.03022838412673, 9.082101513484343, 8.0, 8.54400374531753, 8.94427190999916, 9.17877987534291, 9.433981132056603, 8.303279138054101, 9.32440048713291, 8.576633487290257, 9.56862800903602, 8.850263300819199, 9.814640110255045, 9.12414379544733, 10.062305898749054, 9.613147119207357, 10.451114042952943], [1.5, 0.0, 1.5, 2.5, 3.0, 3.5, 2.23606797749979, 3.1622776601683795, 3.3129487362990275, 5.558342713161802, 2.0294402751222593, 4.038873605350878, 3.75, 4.038873605350878, 4.802343178074636, 5.70087712549569, 5.70087712549569, 6.264982043070834, 6.519202405202649, 5.969314537648583, 5.969314537648583, 6.238569794946575, 6.238569794946575, 6.508541396588878, 6.508541396588878, 7.0079320138762125, 7.236097782030803, 6.5, 7.158910531638177, 6.779143760347377, 6.779143760347377, 6.777777777777778, 7.412035591181296, 7.050304257509516, 7.050304257509516, 7.055555555555555, 7.666867952269092, 7.321960878829599, 7.321960878829599, 7.769241347204443, 7.975657409336932, 7.333333333333333, 7.9232428826698085, 7.59406038206306, 7.59406038206306, 7.648529270389178, 7.5, 7.648529270389178, 8.077747210701755, 7.611111111111111, 8.18101536153545, 7.866556810281274, 7.866556810281274, 7.888888888888889, 8.440057339925753, 8.139410298049853, 8.139410298049853, 8.381527307120106, 8.54400374531753, 8.73212459828649, 8.166666666666668, 8.700255424092125, 8.444444444444445, 8.961508911746316, 8.722222222222221, 9.223728123368943, 9.0, 9.486832980505138, 9.416936708822888, 9.933449979604829], [3.0, 1.5, 0.0, 1.0, 1.5, 2.0, 1.118033988749895, 1.8027756377319946, 2.1110138735490724, 4.153304215693635, 2.78531047825372, 4.802343178074636, 4.038873605350878, 3.75, 4.038873605350878, 6.264982043070834, 5.5, 5.70087712549569, 5.852349955359813, 6.510200922351223, 5.777777777777778, 6.757940003168107, 6.055555555555555, 7.0079320138762125, 6.333333333333333, 6.508541396588878, 6.641619615057091, 6.670832032063167, 6.670832032063167, 7.2599442231643065, 6.611111111111111, 6.941777265581075, 6.941777265581075, 7.513773361198539, 6.888888888888889, 7.21324228052343, 7.21324228052343, 7.769241347204443, 7.166666666666667, 7.321960878829599, 7.440504761849906, 7.4851705242952065, 7.4851705242952065, 8.026191692603645, 7.444444444444445, 8.077747210701755, 7.648529270389178, 7.5, 7.648529270389178, 7.757513283628911, 7.757513283628911, 8.284486468658315, 7.722222222222221, 8.03022838412673, 8.03022838412673, 8.54400374531753, 8.0, 8.06225774829855, 8.139410298049853, 8.246211251235321, 8.303279138054101, 8.303279138054101, 8.576633487290257, 8.576633487290257, 8.850263300819199, 8.850263300819199, 9.12414379544733, 9.12414379544733, 9.45752591434078, 9.62398421942878], [4.0, 2.5, 1.0, 0.0, 0.5, 1.0, 1.118033988749895, 1.118033988749895, 1.6156153846024794, 3.263910339177777, 3.5614845519236877, 5.482928049865327, 4.5069390943299865, 3.881043674065006, 3.783186487605389, 6.800735254367722, 5.5901699437494745, 5.522680508593631, 5.5901699437494745, 7.027283689263065, 5.86367768975945, 7.257392995175317, 6.137568988322637, 7.49073501808141, 6.411794687223781, 6.353039517515306, 6.411794687223781, 6.96419413859206, 6.519202405202649, 7.727016896801558, 6.686313642318672, 7.224145043182499, 6.796195377189966, 7.9659770350821875, 6.9610911589675935, 7.485376690423192, 7.073249903511883, 8.207381501496753, 7.236097782030804, 7.184087354084102, 7.236097782030804, 7.747759532779639, 7.350359023733315, 8.451020831025074, 7.511308347180254, 8.5, 7.905694150420948, 7.566372975210778, 7.516648189186454, 8.011180458938558, 7.627516787636655, 8.696707195794435, 7.786701230263217, 8.275540338928606, 7.90471807854237, 8.94427190999916, 8.06225774829855, 8.0, 8.0156097709407, 8.06225774829855, 8.540751983545972, 8.181958472422385, 8.806738441404324, 8.459234124630234, 9.07343157211356, 8.736541678137131, 9.340770846134703, 9.013878188659973, 9.615379835558326, 9.543907380880022], [4.5, 3.0, 1.5, 0.5, 0.0, 0.5, 1.4142135623730951, 1.0, 1.5611309423901623, 2.846875146408449, 3.9871394621020753, 5.8576872569299905, 4.802343178074636, 4.038873605350878, 3.75, 7.106335201775948, 5.70087712549569, 5.5, 5.522680508593631, 7.323436082153153, 5.969314537648583, 7.54451808178758, 6.238569794946575, 7.769241347204443, 6.508541396588878, 6.333333333333333, 6.353039517515306, 7.158910531638177, 6.5, 7.997298926728748, 6.779143760347377, 7.412035591181296, 6.777777777777778, 8.228413584856852, 7.050304257509516, 7.666867952269092, 7.055555555555555, 8.462334849857402, 7.321960878829599, 7.166666666666667, 7.184087354084102, 7.9232428826698085, 7.333333333333333, 8.698836306450406, 7.59406038206306, 8.74642784226795, 8.077747210701755, 7.648529270389178, 7.5, 8.18101536153545, 7.611111111111111, 8.937713133088502, 7.866556810281274, 8.440057339925753, 7.888888888888889, 9.17877987534291, 8.139410298049853, 8.0156097709407, 8.0, 8.0156097709407, 8.700255424092125, 8.166666666666668, 8.961508911746316, 8.444444444444445, 9.223728123368943, 8.722222222222221, 9.486832980505138, 9.0, 9.731952315074235, 9.542993032289038], [5.0, 3.5, 2.0, 1.0, 0.5, 0.0, 1.8027756377319946, 1.118033988749895, 1.6625422002498988, 2.4609521523761217, 4.428361995920407, 6.25, 5.129571132170798, 4.25, 3.783186487605389, 7.433034373659253, 5.852349955359813, 5.522680508593631, 5.5, 7.640858331979642, 6.114140663198935, 7.85300917396763, 6.377284146595614, 8.069145624606803, 6.641619615057091, 6.353039517515306, 6.333333333333333, 7.3824115301167, 6.519202405202649, 8.288955912746598, 6.907010215965862, 7.628123727689416, 6.796195377189966, 8.512155433464358, 7.173338840697322, 7.87596750866399, 7.073249903511883, 8.738484485945554, 7.440504761849906, 7.184087354084102, 7.166666666666667, 8.125747828832603, 7.350359023733315, 8.967706121769366, 7.70842092042331, 9.013878188659973, 8.276472678623424, 7.762087348130012, 7.516648189186454, 8.377291468349362, 7.627516787636655, 9.199604124601379, 7.9770117242851475, 8.63044424703819, 7.90471807854237, 9.433981132056603, 8.246211251235321, 8.06225774829855, 8.0156097709407, 8.0, 8.885068623507893, 8.181958472422385, 9.141041624197356, 8.459234124630234, 9.39825305542616, 8.736541678137131, 9.656603957913983, 9.013878188659973, 9.87250030861969, 9.56824246838562], [3.640054944640259, 2.23606797749979, 1.118033988749895, 1.118033988749895, 1.4142135623730951, 1.8027756377319946, 0.0, 1.0, 1.0792712449586073, 3.36775338082028, 2.6493914172388466, 4.451123453691214, 3.400367627183861, 2.7950849718747373, 2.9261749776799064, 5.70087712549569, 4.527692569068709, 4.6097722286464435, 4.743416490252569, 5.9225974448570415, 4.803869325223903, 6.148873228105182, 5.080220662068592, 6.379219736334879, 5.3567195599960655, 5.426273532033235, 5.540256712864887, 5.852349955359813, 5.5901699437494745, 6.613211617756879, 5.633344291025941, 6.114140663198935, 5.86367768975945, 6.850475337206829, 5.910077186101635, 6.377284146595614, 6.137568988322637, 7.090682462060882, 6.1869037310901955, 6.24722160466377, 6.346477588219924, 6.641619615057091, 6.411794687223781, 7.333543768024493, 6.463811893730422, 7.3824115301167, 6.800735254367722, 6.519202405202649, 6.576473218982953, 6.907010215965862, 6.686313642318672, 7.578804101237758, 6.740791615599629, 7.173338840697322, 6.9610911589675935, 7.826237921249264, 7.0178344238090995, 7.0178344238090995, 7.0710678118654755, 7.158910531638177, 7.4405047618499065, 7.236097782030805, 7.70842092042331, 7.511308347180254, 7.9770117242851475, 7.786701230263217, 8.246211251235321, 8.06225774829855, 8.537698081023406, 8.574572979682374], [4.6097722286464435, 3.1622776601683795, 1.8027756377319946, 1.118033988749895, 1.0, 1.118033988749895, 1.0, 0.0, 0.5644997049087442, 2.3968599517117184, 3.5979845240161845, 5.273755777432247, 4.0697051490249265, 3.132491021535417, 2.75, 6.363961030678928, 4.743416490252569, 4.5, 4.527692569068709, 6.563319319812739, 5.007710104811096, 6.768208180553302, 5.273389988926349, 6.97814047181944, 5.540256712864887, 5.333333333333333, 5.3567195599960655, 6.264982043070834, 5.5, 7.192674599982579, 5.8081466838600555, 6.510200922351223, 5.777777777777778, 7.411410955120423, 6.076924579561525, 6.757940003168107, 6.055555555555555, 7.633988327065858, 6.346477588219924, 6.166666666666667, 6.1869037310901955, 7.0079320138762125, 6.333333333333333, 7.860080419278855, 6.616710980353522, 7.905694150420948, 7.158910531638177, 6.670832032063167, 6.5, 7.2599442231643065, 6.611111111111111, 8.089392536212978, 6.8875446717199775, 7.513773361198539, 6.888888888888889, 8.32165848854662, 7.158910531638177, 7.0178344238090995, 7.0, 7.0178344238090995, 7.769241347204444, 7.166666666666668, 8.026191692603645, 7.444444444444445, 8.284486468658315, 7.722222222222221, 8.54400374531753, 8.0, 8.769436782618651, 8.543324740573839], [4.689869836613164, 3.3129487362990275, 2.1110138735490724, 1.6156153846024794, 1.5611309423901623, 1.6625422002498988, 1.0792712449586073, 0.5644997049087442, 0.0, 2.378391223426407, 3.4117300717667396, 4.935900824591366, 3.6529258403604445, 2.612396876461231, 2.1921148886670454, 5.9239593702963, 4.189844282412415, 3.941515616591585, 3.9827706567362275, 6.1122638220822685, 4.452108435413317, 6.307183557516338, 4.716149374028258, 6.508124216187603, 4.98168458488393, 4.774717954836863, 4.808830242019912, 5.740694641195152, 4.94136372405325, 6.714545270240186, 5.248487275020063, 5.9814383662139905, 5.219109638507259, 6.9259567242754665, 5.516373540332382, 6.225267534961125, 5.49685877313431, 7.141915421973476, 5.78519285629833, 5.607959221458067, 5.637031433109128, 6.4718334204860035, 5.774610663279581, 7.362021205508911, 6.054820948657817, 7.406507599133984, 6.6209595272136195, 6.108834201872901, 5.941262959248939, 6.720834825440399, 6.05236492957878, 7.585913099539008, 6.3251543889220745, 6.972010805129301, 6.330121259247914, 7.813265633831125, 6.596106454170457, 6.454645912162549, 6.441224309067376, 6.466551426227451, 7.225134571098402, 6.60787939209123, 7.48000838647773, 6.8856391098953065, 7.736459289670395, 7.163400228290335, 7.994335507553576, 7.441162590434008, 8.211986440978714, 7.982441534872134], [7.002885942653878, 5.558342713161802, 4.153304215693635, 3.263910339177777, 2.846875146408449, 2.4609521523761217, 3.36775338082028, 2.3968599517117184, 2.378391223426407, 0.0, 5.769120734005752, 7.106603250437191, 5.6884595410589025, 4.325891138413409, 3.0932339602014065, 7.798187541644972, 5.387137766657362, 4.458252517308287, 4.222274612709626, 7.9379580615241725, 5.587548887374125, 8.084859208793972, 5.794348350617169, 8.238509552897241, 6.006876395886494, 5.190118132239181, 4.988878994688532, 7.1628716765476, 5.340061332697131, 8.398538674554748, 6.224546268626417, 7.352668594605168, 5.592071158736481, 8.564589019355154, 6.446837166606437, 7.547917676892932, 5.846416478444896, 8.736317259611182, 6.6732873190699245, 5.9487415336354195, 5.774003224024526, 7.748206762849501, 6.102805291187485, 8.913395225073101, 6.903487439014802, 8.949425009039944, 7.870639756942837, 6.949944774939497, 6.257515047193129, 7.953155085262392, 6.360990504042138, 9.0955104641678, 7.13707467987166, 8.162411688236366, 6.620761961476705, 9.282366495504812, 7.373727153831331, 6.9119481286568245, 6.7250735557530605, 6.57101223004003, 8.375653664875035, 6.881940038696487, 8.592584305508199, 7.14437047118534, 8.812931224527476, 7.407920163617491, 9.036444515233372, 7.67247377702723, 9.096007327931858, 8.257708307852722], [2.231434785134142, 2.0294402751222593, 2.78531047825372, 3.5614845519236877, 3.9871394621020753, 4.428361995920407, 2.6493914172388466, 3.5979845240161845, 3.4117300717667396, 5.769120734005752, 0.0, 2.054895251183852, 1.8335542324457172, 2.6459871037669966, 3.8910890998900185, 3.6734812775829617, 4.033995284667034, 4.9408951199856, 5.303353039668213, 3.9407438042588163, 4.278798311531821, 4.209368094204909, 4.527409083844046, 4.479109148242607, 4.779233413617076, 5.566003831458938, 5.890119483378595, 4.547747010503393, 5.697425394992536, 4.749776706213175, 5.033789032016398, 4.824163705882068, 5.920406128055163, 5.0212209415195295, 5.290681714440738, 5.100728285099235, 6.1478518442114956, 5.293322370296143, 5.549586919387864, 6.239971282451751, 6.530723580315055, 5.377417930877912, 6.379284980567226, 5.56598460973934, 5.810235617926223, 5.620577175554948, 5.543483960141934, 5.862554140162166, 6.5198824894559415, 5.654214282806896, 6.614286992251002, 5.839129098032268, 6.072403303754655, 5.931102401419322, 6.8524907118569205, 6.112691187911705, 6.335901421166267, 6.7134093106303165, 6.948595070136004, 7.210830903951287, 6.208070007981621, 7.09357360460609, 6.485106918126647, 7.337251869705537, 6.762204614082717, 7.583275314973398, 7.039355917522811, 7.831422922657588, 7.489532210841134, 8.22524337668701], [3.75, 4.038873605350878, 4.802343178074636, 5.482928049865327, 5.8576872569299905, 6.25, 4.451123453691214, 5.273755777432247, 4.935900824591366, 7.106603250437191, 2.054895251183852, 0.0, 1.5, 3.0, 4.5, 1.75, 3.473110997362451, 4.828301978956992, 5.297405025104273, 2.0277777777777777, 3.621033376820681, 2.3055555555555554, 3.7835943783330004, 2.583333333333333, 3.9589911734065675, 5.188796692019365, 5.627931334967681, 3.132491021535417, 5.273755777432247, 2.8611111111111107, 4.14559486565239, 3.3789700015840536, 5.423784497157398, 3.1388888888888893, 4.341960784805654, 3.6299721115821533, 5.583609722291145, 3.416666666666667, 4.5468242885679135, 5.65009832756131, 6.055874099674721, 3.884620673602221, 5.752414951807438, 3.6944444444444446, 4.759088122013126, 3.75, 4.038873605350878, 4.802343178074636, 5.8576872569299905, 4.1422432343291575, 5.929433279188297, 3.9722222222222214, 4.977805679485294, 4.4023177116796, 6.113951360173542, 4.25, 5.202163011671203, 5.836308764964376, 6.189709201569974, 6.562202374203344, 4.6644339897188445, 6.305310812675649, 4.928266291706985, 6.502907706709, 5.193553102372256, 6.7061907091254485, 5.460082416960389, 6.914658342969665, 5.995462335468637, 7.192849975565861], [4.038873605350878, 3.75, 4.038873605350878, 4.5069390943299865, 4.802343178074636, 5.129571132170798, 3.400367627183861, 4.0697051490249265, 3.6529258403604445, 5.6884595410589025, 1.8335542324457172, 1.5, 0.0, 1.5, 3.0, 2.3048861143232218, 2.3048861143232218, 3.473110997362451, 3.913118960624632, 2.522277287700419, 2.522277287700419, 2.750561109983395, 2.750561109983395, 2.98724138815582, 2.98724138815582, 3.9589911734065675, 4.350127712046063, 2.75, 4.0697051490249265, 3.2304731526702795, 3.2304731526702795, 3.0277777777777777, 4.26232779964246, 3.478882501147477, 3.478882501147477, 3.3055555555555554, 4.463932966663388, 3.7314355295396853, 3.7314355295396853, 4.5468242885679135, 4.89117686360973, 3.583333333333333, 4.6733582976033174, 3.987344950350599, 3.987344950350599, 4.038873605350878, 3.75, 4.038873605350878, 4.802343178074636, 3.8611111111111107, 4.889599064580416, 4.246003931076377, 4.246003931076377, 4.138888888888889, 5.111790413795141, 4.5069390943299865, 4.5069390943299865, 4.930770730829005, 5.202163011671203, 5.50567888638631, 4.416666666666668, 5.339189493213783, 4.694444444444445, 5.571158644480994, 4.972222222222221, 5.807150232873306, 5.25, 6.046693311223912, 5.675532403085581, 6.417533368008365], [4.802343178074636, 4.038873605350878, 3.75, 3.881043674065006, 4.038873605350878, 4.25, 2.7950849718747373, 3.132491021535417, 2.612396876461231, 4.325891138413409, 2.6459871037669966, 3.0, 1.5, 0.0, 1.5, 3.473110997362451, 1.75, 2.3048861143232218, 2.6575364531836625, 3.621033376820681, 2.0277777777777777, 3.7835943783330004, 2.3055555555555554, 3.9589911734065675, 2.583333333333333, 2.98724138815582, 3.2670492973187764, 3.132491021535417, 3.132491021535417, 4.14559486565239, 2.8611111111111107, 3.3789700015840536, 3.3789700015840536, 4.341960784805654, 3.1388888888888893, 3.6299721115821533, 3.6299721115821533, 4.5468242885679135, 3.416666666666667, 3.7314355295396853, 3.958991173406568, 3.884620673602221, 3.884620673602221, 4.759088122013126, 3.6944444444444446, 4.802343178074636, 4.038873605350878, 3.75, 4.038873605350878, 4.1422432343291575, 4.1422432343291575, 4.977805679485294, 3.9722222222222214, 4.4023177116796, 4.4023177116796, 5.202163011671203, 4.25, 4.366062299143245, 4.5069390943299865, 4.697073557013984, 4.6644339897188445, 4.6644339897188445, 4.928266291706985, 4.928266291706985, 5.193553102372256, 5.193553102372256, 5.460082416960389, 5.460082416960389, 5.742627229842257, 5.927257231469187], [5.8576872569299905, 4.802343178074636, 4.038873605350878, 3.783186487605389, 3.75, 3.783186487605389, 2.9261749776799064, 2.75, 2.1921148886670454, 3.0932339602014065, 3.8910890998900185, 4.5, 3.0, 1.5, 0.0, 4.828301978956992, 2.3048861143232218, 1.75, 1.8200274723201295, 4.935775796776975, 2.522277287700419, 5.0562423220958355, 2.750561109983395, 5.188796692019365, 2.98724138815582, 2.583333333333333, 2.631275567307824, 4.0697051490249265, 2.75, 5.332537556372524, 3.2304731526702795, 4.26232779964246, 3.0277777777777777, 5.486585774121291, 3.478882501147477, 4.463932966663388, 3.3055555555555554, 5.65009832756131, 3.7314355295396853, 3.416666666666667, 3.4530582258501106, 4.6733582976033174, 3.583333333333333, 5.822277883533765, 3.987344950350599, 5.8576872569299905, 4.802343178074636, 4.038873605350878, 3.75, 4.889599064580416, 3.8611111111111107, 6.002378643730837, 4.246003931076377, 5.111790413795141, 4.138888888888889, 6.189709201569974, 4.5069390943299865, 4.2793106921559225, 4.25, 4.2793106921559225, 5.339189493213783, 4.416666666666668, 5.571158644480994, 4.694444444444445, 5.807150232873306, 4.972222222222221, 6.046693311223912, 5.25, 6.184162590308983, 5.794827180037965], [5.5, 5.70087712549569, 6.264982043070834, 6.800735254367722, 7.106335201775948, 7.433034373659253, 5.70087712549569, 6.363961030678928, 5.9239593702963, 7.798187541644972, 3.6734812775829617, 1.75, 2.3048861143232218, 3.473110997362451, 4.828301978956992, 0.0, 3.0, 4.5, 5.0, 0.2777777777777777, 3.0128326362124995, 0.5555555555555554, 3.0510067150546627, 0.833333333333333, 3.1135902820449006, 4.576510072581994, 5.068968775248516, 1.8027756377319946, 4.6097722286464435, 1.1111111111111107, 3.199151121975104, 1.9704608723297998, 4.677896541115752, 1.3888888888888893, 3.305905677069298, 2.1609611487529694, 4.761276413570184, 1.666666666666667, 3.4318767136623336, 4.7987266829626565, 5.270462766947299, 2.3687784005919825, 4.85912657903775, 1.9444444444444446, 3.5750334540435933, 2.0, 2.5, 3.605551275463989, 4.924428900898052, 2.589747115734814, 4.970592532430795, 2.2222222222222214, 3.7333994703136537, 2.8207782832858013, 5.0947806747157225, 2.5, 3.905124837953327, 4.716990566028302, 5.1478150704935, 5.5901699437494745, 3.059593291780971, 5.230784942158406, 3.304504968436234, 5.377708906813361, 3.554253233716291, 5.534683012547576, 3.8078865529319543, 5.70087712549569, 4.383980891106727, 5.876566479332947], [6.264982043070834, 5.70087712549569, 5.5, 5.5901699437494745, 5.70087712549569, 5.852349955359813, 4.527692569068709, 4.743416490252569, 4.189844282412415, 5.387137766657362, 4.033995284667034, 3.473110997362451, 2.3048861143232218, 1.75, 2.3048861143232218, 3.0, 0.0, 1.5, 2.0, 3.0128326362124995, 0.2777777777777777, 3.0510067150546627, 0.5555555555555554, 3.1135902820449006, 0.833333333333333, 1.7159383568311666, 2.1666666666666665, 1.8027756377319946, 1.8027756377319946, 3.199151121975104, 1.1111111111111107, 1.9704608723297998, 1.9704608723297998, 3.305905677069298, 1.3888888888888893, 2.1609611487529694, 2.1609611487529694, 3.4318767136623336, 1.666666666666667, 2.242270674512285, 2.6034165586355518, 2.3687784005919825, 2.3687784005919825, 3.5750334540435933, 1.9444444444444446, 3.605551275463989, 2.5, 2.0, 2.5, 2.589747115734814, 2.589747115734814, 3.7333994703136537, 2.2222222222222214, 2.8207782832858013, 2.8207782832858013, 3.905124837953327, 2.5, 2.692582403567252, 2.9154759474226504, 3.2015621187164243, 3.059593291780971, 3.059593291780971, 3.304504968436234, 3.304504968436234, 3.554253233716291, 3.554253233716291, 3.8078865529319543, 3.8078865529319543, 4.03131335156319, 4.234302906385606], [7.106335201775948, 6.264982043070834, 5.70087712549569, 5.522680508593631, 5.5, 5.522680508593631, 4.6097722286464435, 4.5, 3.941515616591585, 4.458252517308287, 4.9408951199856, 4.828301978956992, 3.473110997362451, 2.3048861143232218, 1.75, 4.5, 1.5, 0.0, 0.5, 4.50856523672744, 1.5255033575273313, 4.534163867275712, 1.599575560987552, 4.576510072581994, 1.7159383568311666, 0.833333333333333, 0.9718253158075498, 3.1622776601683795, 1.0, 4.635144863025811, 1.8666997351568269, 3.2607845757398195, 1.2777777777777777, 4.709459878338387, 2.0442632769971225, 3.379312516832344, 1.5555555555555554, 4.7987266829626565, 2.242270674512285, 1.666666666666667, 1.7400510848184252, 3.515837184954831, 1.833333333333333, 4.902128537434618, 2.455781789477816, 4.924428900898052, 3.605551275463989, 2.5, 2.0, 3.668349782048706, 2.1111111111111107, 5.018791847141927, 2.6810952248919224, 3.834943301204959, 2.3888888888888893, 5.1478150704935, 2.9154759474226504, 2.5495097567963922, 2.5, 2.5495097567963922, 4.013864859597432, 2.666666666666668, 4.203540541783766, 2.9444444444444446, 4.402580612479766, 3.2222222222222214, 4.6097722286464435, 3.5, 4.638705291451807, 4.0468462858784955], [7.433034373659253, 6.519202405202649, 5.852349955359813, 5.5901699437494745, 5.522680508593631, 5.5, 4.743416490252569, 4.527692569068709, 3.9827706567362275, 4.222274612709626, 5.303353039668213, 5.297405025104273, 3.913118960624632, 2.6575364531836625, 1.8200274723201295, 5.0, 2.0, 0.5, 0.0, 5.007710104811096, 2.0191979828206943, 5.0307695211874535, 2.0757268546966006, 5.068968775248516, 2.1666666666666665, 0.9718253158075498, 0.833333333333333, 3.640054944640259, 1.118033988749895, 5.121969142940493, 2.287917809108222, 3.7259516971349367, 1.3721210039142742, 5.189317136741502, 2.4349563334234587, 3.8301113673651517, 1.6339379077614156, 5.270462766947299, 2.6034165586355518, 1.7400510848184252, 1.666666666666667, 3.9510898637098992, 1.9002923751652296, 5.3647799766188795, 2.789420046807376, 5.385164807134504, 4.031128874149275, 2.8284271247461903, 2.0615528128088303, 4.087394050425869, 2.169513798862959, 5.471587667664503, 2.9896942326830462, 4.237545294561085, 2.4406536262765335, 5.5901699437494745, 3.2015621187164243, 2.692582403567252, 2.5495097567963922, 2.5, 4.400126260814696, 2.713136766016619, 4.573811658389505, 2.986595567936803, 4.7573854215716755, 3.260784575739819, 4.949747468305833, 3.5355339059327378, 4.926758900307596, 4.106033704322161], [5.777777777777778, 5.969314537648583, 6.510200922351223, 7.027283689263065, 7.323436082153153, 7.640858331979642, 5.9225974448570415, 6.563319319812739, 6.1122638220822685, 7.9379580615241725, 3.9407438042588163, 2.0277777777777777, 2.522277287700419, 3.621033376820681, 4.935775796776975, 0.2777777777777777, 3.0128326362124995, 4.50856523672744, 5.007710104811096, 0.0, 3.0, 0.2777777777777777, 3.0128326362124995, 0.5555555555555554, 3.0510067150546627, 4.534163867275712, 5.0307695211874535, 1.664813784863522, 4.557587622665263, 0.833333333333333, 3.1135902820449006, 1.8027756377319946, 4.6097722286464435, 1.1111111111111116, 3.1991511219751043, 1.9704608723297998, 4.677896541115752, 1.3888888888888893, 3.305905677069298, 4.709459878338387, 5.189317136741502, 2.1609611487529694, 4.761276413570184, 1.666666666666667, 3.4318767136623336, 1.7222222222222223, 2.2838671990104964, 3.4591977946795773, 4.818303579343673, 2.3687784005919825, 4.85912657903775, 1.9444444444444438, 3.575033454043593, 2.5897471157348146, 4.970592532430795, 2.2222222222222223, 3.733399470313654, 4.575835618216445, 5.018791847141927, 5.471587667664503, 2.820778283285802, 5.094780674715723, 3.05959329178097, 5.230784942158405, 3.304504968436233, 5.377708906813361, 3.5542532337162918, 5.5346830125475766, 4.138549861168636, 5.68917051891946], [6.510200922351223, 5.969314537648583, 5.777777777777778, 5.86367768975945, 5.969314537648583, 6.114140663198935, 4.803869325223903, 5.007710104811096, 4.452108435413317, 5.587548887374125, 4.278798311531821, 3.621033376820681, 2.522277287700419, 2.0277777777777777, 2.522277287700419, 3.0128326362124995, 0.2777777777777777, 1.5255033575273313, 2.0191979828206943, 3.0, 0.0, 3.0128326362124995, 0.2777777777777777, 3.0510067150546627, 0.5555555555555554, 1.599575560987552, 2.0757268546966006, 1.664813784863522, 1.664813784863522, 3.1135902820449006, 0.833333333333333, 1.8027756377319946, 1.8027756377319946, 3.1991511219751043, 1.1111111111111116, 1.9704608723297998, 1.9704608723297998, 3.305905677069298, 1.3888888888888893, 2.0442632769971225, 2.4349563334234587, 2.1609611487529694, 2.1609611487529694, 3.4318767136623336, 1.666666666666667, 3.4591977946795773, 2.2838671990104964, 1.7222222222222223, 2.2838671990104964, 2.3687784005919825, 2.3687784005919825, 3.575033454043593, 1.9444444444444438, 2.5897471157348146, 2.5897471157348146, 3.733399470313654, 2.2222222222222223, 2.436856911051257, 2.6810952248919233, 2.9896942326830467, 2.820778283285802, 2.820778283285802, 3.05959329178097, 3.05959329178097, 3.304504968436233, 3.304504968436233, 3.5542532337162918, 3.5542532337162918, 3.7629501509163847, 3.970132077191926], [6.055555555555555, 6.238569794946575, 6.757940003168107, 7.257392995175317, 7.54451808178758, 7.85300917396763, 6.148873228105182, 6.768208180553302, 6.307183557516338, 8.084859208793972, 4.209368094204909, 2.3055555555555554, 2.750561109983395, 3.7835943783330004, 5.0562423220958355, 0.5555555555555554, 3.0510067150546627, 4.534163867275712, 5.0307695211874535, 0.2777777777777777, 3.0128326362124995, 0.0, 3.0, 0.2777777777777777, 3.0128326362124995, 4.50856523672744, 5.007710104811096, 1.5644586489254138, 4.521894610027696, 0.5555555555555554, 3.0510067150546627, 1.664813784863522, 4.557587622665263, 0.8333333333333339, 3.1135902820449006, 1.8027756377319946, 4.6097722286464435, 1.1111111111111116, 3.1991511219751043, 4.635144863025811, 5.121969142940493, 1.9704608723297998, 4.677896541115752, 1.3888888888888893, 3.305905677069298, 1.4444444444444446, 2.0824072015545902, 3.329627569727044, 4.726142163867526, 2.1609611487529694, 4.761276413570184, 1.666666666666666, 3.431876713662333, 2.368778400591983, 4.859126579037751, 1.9444444444444446, 3.5750334540435933, 4.44756834658343, 4.902128537434618, 5.3647799766188795, 2.5897471157348155, 4.970592532430796, 2.8207782832858013, 5.0947806747157225, 3.059593291780969, 5.2307849421584045, 3.304504968436234, 5.377708906813361, 3.8974635906988606, 5.50941102009274], [6.757940003168107, 6.238569794946575, 6.055555555555555, 6.137568988322637, 6.238569794946575, 6.377284146595614, 5.080220662068592, 5.273389988926349, 4.716149374028258, 5.794348350617169, 4.527409083844046, 3.7835943783330004, 2.750561109983395, 2.3055555555555554, 2.750561109983395, 3.0510067150546627, 0.5555555555555554, 1.599575560987552, 2.0757268546966006, 3.0128326362124995, 0.2777777777777777, 3.0, 0.0, 3.0128326362124995, 0.2777777777777777, 1.5255033575273313, 2.0191979828206943, 1.5644586489254138, 1.5644586489254138, 3.0510067150546627, 0.5555555555555554, 1.664813784863522, 1.664813784863522, 3.1135902820449006, 0.8333333333333339, 1.8027756377319946, 1.8027756377319946, 3.1991511219751043, 1.1111111111111116, 1.8666997351568273, 2.2879178091082224, 1.9704608723297998, 1.9704608723297998, 3.305905677069298, 1.3888888888888893, 3.329627569727044, 2.0824072015545902, 1.4444444444444446, 2.0824072015545902, 2.1609611487529694, 2.1609611487529694, 3.431876713662333, 1.666666666666666, 2.368778400591983, 2.368778400591983, 3.5750334540435933, 1.9444444444444446, 2.186518739350492, 2.455781789477816, 2.789420046807376, 2.5897471157348155, 2.5897471157348155, 2.8207782832858013, 2.8207782832858013, 3.059593291780969, 3.059593291780969, 3.304504968436234, 3.304504968436234, 3.496057969445868, 3.7079505532470747], [6.333333333333333, 6.508541396588878, 7.0079320138762125, 7.49073501808141, 7.769241347204443, 8.069145624606803, 6.379219736334879, 6.97814047181944, 6.508124216187603, 8.238509552897241, 4.479109148242607, 2.583333333333333, 2.98724138815582, 3.9589911734065675, 5.188796692019365, 0.833333333333333, 3.1135902820449006, 4.576510072581994, 5.068968775248516, 0.5555555555555554, 3.0510067150546627, 0.2777777777777777, 3.0128326362124995, 0.0, 3.0, 4.5, 5.0, 1.509230856356236, 4.503085362035432, 0.2777777777777777, 3.0128326362124995, 1.5644586489254138, 4.521894610027696, 0.5555555555555562, 3.0510067150546627, 1.664813784863522, 4.557587622665263, 0.8333333333333339, 3.1135902820449006, 4.576510072581994, 5.068968775248517, 1.8027756377319946, 4.6097722286464435, 1.1111111111111116, 3.1991511219751043, 1.166666666666667, 1.90029237516523, 3.218867985971328, 4.648775226993784, 1.9704608723297998, 4.677896541115752, 1.3888888888888884, 3.3059056770692976, 2.16096114875297, 4.761276413570184, 1.666666666666667, 3.4318767136623336, 4.333333333333333, 4.7987266829626565, 5.270462766947299, 2.3687784005919834, 4.859126579037751, 2.5897471157348146, 4.970592532430795, 2.8207782832858004, 5.094780674715722, 3.05959329178097, 5.230784942158405, 3.661580385014359, 5.338059513620156], [7.0079320138762125, 6.508541396588878, 6.333333333333333, 6.411794687223781, 6.508541396588878, 6.641619615057091, 5.3567195599960655, 5.540256712864887, 4.98168458488393, 6.006876395886494, 4.779233413617076, 3.9589911734065675, 2.98724138815582, 2.583333333333333, 2.98724138815582, 3.1135902820449006, 0.833333333333333, 1.7159383568311666, 2.1666666666666665, 3.0510067150546627, 0.5555555555555554, 3.0128326362124995, 0.2777777777777777, 3.0, 0.0, 1.5, 2.0, 1.509230856356236, 1.509230856356236, 3.0128326362124995, 0.2777777777777777, 1.5644586489254138, 1.5644586489254138, 3.0510067150546627, 0.5555555555555562, 1.664813784863522, 1.664813784863522, 3.1135902820449006, 0.8333333333333339, 1.715938356831167, 2.166666666666667, 1.8027756377319946, 1.8027756377319946, 3.1991511219751043, 1.1111111111111116, 3.218867985971328, 1.90029237516523, 1.166666666666667, 1.90029237516523, 1.9704608723297998, 1.9704608723297998, 3.3059056770692976, 1.3888888888888884, 2.16096114875297, 2.16096114875297, 3.4318767136623336, 1.666666666666667, 1.9436506316151003, 2.242270674512285, 2.6034165586355518, 2.3687784005919834, 2.3687784005919834, 2.5897471157348146, 2.5897471157348146, 2.8207782832858004, 2.8207782832858004, 3.05959329178097, 3.05959329178097, 3.231001361934812, 3.44821212919922], [7.769241347204443, 7.0079320138762125, 6.508541396588878, 6.353039517515306, 6.333333333333333, 6.353039517515306, 5.426273532033235, 5.333333333333333, 4.774717954836863, 5.190118132239181, 5.566003831458938, 5.188796692019365, 3.9589911734065675, 2.98724138815582, 2.583333333333333, 4.576510072581994, 1.7159383568311666, 0.833333333333333, 0.9718253158075498, 4.534163867275712, 1.599575560987552, 4.50856523672744, 1.5255033575273313, 4.5, 1.5, 0.0, 0.5, 3.0046260628866577, 0.16666666666666696, 4.50856523672744, 1.5255033575273313, 3.032743125323596, 0.44444444444444464, 4.534163867275712, 1.5995755609875524, 3.0857097948886256, 0.7222222222222223, 4.576510072581994, 1.715938356831167, 0.8333333333333339, 0.9718253158075506, 3.1622776601683795, 1.0, 4.635144863025811, 1.8666997351568273, 4.648775226993784, 3.218867985971328, 1.90029237516523, 1.166666666666667, 3.2607845757398195, 1.2777777777777777, 4.709459878338387, 2.0442632769971216, 3.3793125168323446, 1.5555555555555562, 4.7987266829626565, 2.242270674512285, 1.7400510848184252, 1.666666666666667, 1.7400510848184252, 3.5158371849548318, 1.8333333333333348, 3.6683497820487063, 2.1111111111111116, 3.8349433012049587, 2.3888888888888884, 4.013864859597432, 2.666666666666667, 3.963012647377745, 3.2152465918587954], [8.069145624606803, 7.236097782030803, 6.641619615057091, 6.411794687223781, 6.353039517515306, 6.333333333333333, 5.540256712864887, 5.3567195599960655, 4.808830242019912, 4.988878994688532, 5.890119483378595, 5.627931334967681, 4.350127712046063, 3.2670492973187764, 2.631275567307824, 5.068968775248516, 2.1666666666666665, 0.9718253158075498, 0.833333333333333, 5.0307695211874535, 2.0757268546966006, 5.007710104811096, 2.0191979828206943, 5.0, 2.0, 0.5, 0.0, 3.5039660069381067, 0.52704627669473, 5.007710104811096, 2.0191979828206943, 3.5281058465127617, 0.6689774765995721, 5.0307695211874535, 2.0757268546966006, 3.5737382302389755, 0.8784104611578832, 5.068968775248517, 2.166666666666667, 0.9718253158075506, 0.8333333333333339, 3.640054944640259, 1.118033988749895, 5.121969142940493, 2.2879178091082224, 5.134307266916454, 3.689323936863109, 2.3154073315749675, 1.269295517643985, 3.7259516971349367, 1.3721210039142742, 5.189317136741502, 2.4349563334234583, 3.830111367365152, 1.6339379077614165, 5.270462766947299, 2.6034165586355518, 1.9436506316151003, 1.7400510848184252, 1.666666666666667, 3.9510898637099, 1.9002923751652314, 4.087394050425869, 2.16951379886296, 4.237545294561085, 2.4406536262765326, 4.400126260814695, 2.713136766016618, 4.2966074668385845, 3.289431343858782], [6.670832032063167, 6.5, 6.670832032063167, 6.96419413859206, 7.158910531638177, 7.3824115301167, 5.852349955359813, 6.264982043070834, 5.740694641195152, 7.1628716765476, 4.547747010503393, 3.132491021535417, 2.75, 3.132491021535417, 4.0697051490249265, 1.8027756377319946, 1.8027756377319946, 3.1622776601683795, 3.640054944640259, 1.664813784863522, 1.664813784863522, 1.5644586489254138, 1.5644586489254138, 1.509230856356236, 1.509230856356236, 3.0046260628866577, 3.5039660069381067, 0.0, 3.0, 1.5041095967423204, 1.5041095967423204, 0.2777777777777777, 3.0128326362124995, 1.5495917423312615, 1.5495917423312615, 0.5555555555555554, 3.0510067150546627, 1.6414763002993509, 1.6414763002993509, 3.073181485764296, 3.5629263877386586, 0.833333333333333, 3.1135902820449006, 1.7725617926159798, 1.7725617926159798, 1.8027756377319946, 1.0, 1.8027756377319946, 3.1622776601683795, 1.1111111111111107, 3.199151121975104, 1.9348971963631103, 1.9348971963631103, 1.3888888888888893, 3.305905677069298, 2.1213203435596424, 2.1213203435596424, 2.9154759474226504, 3.3541019662496847, 3.8078865529319543, 1.6666666666666679, 3.431876713662334, 1.9444444444444446, 3.5750334540435933, 2.2222222222222214, 3.7333994703136537, 2.5, 3.905124837953327, 2.945761958730969, 4.111126239013648], [7.905694150420948, 7.158910531638177, 6.670832032063167, 6.519202405202649, 6.5, 6.519202405202649, 5.5901699437494745, 5.5, 4.94136372405325, 5.340061332697131, 5.697425394992536, 5.273755777432247, 4.0697051490249265, 3.132491021535417, 2.75, 4.6097722286464435, 1.8027756377319946, 1.0, 1.118033988749895, 4.557587622665263, 1.664813784863522, 4.521894610027696, 1.5644586489254138, 4.503085362035432, 1.509230856356236, 0.16666666666666696, 0.52704627669473, 3.0, 0.0, 4.501371533101033, 1.5041095967423204, 3.0128326362124995, 0.2777777777777777, 4.516772583150632, 1.5495917423312615, 3.0510067150546627, 0.5555555555555554, 4.549114687985393, 1.6414763002993509, 0.666666666666667, 0.8333333333333336, 3.1135902820449006, 0.833333333333333, 4.598040377013014, 1.7725617926159798, 4.6097722286464435, 3.1622776601683795, 1.8027756377319946, 1.0, 3.199151121975104, 1.1111111111111107, 4.663027681720732, 1.9348971963631103, 3.305905677069298, 1.3888888888888893, 4.743416490252569, 2.1213203435596424, 1.5811388300841898, 1.5, 1.5811388300841898, 3.431876713662334, 1.6666666666666679, 3.5750334540435933, 1.9444444444444446, 3.7333994703136537, 2.2222222222222214, 3.905124837953327, 2.5, 3.8353242890802886, 3.049040253934419], [6.611111111111111, 6.779143760347377, 7.2599442231643065, 7.727016896801558, 7.997298926728748, 8.288955912746598, 6.613211617756879, 7.192674599982579, 6.714545270240186, 8.398538674554748, 4.749776706213175, 2.8611111111111107, 3.2304731526702795, 4.14559486565239, 5.332537556372524, 1.1111111111111107, 3.199151121975104, 4.635144863025811, 5.121969142940493, 0.833333333333333, 3.1135902820449006, 0.5555555555555554, 3.0510067150546627, 0.2777777777777777, 3.0128326362124995, 4.50856523672744, 5.007710104811096, 1.5041095967423204, 4.501371533101033, 0.0, 3.0, 1.509230856356236, 4.503085362035432, 0.27777777777777857, 3.0128326362125, 1.5644586489254138, 4.521894610027696, 0.5555555555555562, 3.0510067150546627, 4.534163867275712, 5.0307695211874535, 1.664813784863522, 4.557587622665263, 0.8333333333333339, 3.1135902820449006, 0.8888888888888893, 1.7435949807194686, 3.1289172978508275, 4.58695143388178, 1.8027756377319946, 4.6097722286464435, 1.1111111111111107, 3.199151121975104, 1.9704608723298003, 4.677896541115752, 1.3888888888888893, 3.305905677069298, 4.234266447175829, 4.709459878338387, 5.189317136741502, 2.1609611487529707, 4.761276413570184, 2.368778400591983, 4.859126579037751, 2.589747115734814, 4.970592532430795, 2.8207782832858013, 5.0947806747157225, 3.431973248537183, 5.175951114649007], [7.2599442231643065, 6.779143760347377, 6.611111111111111, 6.686313642318672, 6.779143760347377, 6.907010215965862, 5.633344291025941, 5.8081466838600555, 5.248487275020063, 6.224546268626417, 5.033789032016398, 4.14559486565239, 3.2304731526702795, 2.8611111111111107, 3.2304731526702795, 3.199151121975104, 1.1111111111111107, 1.8666997351568269, 2.287917809108222, 3.1135902820449006, 0.833333333333333, 3.0510067150546627, 0.5555555555555554, 3.0128326362124995, 0.2777777777777777, 1.5255033575273313, 2.0191979828206943, 1.5041095967423204, 1.5041095967423204, 3.0, 0.0, 1.509230856356236, 1.509230856356236, 3.0128326362125, 0.27777777777777857, 1.5644586489254138, 1.5644586489254138, 3.0510067150546627, 0.5555555555555562, 1.5995755609875524, 2.0757268546966006, 1.664813784863522, 1.664813784863522, 3.1135902820449006, 0.8333333333333339, 3.1289172978508275, 1.7435949807194686, 0.8888888888888893, 1.7435949807194686, 1.8027756377319946, 1.8027756377319946, 3.199151121975104, 1.1111111111111107, 1.9704608723298003, 1.9704608723298003, 3.305905677069298, 1.3888888888888893, 1.7114357556388184, 2.0442632769971225, 2.4349563334234587, 2.1609611487529707, 2.1609611487529707, 2.368778400591983, 2.368778400591983, 2.589747115734814, 2.589747115734814, 2.8207782832858013, 2.8207782832858013, 2.968272100663545, 3.191513349218873], [6.941777265581075, 6.777777777777778, 6.941777265581075, 7.224145043182499, 7.412035591181296, 7.628123727689416, 6.114140663198935, 6.510200922351223, 5.9814383662139905, 7.352668594605168, 4.824163705882068, 3.3789700015840536, 3.0277777777777777, 3.3789700015840536, 4.26232779964246, 1.9704608723297998, 1.9704608723297998, 3.2607845757398195, 3.7259516971349367, 1.8027756377319946, 1.8027756377319946, 1.664813784863522, 1.664813784863522, 1.5644586489254138, 1.5644586489254138, 3.032743125323596, 3.5281058465127617, 0.2777777777777777, 3.0128326362124995, 1.509230856356236, 1.509230856356236, 0.0, 3.0, 1.5041095967423204, 1.5041095967423204, 0.2777777777777777, 3.0128326362124995, 1.5495917423312615, 1.5495917423312615, 3.025100753347107, 3.5215386648312177, 0.5555555555555554, 3.0510067150546627, 1.64147630029