totalHoles = 70;
zeroHoleID = 27;
C = [[0.0, 1.0, 2.833333333333333, 4.666666666666666, 6.5, 1.0227015045197394, 2.841425020148291, 4.6715839011115605, 6.503531222908593, 0.5590169943749475, 1.0879675865519869, 2.865562989565145, 4.686304647285057, 6.514113406242461, 1.1888083555066598, 2.905347325863162, 4.710737000077612, 6.531712279802475, 1.3170777796132698, 2.960147235413941, 4.744730936030914, 6.55627133953065, 1.4655917520487993, 3.0291478936247476, 4.788082806453042, 6.5877127429536175, 1.6288220358559113, 3.111404667070417, 4.840541188985749, 6.625938516503892, 1.5, 1.8027756377319946, 3.2058973436118907, 4.9018137232842465, 6.670832032063167, 2.0, 2.0275875100994063, 2.23606797749979, 5.0771820705759385, 3.0046260628866577, 3.0413812651491097, 4.126472801046649, 3.5029142386397796, 5.748755164471964, 5.1973523697483515, 4.819179369552286, 6.6334205033071845, 6.378153259546808, 6.1532304440805055, 7.657677368219227, 10.057605730679334, 8.90559870993477, 7.617931465863559, 10.406855287189666, 7.495576927054231, 8.772767593363312, 8.892052299908519, 8.842441716528535, 9.948193468564122, 10.187638679272565, 10.192033703849695, 11.497436370073991, 11.5, 11.504829903614878, 11.543396380615196, 12.341279755279064, 12.501111061732784, 12.509996003196804, 12.817089286486919, 13.475338869102918], [1.0, 0.0, 1.833333333333333, 3.666666666666666, 5.5, 0.2142857142857143, 1.84581404222041, 3.6729229248367545, 5.504172814088139, 0.5590169943749475, 0.4285714285714286, 1.8827598308065914, 3.69162808444082, 5.516672318471322, 0.6428571428571428, 1.94277544179289, 3.7225944918251423, 5.53744212666123, 0.8571428571428572, 2.0238095238095233, 3.7655196616131827, 5.56638966274829, 1.0714285714285714, 2.123457156333647, 3.8200004748845133, 5.603388187844339, 1.2857142857142856, 2.2392347656288534, 3.88555088358578, 5.648279492419776, 1.8027756377319946, 1.5, 2.3687784005919825, 3.961621441334904, 5.70087712549569, 2.23606797749979, 2.1081851067789197, 2.0, 4.176654695380555, 3.1135902820449006, 3.0413812651491097, 3.515837184954831, 3.357142857142857, 4.9714034847022575, 4.727134966199096, 4.714285714285714, 5.972347464805008, 6.001180911754028, 6.071428571428571, 7.092720870188225, 9.301043464684014, 8.295335457077874, 7.305218213847375, 9.699270268574887, 7.428571428571429, 8.284208949189548, 8.62565518889097, 8.785714285714286, 9.52014810570973, 9.95596882240718, 10.142857142857142, 11.292669144946803, 11.543396380615196, 11.51930746375165, 11.5, 12.103397147277455, 12.527746981977424, 12.509996003196804, 12.633729105498151, 13.315491469397166], [2.833333333333333, 1.833333333333333, 0.0, 1.833333333333333, 3.666666666666667, 1.84581404222041, 0.2142857142857143, 1.84581404222041, 3.6729229248367554, 2.34668797338812, 1.8827598308065914, 0.4285714285714286, 1.8827598308065914, 3.6916280844408207, 1.94277544179289, 0.6428571428571428, 1.94277544179289, 3.7225944918251432, 2.0238095238095233, 0.8571428571428572, 2.0238095238095233, 3.765519661613184, 2.123457156333647, 1.0714285714285714, 2.123457156333647, 3.8200004748845147, 2.2392347656288534, 1.2857142857142856, 2.2392347656288534, 3.885550883585781, 3.2058973436118907, 2.3687784005919825, 1.5, 2.3687784005919825, 3.9616214413349047, 3.4681086744474685, 3.2015621187164243, 2.7131367660166177, 2.7131367660166177, 4.013864859597431, 3.8005847503304597, 3.0, 3.825116896825039, 3.825116896825039, 4.357142857142858, 5.058221120812086, 5.058221120812086, 5.714285714285714, 6.342188581954205, 6.342188581954205, 8.053124293692225, 7.400159123661506, 7.071428571428571, 8.554988833440182, 7.651456369901018, 7.651456369901018, 8.428571428571429, 8.974958864602957, 8.974958864602957, 9.785714285714286, 10.307214081967992, 11.142857142857142, 11.843892002959914, 11.76860229593982, 11.645218379708949, 11.87543264663303, 12.781279713358561, 12.71591304014165, 12.5, 13.215355051826135], [4.666666666666666, 3.666666666666666, 1.833333333333333, 0.0, 1.833333333333334, 3.6729229248367545, 1.84581404222041, 0.2142857142857143, 1.8458140422204108, 4.174159928789398, 3.69162808444082, 1.8827598308065914, 0.4285714285714286, 1.8827598308065925, 3.7225944918251423, 1.94277544179289, 0.6428571428571428, 1.9427754417928909, 3.7655196616131827, 2.0238095238095233, 0.8571428571428572, 2.023809523809524, 3.8200004748845133, 2.123457156333647, 1.0714285714285714, 2.123457156333648, 3.88555088358578, 2.2392347656288534, 1.2857142857142856, 2.2392347656288543, 4.9018137232842465, 3.961621441334904, 2.3687784005919825, 1.5, 2.368778400591983, 5.0771820705759385, 4.772607021092117, 4.176654695380555, 2.0, 5.4083269131959835, 5.134307266916454, 3.515837184954831, 4.9714034847022575, 3.357142857142857, 4.727134966199096, 5.972347464805008, 4.714285714285714, 6.001180911754028, 7.092720870188225, 6.071428571428571, 7.065297903810765, 6.8872593959999895, 7.305218213847375, 7.682580709627065, 8.284208949189548, 7.428571428571429, 8.62565518889097, 9.52014810570973, 8.785714285714286, 9.95596882240718, 10.785267519392024, 11.292669144946803, 12.410792794087643, 12.289335937217185, 12.07039537233327, 11.92819352655436, 13.285330255586423, 13.176156917368248, 12.633729105498151, 13.368288126842819], [6.5, 5.5, 3.666666666666667, 1.833333333333334, 0.0, 5.504172814088139, 3.6729229248367554, 1.8458140422204108, 0.2142857142857143, 6.005206074732157, 5.516672318471322, 3.6916280844408207, 1.8827598308065925, 0.4285714285714286, 5.53744212666123, 3.7225944918251432, 1.9427754417928909, 0.6428571428571428, 5.56638966274829, 3.765519661613184, 2.023809523809524, 0.8571428571428572, 5.603388187844339, 3.8200004748845147, 2.123457156333648, 1.0714285714285714, 5.648279492419776, 3.885550883585781, 2.2392347656288543, 1.2857142857142856, 6.670832032063167, 5.70087712549569, 3.9616214413349047, 2.368778400591983, 1.5, 6.800735254367722, 6.482883446258908, 5.852349955359813, 2.713136766016618, 7.0079320138762125, 6.708203932499369, 4.737556801183965, 6.4436331493393775, 3.8251168968250395, 5.694658753779323, 7.243927787872983, 5.058221120812087, 6.789514391245831, 8.192206351036281, 6.342188581954205, 6.4580399713653, 6.84313898311965, 7.965522361104811, 7.18181599609763, 9.243033780604058, 7.651456369901019, 9.19158641209313, 10.365267749084154, 8.974958864602957, 10.450102799785135, 11.538091307508713, 11.730631259679374, 13.209844813622906, 13.049052754042256, 12.747548783981962, 12.258055444946041, 14.012890890573262, 13.865424623862047, 13.026682019779422, 13.765858780365612], [1.0227015045197394, 0.2142857142857143, 1.84581404222041, 3.6729229248367545, 5.504172814088139, 0.0, 1.833333333333333, 3.666666666666666, 5.5, 0.5012738874149357, 0.2142857142857143, 1.84581404222041, 3.6729229248367545, 5.504172814088139, 0.4285714285714285, 1.8827598308065914, 3.6916280844408194, 5.516672318471322, 0.6428571428571429, 1.94277544179289, 3.7225944918251423, 5.53744212666123, 0.8571428571428571, 2.0238095238095233, 3.7655196616131827, 5.56638966274829, 1.0714285714285712, 2.123457156333647, 3.8200004748845133, 5.603388187844339, 1.6288220358559113, 1.2857142857142856, 2.2392347656288534, 3.88555088358578, 5.648279492419776, 2.0466498259849146, 1.9061007199643272, 1.7857142857142856, 4.0783844785219205, 2.907687831607289, 2.8302303937369926, 3.3348635943234264, 3.142857142857143, 4.8292851919153215, 4.5303836942618405, 4.5, 5.804691589089333, 5.7975090436420285, 5.857142857142857, 6.910178499389435, 9.156762424283208, 8.120558528136176, 7.0979940317230765, 9.543639439157023, 7.214285714285714, 8.092611618741591, 8.416388828175032, 8.571428571428573, 9.32275882985002, 9.74542744106539, 9.928571428571429, 11.081280818592175, 11.32993146222763, 11.305387714856133, 11.285714285714286, 11.893469700118722, 12.313944126665858, 12.295884494830133, 12.421750545769111, 13.10286633965245], [2.841425020148291, 1.84581404222041, 0.2142857142857143, 1.84581404222041, 3.6729229248367554, 1.833333333333333, 0.0, 1.833333333333333, 3.666666666666667, 2.3336066409419827, 1.84581404222041, 0.2142857142857143, 1.84581404222041, 3.6729229248367554, 1.8827598308065914, 0.4285714285714285, 1.8827598308065914, 3.6916280844408202, 1.94277544179289, 0.6428571428571429, 1.94277544179289, 3.7225944918251432, 2.0238095238095233, 0.8571428571428571, 2.0238095238095233, 3.765519661613184, 2.123457156333647, 1.0714285714285712, 2.123457156333647, 3.8200004748845147, 3.111404667070417, 2.2392347656288534, 1.2857142857142856, 2.2392347656288534, 3.885550883585781, 3.3491123134320024, 3.0722590239437952, 2.5592746279591, 2.5592746279591, 3.8563344243910906, 3.6338201009512145, 2.7857142857142856, 3.6384972353320917, 3.6384972353320917, 4.142857142857143, 4.85912657903775, 4.85912657903775, 5.5, 6.137363730470168, 6.137363730470168, 7.886044601223074, 7.203695962416963, 6.857142857142857, 8.3781289045979, 7.443589824705419, 7.443589824705419, 8.214285714285715, 8.76530084288116, 8.76530084288116, 9.571428571428573, 10.09641727165414, 10.928571428571429, 11.635941075673824, 11.559296991546482, 11.433654623517654, 11.661402126143994, 12.571789316613415, 12.505327662826295, 12.285714285714286, 13.001092353684559], [4.6715839011115605, 3.6729229248367545, 1.84581404222041, 0.2142857142857143, 1.8458140422204108, 3.666666666666666, 1.833333333333333, 0.0, 1.833333333333334, 4.166819725079931, 3.6729229248367545, 1.84581404222041, 0.2142857142857143, 1.8458140422204108, 3.6916280844408194, 1.8827598308065914, 0.4285714285714285, 1.8827598308065925, 3.7225944918251423, 1.94277544179289, 0.6428571428571429, 1.9427754417928909, 3.7655196616131827, 2.0238095238095233, 0.8571428571428571, 2.023809523809524, 3.8200004748845133, 2.123457156333647, 1.0714285714285712, 2.123457156333648, 4.840541188985749, 3.88555088358578, 2.2392347656288534, 1.2857142857142856, 2.2392347656288543, 4.996654209366689, 4.686848972175427, 4.0783844785219205, 1.7857142857142856, 5.292466729383628, 5.012116837499278, 3.3348635943234264, 4.8292851919153215, 3.142857142857143, 4.5303836942618405, 5.804691589089333, 4.5, 5.7975090436420285, 6.910178499389435, 5.857142857142857, 6.874250725163907, 6.675718871494062, 7.0979940317230765, 7.485135694274787, 8.092611618741591, 7.214285714285714, 8.416388828175032, 9.32275882985002, 8.571428571428573, 9.74542744106539, 10.583996176146766, 11.081280818592175, 12.212498708968338, 12.089049785510577, 11.866414428260121, 11.715126965161385, 13.083912851674155, 12.973044616485184, 12.421750545769111, 13.156516282264663], [6.503531222908593, 5.504172814088139, 3.6729229248367554, 1.8458140422204108, 0.2142857142857143, 5.5, 3.666666666666667, 1.833333333333334, 0.0, 6.0001062915755154, 5.504172814088139, 3.6729229248367554, 1.8458140422204108, 0.2142857142857143, 5.516672318471322, 3.6916280844408202, 1.8827598308065925, 0.4285714285714285, 5.53744212666123, 3.7225944918251432, 1.9427754417928909, 0.6428571428571429, 5.56638966274829, 3.765519661613184, 2.023809523809524, 0.8571428571428571, 5.603388187844339, 3.8200004748845147, 2.123457156333648, 1.0714285714285712, 6.625938516503892, 5.648279492419776, 3.885550883585781, 2.2392347656288543, 1.2857142857142856, 6.7408289928023, 6.420011938305244, 5.782627042288313, 2.559274627959101, 6.918909971429297, 6.615149588757056, 4.604850543294223, 6.3346310879488605, 3.638497235332092, 5.532423497036981, 7.106335201775948, 4.859126579037751, 6.610177338350647, 8.034682473438485, 6.1373637304701685, 6.248453315387386, 6.630190917743143, 7.77591490486552, 6.970200212589047, 9.071709781918011, 7.44358982470542, 8.995495219295202, 10.184271586868746, 8.76530084288116, 10.24971654936875, 11.350177558621931, 11.52727712488219, 13.02372246858691, 12.860603590677744, 12.554574741454827, 12.050822473768726, 13.822079677867409, 13.672555558863314, 12.821201969965552, 13.560297238784168], [0.5590169943749475, 0.5590169943749475, 2.34668797338812, 4.174159928789398, 6.005206074732157, 0.5012738874149357, 2.3336066409419827, 4.166819725079931, 6.0001062915755154, 0.0, 0.5309310266899466, 2.340156447664661, 4.170491441810323, 6.002656724742973, 0.6358747790987448, 2.3661743763168257, 4.1851460961124145, 6.012847639404634, 0.7865255551980443, 2.4110302556011267, 4.210669015737369, 6.0306403017407355, 0.96163657270259, 2.4736995254888225, 4.246864256021175, 6.055967709454798, 1.1500887277217584, 2.5528706442115503, 4.293461912343437, 6.08873583608557, 1.346291201783626, 1.346291201783626, 2.6470633623780984, 4.350127712046062, 6.128825336065631, 1.8200274723201295, 1.7579185924774154, 1.8200274723201295, 4.5192489543187495, 2.7701283564324437, 2.75, 3.6065141680637334, 3.1471156214371723, 5.197638679804992, 4.723670912904924, 4.4921984527373136, 6.106632300203331, 5.941621227559982, 5.842861508905109, 7.1589204300198785, 9.51232813305574, 8.394805644525366, 7.209461297458118, 9.871891777289399, 7.195963295841777, 8.300180652625167, 8.504908879975691, 8.550346096348788, 9.498396152954355, 9.817040866942541, 9.90548446311333, 11.139963248554203, 11.261105629555209, 11.251234500168316, 11.261105629555209, 11.970022207981017, 12.25453430821062, 12.25, 12.470242357085304, 13.13959877785001], [1.0879675865519869, 0.4285714285714286, 1.8827598308065914, 3.69162808444082, 5.516672318471322, 0.2142857142857143, 1.84581404222041, 3.6729229248367545, 5.504172814088139, 0.5309310266899466, 0.0, 1.833333333333333, 3.666666666666666, 5.5, 0.2142857142857142, 1.8458140422204097, 3.6729229248367545, 5.504172814088139, 0.4285714285714286, 1.8827598308065914, 3.69162808444082, 5.516672318471322, 0.6428571428571428, 1.94277544179289, 3.7225944918251423, 5.53744212666123, 0.857142857142857, 2.0238095238095233, 3.7655196616131827, 5.56638966274829, 1.4655917520487993, 1.0714285714285714, 2.123457156333647, 3.8200004748845133, 5.603388187844339, 1.8626292586293283, 1.706995078946183, 1.5714285714285714, 3.989214484023951, 2.7030888521104197, 2.6195886886988924, 3.1580620654240303, 2.928571428571429, 4.692651175688359, 4.33529521261227, 4.285714285714286, 5.640194268216295, 5.594630159475709, 5.642857142857142, 6.729508241999434, 9.015266129864523, 7.947715898735363, 6.891201791525138, 9.390319508999672, 7.0, 7.9021797274197985, 8.207381501496753, 8.357142857142858, 9.126131775245103, 9.535052887115556, 9.714285714285714, 10.870005955769207, 11.116498127209166, 11.09148209468371, 11.071428571428571, 11.683700494503189, 12.10015835431696, 12.081779163480105, 12.209852532533436, 12.890296206553966], [2.865562989565145, 1.8827598308065914, 0.4285714285714286, 1.8827598308065914, 3.6916280844408207, 1.84581404222041, 0.2142857142857143, 1.84581404222041, 3.6729229248367554, 2.340156447664661, 1.833333333333333, 0.0, 1.833333333333333, 3.666666666666667, 1.8458140422204097, 0.2142857142857142, 1.8458140422204097, 3.6729229248367554, 1.8827598308065914, 0.4285714285714286, 1.8827598308065914, 3.6916280844408207, 1.94277544179289, 0.6428571428571428, 1.94277544179289, 3.7225944918251432, 2.0238095238095233, 0.857142857142857, 2.0238095238095233, 3.765519661613184, 3.0291478936247476, 2.123457156333647, 1.0714285714285714, 2.123457156333647, 3.8200004748845147, 3.2399329519111686, 2.9528609440849123, 2.4146425959576607, 2.4146425959576607, 3.7045048264336615, 3.4722743760255503, 2.571428571428571, 3.455089249694718, 3.455089249694718, 3.928571428571429, 4.661379414925009, 4.661379414925009, 5.285714285714286, 5.933207214130059, 5.933207214130059, 7.721296830843713, 7.008277442929049, 6.642857142857142, 8.203053741048226, 7.236097782030803, 7.236097782030803, 8.0, 8.555872126545896, 8.555872126545896, 9.357142857142858, 9.885770483370864, 10.714285714285714, 11.428224201074404, 11.35017755862193, 11.222194158156238, 11.447381154012806, 12.362463300904604, 12.294870157897012, 12.071428571428571, 12.786830426925096], [4.686304647285057, 3.69162808444082, 1.8827598308065914, 0.4285714285714286, 1.8827598308065925, 3.6729229248367545, 1.84581404222041, 0.2142857142857143, 1.8458140422204108, 4.170491441810323, 3.666666666666666, 1.833333333333333, 0.0, 1.833333333333334, 3.6729229248367545, 1.8458140422204097, 0.2142857142857142, 1.8458140422204106, 3.69162808444082, 1.8827598308065914, 0.4285714285714286, 1.8827598308065925, 3.7225944918251423, 1.94277544179289, 0.6428571428571428, 1.9427754417928909, 3.7655196616131827, 2.0238095238095233, 0.857142857142857, 2.023809523809524, 4.788082806453042, 3.8200004748845133, 2.123457156333647, 1.0714285714285714, 2.123457156333648, 4.924141095955701, 4.609464777268594, 3.989214484023951, 1.5714285714285714, 5.182879981049067, 4.896259389479921, 3.1580620654240303, 4.692651175688359, 2.928571428571429, 4.33529521261227, 5.640194268216295, 4.285714285714286, 5.594630159475709, 6.729508241999434, 5.642857142857142, 6.684612803291905, 6.464359183194234, 6.891201791525138, 7.288642061328912, 7.9021797274197985, 7.0, 8.207381501496753, 9.126131775245103, 8.357142857142858, 9.535052887115556, 10.383245705617293, 10.870005955769207, 12.01475377983347, 11.889251801102652, 11.662803053155333, 11.502105700586451, 12.882910686452112, 12.770297524576831, 12.209852532533436, 12.944827177811126], [6.514113406242461, 5.516672318471322, 3.6916280844408207, 1.8827598308065925, 0.4285714285714286, 5.504172814088139, 3.6729229248367554, 1.8458140422204108, 0.2142857142857143, 6.002656724742973, 5.5, 3.666666666666667, 1.833333333333334, 0.0, 5.504172814088139, 3.6729229248367554, 1.8458140422204106, 0.2142857142857142, 5.516672318471322, 3.6916280844408207, 1.8827598308065925, 0.4285714285714286, 5.53744212666123, 3.7225944918251432, 1.9427754417928909, 0.6428571428571428, 5.56638966274829, 3.765519661613184, 2.023809523809524, 0.857142857142857, 6.5877127429536175, 5.603388187844339, 3.8200004748845147, 2.123457156333648, 1.0714285714285714, 6.687255622084597, 6.363738330013249, 5.7200863415775505, 2.4146425959576616, 6.835448486315312, 6.527805519311921, 4.478469531257708, 6.231093853589826, 3.4550892496947183, 5.373836424178932, 6.972614067821015, 4.661379414925009, 6.432979088622045, 7.879837354583778, 5.93320721413006, 6.03919648066638, 6.4173319069414925, 7.587621199351784, 6.758752676348119, 8.902246907382429, 7.236097782030804, 8.80025252162939, 10.004590782970281, 8.555872126545896, 10.049903825083305, 11.163214005776988, 11.32432615265877, 12.83847851625125, 12.672975514456843, 12.362302803775876, 11.843840510235744, 13.631966067527205, 13.480333369583336, 12.61601490961177, 13.355009965630122], [1.1888083555066598, 0.6428571428571428, 1.94277544179289, 3.7225944918251423, 5.53744212666123, 0.4285714285714285, 1.8827598308065914, 3.6916280844408194, 5.516672318471322, 0.6358747790987448, 0.2142857142857142, 1.8458140422204097, 3.6729229248367545, 5.504172814088139, 0.0, 1.833333333333333, 3.666666666666666, 5.5, 0.2142857142857144, 1.84581404222041, 3.6729229248367545, 5.504172814088139, 0.4285714285714286, 1.8827598308065914, 3.69162808444082, 5.516672318471322, 0.6428571428571428, 1.94277544179289, 3.7225944918251423, 5.53744212666123, 1.3170777796132698, 0.8571428571428572, 2.0238095238095233, 3.7655196616131827, 5.56638966274829, 1.6857748173151355, 1.5120453627911836, 1.3571428571428572, 3.9097674072939834, 2.500113376113979, 2.409589684776143, 2.986173732402504, 2.7142857142857144, 4.5619942331419, 4.142104474594775, 4.071428571428571, 5.4791399924339705, 5.392633759696012, 5.428571428571429, 6.550864996284574, 8.876687750760073, 7.776936539527014, 6.684881578858073, 9.239425520683643, 6.7857142857142865, 7.712999598845535, 7.998653514804015, 8.142857142857144, 8.930317289627734, 9.324856451753293, 9.5, 10.65885130354632, 10.903098230338392, 10.877591436749801, 10.857142857142858, 11.47409820933915, 11.886390586680985, 11.867680343466194, 11.998039333399644, 12.677783836510853], [2.905347325863162, 1.94277544179289, 0.6428571428571428, 1.94277544179289, 3.7225944918251432, 1.8827598308065914, 0.4285714285714285, 1.8827598308065914, 3.6916280844408202, 2.3661743763168257, 1.8458140422204097, 0.2142857142857142, 1.8458140422204097, 3.6729229248367554, 1.833333333333333, 0.0, 1.833333333333333, 3.666666666666667, 1.84581404222041, 0.2142857142857144, 1.84581404222041, 3.6729229248367554, 1.8827598308065914, 0.4285714285714286, 1.8827598308065914, 3.6916280844408207, 1.94277544179289, 0.6428571428571428, 1.94277544179289, 3.7225944918251432, 2.960147235413941, 2.0238095238095233, 0.8571428571428572, 2.0238095238095233, 3.765519661613184, 3.141594262865855, 2.844615393105697, 2.28099711657095, 2.28099711657095, 3.5591057247700166, 3.3167102516535922, 2.357142857142857, 3.275432498142287, 3.275432498142287, 3.714285714285715, 4.465158644813867, 4.465158644813867, 5.071428571428571, 5.7297904731511045, 5.7297904731511045, 7.559033455555586, 6.813993443634041, 6.428571428571429, 8.029880083144807, 7.029013407190091, 7.029013407190091, 7.7857142857142865, 8.346689976277466, 8.346689976277466, 9.142857142857144, 9.675283515799995, 10.5, 11.220754377410904, 11.141254463497734, 11.01084293464943, 11.233370275992572, 12.153310160026567, 12.084547206210845, 11.857142857142858, 12.572569310985473], [4.710737000077612, 3.7225944918251423, 1.94277544179289, 0.6428571428571428, 1.9427754417928909, 3.6916280844408194, 1.8827598308065914, 0.4285714285714285, 1.8827598308065925, 4.1851460961124145, 3.6729229248367545, 1.8458140422204097, 0.2142857142857142, 1.8458140422204106, 3.666666666666666, 1.833333333333333, 0.0, 1.833333333333334, 3.6729229248367545, 1.84581404222041, 0.2142857142857144, 1.8458140422204108, 3.69162808444082, 1.8827598308065914, 0.4285714285714286, 1.8827598308065925, 3.7225944918251423, 1.94277544179289, 0.6428571428571428, 1.9427754417928909, 4.744730936030914, 3.7655196616131827, 2.0238095238095233, 0.8571428571428572, 2.023809523809524, 4.860001493052409, 4.540882569773375, 3.9097674072939834, 1.3571428571428572, 5.079972681912727, 4.787194748502582, 2.986173732402504, 4.5619942331419, 2.7142857142857144, 4.142104474594775, 5.4791399924339705, 4.071428571428571, 5.392633759696012, 6.550864996284574, 5.428571428571429, 6.496507551149735, 6.253198668055188, 6.684881578858073, 7.093178876169226, 7.712999598845535, 6.7857142857142865, 7.998653514804015, 8.930317289627734, 8.142857142857144, 9.324856451753293, 10.183046913593419, 10.65885130354632, 11.817585573973474, 11.689967014418217, 11.459580946302209, 11.289132297026603, 12.682343503260503, 12.567933316413045, 11.998039333399644, 12.733224940131775], [6.531712279802475, 5.53744212666123, 3.7225944918251432, 1.9427754417928909, 0.6428571428571428, 5.516672318471322, 3.6916280844408202, 1.8827598308065925, 0.4285714285714285, 6.012847639404634, 5.504172814088139, 3.6729229248367554, 1.8458140422204106, 0.2142857142857142, 5.5, 3.666666666666667, 1.833333333333334, 0.0, 5.504172814088139, 3.6729229248367554, 1.8458140422204108, 0.2142857142857144, 5.516672318471322, 3.6916280844408207, 1.8827598308065925, 0.4285714285714286, 5.53744212666123, 3.7225944918251432, 1.9427754417928909, 0.6428571428571428, 6.55627133953065, 5.56638966274829, 3.765519661613184, 2.023809523809524, 0.8571428571428572, 6.6401684266812, 6.314239028772324, 5.664965731113814, 2.280997116570951, 6.75775358829328, 6.446403838496281, 4.358963970191087, 6.133298210488017, 3.2754324981422873, 5.219230097609358, 6.84299134971285, 4.465158644813867, 6.2581013254458, 7.7278320216670116, 5.7297904731511045, 5.8303049803852165, 6.204571116255248, 7.400741520732186, 6.5474896877508115, 8.734753480628228, 7.029013407190092, 8.605916068799415, 9.82629749442686, 8.346689976277466, 9.850699527401003, 10.977249200050075, 11.121800413801914, 12.65415153301114, 12.48620554044286, 12.170766246231508, 11.637122947885665, 13.442579657409697, 13.288786127208681, 12.411135370268843, 13.150009805877568], [1.3170777796132698, 0.8571428571428572, 2.0238095238095233, 3.7655196616131827, 5.56638966274829, 0.6428571428571429, 1.94277544179289, 3.7225944918251423, 5.53744212666123, 0.7865255551980443, 0.4285714285714286, 1.8827598308065914, 3.69162808444082, 5.516672318471322, 0.2142857142857144, 1.84581404222041, 3.6729229248367545, 5.504172814088139, 0.0, 1.833333333333333, 3.666666666666666, 5.5, 0.2142857142857142, 1.8458140422204097, 3.6729229248367545, 5.504172814088139, 0.4285714285714284, 1.8827598308065914, 3.6916280844408194, 5.516672318471322, 1.1888083555066598, 0.6428571428571428, 1.94277544179289, 3.7225944918251423, 5.53744212666123, 1.5185922589620926, 1.3230899037571242, 1.1428571428571428, 3.8406466764627063, 2.299191418550948, 2.200417400107052, 2.8200971341081473, 2.5, 4.4378423185647815, 3.9510898637098997, 3.857142857142857, 5.321841360361337, 5.1916228528086465, 5.2142857142857135, 6.374419185670841, 8.741166065886134, 7.608359389996234, 6.479078487708465, 9.091078272576604, 6.571428571428571, 7.525165640292058, 7.790227321673996, 7.928571428571429, 8.735370017486588, 9.114850457698862, 9.285714285714285, 10.447824150437164, 10.689733774199679, 10.663716641383047, 10.642857142857142, 11.26467216232055, 11.672641812949802, 11.653588393665686, 11.786315520979858, 12.465332183804247], [2.960147235413941, 2.0238095238095233, 0.8571428571428572, 2.0238095238095233, 3.765519661613184, 1.94277544179289, 0.6428571428571429, 1.94277544179289, 3.7225944918251432, 2.4110302556011267, 1.8827598308065914, 0.4285714285714286, 1.8827598308065914, 3.6916280844408207, 1.84581404222041, 0.2142857142857144, 1.84581404222041, 3.6729229248367554, 1.833333333333333, 0.0, 1.833333333333333, 3.666666666666667, 1.8458140422204097, 0.2142857142857142, 1.8458140422204097, 3.6729229248367554, 1.8827598308065914, 0.4285714285714284, 1.8827598308065914, 3.6916280844408202, 2.905347325863162, 1.94277544179289, 0.6428571428571428, 1.94277544179289, 3.7225944918251432, 3.0551432416103452, 2.7488402006991226, 2.1603781058163642, 2.1603781058163642, 3.4209571534593923, 3.168009024472361, 2.142857142857143, 3.100179206289712, 3.100179206289712, 3.5000000000000004, 4.270674669360718, 4.270674669360718, 4.857142857142858, 5.527195185744319, 5.527195185744319, 7.39941791961462, 6.620943838864753, 6.2142857142857135, 7.858733635614574, 6.822373822981181, 6.822373822981181, 7.571428571428571, 8.137773406102575, 8.137773406102575, 8.928571428571429, 9.46496703148138, 10.285714285714285, 11.013545566303481, 10.932538962348376, 10.799607366676643, 11.019370080206631, 11.944338975434794, 11.874365957533229, 11.642857142857142, 12.35830904803824], [4.744730936030914, 3.7655196616131827, 2.0238095238095233, 0.8571428571428572, 2.023809523809524, 3.7225944918251423, 1.94277544179289, 0.6428571428571429, 1.9427754417928909, 4.210669015737369, 3.69162808444082, 1.8827598308065914, 0.4285714285714286, 1.8827598308065925, 3.6729229248367545, 1.84581404222041, 0.2142857142857144, 1.8458140422204108, 3.666666666666666, 1.833333333333333, 0.0, 1.833333333333334, 3.6729229248367545, 1.8458140422204097, 0.2142857142857142, 1.8458140422204106, 3.6916280844408194, 1.8827598308065914, 0.4285714285714284, 1.8827598308065925, 4.710737000077612, 3.7225944918251423, 1.94277544179289, 0.6428571428571428, 1.9427754417928909, 4.804570764049309, 4.481506468449797, 3.8406466764627063, 1.1428571428571428, 4.984158578405574, 4.685397298608197, 2.8200971341081473, 4.4378423185647815, 2.5, 3.9510898637098997, 5.321841360361337, 3.857142857142857, 5.1916228528086465, 6.374419185670841, 5.2142857142857135, 6.310072038340834, 6.042258207796206, 6.479078487708465, 6.898833725724048, 7.525165640292058, 6.571428571428571, 7.790227321673996, 8.735370017486588, 7.928571428571429, 9.114850457698862, 9.98343298872501, 10.447824150437164, 11.621023446368357, 11.491222125650651, 11.256769190478668, 11.076209515297588, 12.482232270270393, 12.365970789230044, 11.786315520979858, 12.521713973066305], [6.55627133953065, 5.56638966274829, 3.765519661613184, 2.023809523809524, 0.8571428571428572, 5.53744212666123, 3.7225944918251432, 1.9427754417928909, 0.6428571428571429, 6.0306403017407355, 5.516672318471322, 3.6916280844408207, 1.8827598308065925, 0.4285714285714286, 5.504172814088139, 3.6729229248367554, 1.8458140422204108, 0.2142857142857144, 5.5, 3.666666666666667, 1.833333333333334, 0.0, 5.504172814088139, 3.6729229248367554, 1.8458140422204106, 0.2142857142857142, 5.516672318471322, 3.6916280844408202, 1.8827598308065925, 0.4285714285714284, 6.531712279802475, 5.53744212666123, 3.7225944918251432, 1.9427754417928909, 0.6428571428571428, 6.599706239597304, 6.271674435647738, 5.617483640294789, 2.160378105816365, 6.686026312078422, 6.37117232027936, 4.246914312667295, 6.041522986797286, 3.100179206289713, 5.068968775248517, 6.717704296886561, 4.270674669360718, 6.085744094121797, 7.578837345543449, 5.52719518574432, 5.621819539189245, 5.991919008479866, 7.2153857404313415, 6.3364297058404615, 8.56934498485081, 6.822373822981182, 8.412548665932896, 9.649468632933068, 8.137773406102575, 9.652141327163962, 10.792334770378389, 10.91972356846964, 12.470782179288728, 12.300332757329905, 11.980000340703889, 11.430684131372313, 13.253951620557949, 13.097943443494463, 12.206578836571042, 12.94531039959901], [1.4655917520487993, 1.0714285714285714, 2.123457156333647, 3.8200004748845133, 5.603388187844339, 0.8571428571428571, 2.0238095238095233, 3.7655196616131827, 5.56638966274829, 0.96163657270259, 0.6428571428571428, 1.94277544179289, 3.7225944918251423, 5.53744212666123, 0.4285714285714286, 1.8827598308065914, 3.69162808444082, 5.516672318471322, 0.2142857142857142, 1.8458140422204097, 3.6729229248367545, 5.504172814088139, 0.0, 1.833333333333333, 3.666666666666666, 5.5, 0.2142857142857142, 1.8458140422204097, 3.6729229248367545, 5.504172814088139, 1.0879675865519869, 0.4285714285714286, 1.8827598308065914, 3.69162808444082, 5.516672318471322, 1.3646409410387714, 1.1431051318245526, 0.9285714285714286, 3.782418451520617, 2.100912230329122, 1.9923322401401933, 2.6609206801806686, 2.2857142857142856, 4.3207562116327285, 3.7625828201460303, 3.6428571428571432, 5.168641272879145, 4.991716494362506, 5.0, 6.200358412579424, 8.60884543321568, 7.442134103169008, 6.27384340823957, 8.94540446814243, 6.357142857142858, 7.338781216971038, 7.5821278102864555, 7.714285714285715, 8.541349338721435, 8.905048378381514, 9.071428571428571, 10.236932381358141, 10.476406924170917, 10.449858682549769, 10.428571428571429, 11.055432369032573, 11.458913096031562, 11.439503699809672, 11.574686000452466, 12.252944406736283], [3.0291478936247476, 2.123457156333647, 1.0714285714285714, 2.123457156333647, 3.8200004748845147, 2.0238095238095233, 0.8571428571428571, 2.0238095238095233, 3.765519661613184, 2.4736995254888225, 1.94277544179289, 0.6428571428571428, 1.94277544179289, 3.7225944918251432, 1.8827598308065914, 0.4285714285714286, 1.8827598308065914, 3.6916280844408207, 1.8458140422204097, 0.2142857142857142, 1.8458140422204097, 3.6729229248367554, 1.833333333333333, 0.0, 1.833333333333333, 3.666666666666667, 1.8458140422204097, 0.2142857142857142, 1.8458140422204097, 3.6729229248367554, 2.865562989565145, 1.8827598308065914, 0.4285714285714286, 1.8827598308065914, 3.6916280844408207, 2.981614105771731, 2.6668792432277812, 2.0550805359085795, 2.0550805359085795, 3.290972328387638, 3.0271822210673878, 1.9285714285714286, 2.9301196062668633, 2.9301196062668633, 3.2857142857142865, 4.078175973934477, 4.078175973934477, 4.642857142857143, 5.325515102890153, 5.325515102890153, 7.242625287194772, 6.429239824396696, 6.0, 7.689749755101787, 6.616220704997193, 6.616220704997193, 7.357142857142858, 7.929143408511652, 7.929143408511652, 8.714285714285715, 9.254832653140829, 10.071428571428571, 10.806612781930983, 10.724043176004857, 10.588494376063457, 10.805381201338836, 11.73555946723761, 11.664334071965001, 11.428571428571429, 12.144049683232026], [4.788082806453042, 3.8200004748845133, 2.123457156333647, 1.0714285714285714, 2.123457156333648, 3.7655196616131827, 2.0238095238095233, 0.8571428571428571, 2.023809523809524, 4.246864256021175, 3.7225944918251423, 1.94277544179289, 0.6428571428571428, 1.9427754417928909, 3.69162808444082, 1.8827598308065914, 0.4285714285714286, 1.8827598308065925, 3.6729229248367545, 1.8458140422204097, 0.2142857142857142, 1.8458140422204106, 3.666666666666666, 1.833333333333333, 0.0, 1.833333333333334, 3.6729229248367545, 1.8458140422204097, 0.2142857142857142, 1.8458140422204106, 4.686304647285057, 3.69162808444082, 1.8827598308065914, 0.4285714285714286, 1.8827598308065925, 4.758153284178323, 4.431706519585537, 3.782418451520617, 0.9285714285714286, 4.89585413948394, 4.591350440362089, 2.6609206801806686, 4.3207562116327285, 2.2857142857142856, 3.7625828201460303, 5.168641272879145, 3.6428571428571432, 4.991716494362506, 6.200358412579424, 5.0, 6.125458728181104, 5.831561682078648, 6.27384340823957, 6.705703819565525, 7.338781216971038, 6.357142857142858, 7.5821278102864555, 8.541349338721435, 7.714285714285715, 8.905048378381514, 9.784439726983607, 10.236932381358141, 11.425098678724577, 11.293045639622383, 11.05439037148864, 10.8633403319818, 12.282599272872138, 12.164429950025209, 11.574686000452466, 12.310298981148588], [6.5877127429536175, 5.603388187844339, 3.8200004748845147, 2.123457156333648, 1.0714285714285714, 5.56638966274829, 3.765519661613184, 2.023809523809524, 0.8571428571428571, 6.055967709454798, 5.53744212666123, 3.7225944918251432, 1.9427754417928909, 0.6428571428571428, 5.516672318471322, 3.6916280844408207, 1.8827598308065925, 0.4285714285714286, 5.504172814088139, 3.6729229248367554, 1.8458140422204106, 0.2142857142857142, 5.5, 3.666666666666667, 1.833333333333334, 0.0, 5.504172814088139, 3.6729229248367554, 1.8458140422204106, 0.2142857142857142, 6.514113406242461, 5.516672318471322, 3.6916280844408207, 1.8827598308065925, 0.4285714285714286, 6.56599153958937, 6.236186549144995, 5.5778351443870395, 2.0550805359085804, 6.620460623416859, 6.30233192993689, 4.142925560464065, 5.9560464904094195, 2.9301196062668637, 4.923450295452509, 6.596999936582182, 4.078175973934477, 5.916127694144544, 7.433034373659253, 5.325515102890153, 5.413787069400605, 5.779387580565061, 7.031674369909662, 6.1255937147027275, 8.406144497099872, 6.616220704997194, 8.220218699332312, 9.474186196272093, 7.929143408511653, 9.454269932398192, 10.608525643393175, 10.718121006679866, 12.288413324787555, 12.115398458927965, 11.790042495293065, 11.224539440569506, 13.066114801618356, 12.907836569230305, 12.002361823508057, 12.740926242779617], [1.6288220358559113, 1.2857142857142856, 2.2392347656288534, 3.88555088358578, 5.648279492419776, 1.0714285714285712, 2.123457156333647, 3.8200004748845133, 5.603388187844339, 1.1500887277217584, 0.857142857142857, 2.0238095238095233, 3.7655196616131827, 5.56638966274829, 0.6428571428571428, 1.94277544179289, 3.7225944918251423, 5.53744212666123, 0.4285714285714284, 1.8827598308065914, 3.6916280844408194, 5.516672318471322, 0.2142857142857142, 1.8458140422204097, 3.6729229248367545, 5.504172814088139, 0.0, 1.833333333333333, 3.666666666666666, 5.5, 1.0227015045197394, 0.2142857142857144, 1.84581404222041, 3.6729229248367545, 5.504172814088139, 1.2289036095775183, 0.9770611680325331, 0.7142857142857144, 3.7355921252295587, 1.9061007199643274, 1.7857142857142858, 2.5099574939259814, 2.0714285714285716, 4.211325298641159, 3.5769798127049683, 3.428571428571429, 5.019914987851963, 4.793052890285095, 4.785714285714286, 6.02888925664871, 8.47987570246708, 7.278421817018602, 6.069233963774133, 8.802536837406846, 6.142857142857143, 7.153959625409936, 7.374382636829772, 7.500000000000001, 8.348319857578797, 8.695464973830388, 8.857142857142858, 10.026184539356613, 10.263120025268206, 10.236018615531416, 10.214285714285715, 10.846389608650458, 11.245205579538203, 11.225426677041398, 11.36315604014764, 12.04062388546573], [3.111404667070417, 2.2392347656288534, 1.2857142857142856, 2.2392347656288534, 3.885550883585781, 2.123457156333647, 1.0714285714285712, 2.123457156333647, 3.8200004748845147, 2.5528706442115503, 2.0238095238095233, 0.857142857142857, 2.0238095238095233, 3.765519661613184, 1.94277544179289, 0.6428571428571428, 1.94277544179289, 3.7225944918251432, 1.8827598308065914, 0.4285714285714284, 1.8827598308065914, 3.6916280844408202, 1.8458140422204097, 0.2142857142857142, 1.8458140422204097, 3.6729229248367554, 1.833333333333333, 0.0, 1.833333333333333, 3.666666666666667, 2.841425020148291, 1.84581404222041, 0.2142857142857144, 1.84581404222041, 3.6729229248367554, 2.9219825220918807, 2.6000392461716135, 1.967565803917054, 1.967565803917054, 3.1701556146844263, 2.895379069249573, 1.7142857142857144, 2.76621174851849, 2.76621174851849, 3.071428571428572, 3.8879574524327603, 3.8879574524327603, 4.428571428571429, 5.1248582746843745, 5.1248582746843745, 7.088842873629394, 6.239005438089443, 5.785714285714286, 7.523074170266432, 6.410600984982776, 6.410600984982776, 7.142857142857143, 7.720823214600314, 7.720823214600314, 8.5, 9.04489307305221, 9.857142857142858, 10.599972190097436, 10.515780173294859, 10.377511443702309, 10.591404325330714, 11.526982050508442, 11.454459765788918, 11.214285714285715, 11.929791264958736], [4.840541188985749, 3.88555088358578, 2.2392347656288534, 1.2857142857142856, 2.2392347656288543, 3.8200004748845133, 2.123457156333647, 1.0714285714285712, 2.123457156333648, 4.293461912343437, 3.7655196616131827, 2.0238095238095233, 0.857142857142857, 2.023809523809524, 3.7225944918251423, 1.94277544179289, 0.6428571428571428, 1.9427754417928909, 3.6916280844408194, 1.8827598308065914, 0.4285714285714284, 1.8827598308065925, 3.6729229248367545, 1.8458140422204097, 0.2142857142857142, 1.8458140422204106, 3.666666666666666, 1.833333333333333, 0.0, 1.833333333333334, 4.6715839011115605, 3.6729229248367545, 1.84581404222041, 0.2142857142857144, 1.8458140422204108, 4.721014918363468, 4.391808495302411, 3.7355921252295587, 0.7142857142857144, 4.8154725116237636, 4.5055395483022, 2.5099574939259814, 4.211325298641159, 2.0714285714285716, 3.5769798127049683, 5.019914987851963, 3.428571428571429, 4.793052890285095, 6.02888925664871, 4.785714285714286, 5.9428374424127695, 5.621136521095101, 6.069233963774133, 6.513897250569558, 7.153959625409936, 6.142857142857143, 7.374382636829772, 8.348319857578797, 7.500000000000001, 8.695464973830388, 9.58610578057019, 10.026184539356613, 11.229844630752423, 11.09546801315019, 10.852468709814634, 10.650527960850106, 12.08346821411935, 11.963332110776822, 11.36315604014764, 12.09898499552528], [6.625938516503892, 5.648279492419776, 3.885550883585781, 2.2392347656288543, 1.2857142857142856, 5.603388187844339, 3.8200004748845147, 2.123457156333648, 1.0714285714285712, 6.08873583608557, 5.56638966274829, 3.765519661613184, 2.023809523809524, 0.857142857142857, 5.53744212666123, 3.7225944918251432, 1.9427754417928909, 0.6428571428571428, 5.516672318471322, 3.6916280844408202, 1.8827598308065925, 0.4285714285714284, 5.504172814088139, 3.6729229248367554, 1.8458140422204106, 0.2142857142857142, 5.5, 3.666666666666667, 1.833333333333334, 0.0, 6.503531222908593, 5.504172814088139, 3.6729229248367554, 1.8458140422204108, 0.2142857142857144, 6.539128694377612, 6.2078967339518805, 5.5461882479440465, 1.967565803917055, 6.5612412409021506, 6.240094190811873, 4.0476190476190474, 5.877143551635489, 2.766211748518491, 4.783107558254592, 6.481134317449094, 3.8879574524327607, 5.749494703224244, 7.290614598543102, 5.1248582746843745, 5.206261870968678, 5.566990654140785, 6.849739720629012, 5.915005666341119, 8.245283129010854, 6.410600984982776, 8.029000722861454, 9.300537618869138, 7.720823214600314, 9.257129384665877, 10.4258802789902, 10.517020003335874, 12.107090181090635, 11.93144628411992, 11.600932404469102, 11.018705383541565, 12.879103819472215, 12.71849849949406, 11.798501961099856, 12.536872753626726], [1.5, 1.8027756377319946, 3.2058973436118907, 4.9018137232842465, 6.670832032063167, 1.6288220358559113, 3.111404667070417, 4.840541188985749, 6.625938516503892, 1.346291201783626, 1.4655917520487993, 3.0291478936247476, 4.788082806453042, 6.5877