totalHoles = 70;
zeroHoleID = 22;
C = [[0.0, 0.5, 2.666666666666667, 4.833333333333334, 7.0, 5.703700072891023, 8.273677165518546, 1.5, 1.5811388300841898, 2.6352313834736494, 3.05959329178097, 4.585605497399201, 5.060742150229659, 6.670832032063167, 7.158910531638177, 2.8571428571428577, 3.5857648766430428, 5.190476190476191, 7.100229947411735, 3.0413812651491097, 4.013864859597432, 5.688682721958671, 7.615773105863909, 4.2142857142857135, 4.7386336138255185, 6.044665570518391, 7.746625335049621, 4.527692569068709, 5.230784942158405, 6.60387091871965, 8.32165848854662, 6.074256104805341, 8.050621094052309, 5.571428571428571, 5.977897688232465, 7.058228822042283, 8.561005567486252, 6.020797289396148, 6.5659052011974035, 7.704616220884147, 9.219544457292887, 9.42863038615748, 6.928571428571429, 7.2594453290358745, 8.172079283670351, 9.500268524668991, 11.408433635206837, 7.516648189186454, 7.959969290839703, 8.922505876216116, 10.259142264341596, 8.285714285714285, 8.564315831923425, 9.350445925316478, 10.531052237288057, 9.386751893552482, 10.215728613814637, 11.40175425099138, 9.642857142857142, 9.883275687847398, 10.571777128530888, 11.62904526939125, 10.5, 10.833333333333334, 11.559027256266468, 12.619429464123963, 11.0, 11.211353372561426, 11.8227652339788, 12.776932339180638], [0.5, 0.0, 2.166666666666667, 4.333333333333334, 6.5, 5.208624976150101, 7.778204380958355, 1.5811388300841898, 1.5, 2.2422706745122847, 2.63523138347365, 4.1163630117428225, 4.585605497399202, 6.18465843842649, 6.670832032063167, 2.900562929178137, 3.307724759392811, 4.780973724103375, 6.645544771207433, 3.0, 3.70060055186242, 5.2704627669473, 7.158910531638177, 4.243843079289413, 4.531885022748307, 5.69689814952638, 7.332135028873422, 4.5, 4.994441354590566, 6.247221604663771, 7.905694150420948, 5.753265614039843, 7.652613932506983, 5.5938194756830155, 5.815375663214578, 6.762784986303723, 8.187845646232628, 6.0, 6.379219736334879, 7.40120110372484, 8.845903006477066, 9.080605244698829, 6.946589237950977, 7.126210761589507, 7.918304520871926, 9.165429724831036, 11.021024369310629, 7.5, 7.806692285753579, 8.66185764012419, 9.924716620639604, 8.30078678346154, 8.451676697689491, 9.129485509541828, 10.230007879981802, 9.257129384665877, 9.988882709181132, 11.10180165558726, 9.65581140441087, 9.785830146458132, 10.376855897717547, 11.357142857142858, 10.51189802081432, 10.721214690716927, 11.359039474259157, 12.349089035228468, 11.01135777277262, 11.125546178852424, 11.648795836671036, 12.529964086141668], [2.666666666666667, 2.166666666666667, 0.0, 2.166666666666667, 4.333333333333333, 3.0817306192389977, 5.6403961945591, 3.05959329178097, 2.63523138347365, 1.5811388300841898, 1.5, 2.2422706745122847, 2.63523138347365, 4.1163630117428225, 4.585605497399201, 3.9082446721301323, 2.900562929178137, 3.307724759392811, 4.780973724103375, 3.70060055186242, 3.0, 3.70060055186242, 5.270462766947299, 4.9871149167373074, 4.243843079289413, 4.531885022748307, 5.69689814952638, 4.994441354590566, 4.5, 4.994441354590566, 6.24722160466377, 4.735635930420922, 6.103846692409996, 6.176724652891832, 5.5938194756830155, 5.815375663214578, 6.762784986303723, 6.379219736334879, 6.0, 6.379219736334879, 7.401201103724839, 7.766674033547115, 7.424029441747079, 6.946589237950977, 7.126210761589507, 7.918304520871926, 9.465029135373548, 7.806692285753579, 7.5, 7.806692285753579, 8.661857640124188, 8.704261734093299, 8.30078678346154, 8.451676697689491, 9.129485509541828, 9.0, 9.257129384665877, 9.988882709181132, 10.004789102657893, 9.65581140441087, 9.785830146458132, 10.376855897717547, 10.833333333333334, 10.5, 10.721214690716927, 11.359039474259157, 11.31861789756643, 11.01135777277262, 11.125546178852424, 11.648795836671036], [4.833333333333334, 4.333333333333334, 2.166666666666667, 0.0, 2.166666666666666, 1.1194829010863048, 3.5378756281309114, 5.060742150229659, 4.585605497399202, 3.0595932917809705, 2.63523138347365, 1.58113883008419, 1.5, 2.2422706745122847, 2.635231383473649, 5.614657284040903, 3.9082446721301327, 2.900562929178137, 3.307724759392811, 5.2704627669473, 3.70060055186242, 3.0, 3.7006005518624194, 6.412590365269231, 4.9871149167373074, 4.243843079289413, 4.531885022748307, 6.247221604663771, 4.994441354590566, 4.5, 4.994441354590566, 4.597969007527443, 5.0339127701796516, 7.375766227155097, 6.176724652891832, 5.5938194756830155, 5.815375663214578, 7.40120110372484, 6.379219736334879, 6.0, 6.379219736334879, 6.897387067983577, 8.447852576360898, 7.424029441747079, 6.946589237950977, 7.126210761589507, 8.191426237651806, 8.66185764012419, 7.806692285753579, 7.5, 7.806692285753579, 9.59240180223915, 8.704261734093299, 8.30078678346154, 8.451676697689491, 9.257129384665877, 9.0, 9.257129384665877, 10.786371261395656, 10.004789102657893, 9.65581140441087, 9.785830146458132, 11.559027256266468, 10.721214690716927, 10.5, 10.721214690716927, 12.015036875145707, 11.31861789756643, 11.01135777277262, 11.125546178852424], [7.0, 6.5, 4.333333333333333, 2.166666666666666, 0.0, 1.5486475425295878, 1.6149141084087106, 7.158910531638177, 6.670832032063167, 5.060742150229659, 4.585605497399201, 3.05959329178097, 2.635231383473649, 1.5811388300841898, 1.5, 7.5606392127995665, 5.614657284040903, 3.9082446721301323, 2.900562929178137, 7.158910531638177, 5.270462766947299, 3.7006005518624194, 3.0, 8.170691774974298, 6.412590365269231, 4.9871149167373074, 4.243843079289413, 7.905694150420948, 6.24722160466377, 4.994441354590566, 4.5, 5.407890458557851, 4.7762432936357, 8.946553321057815, 7.375766227155097, 6.176724652891832, 5.5938194756830155, 8.845903006477066, 7.401201103724839, 6.379219736334879, 6.0, 6.649478180781409, 9.84911681526909, 8.447852576360898, 7.424029441747079, 6.946589237950977, 7.348539988950158, 9.924716620639604, 8.661857640124188, 7.806692285753579, 7.5, 10.846799584416123, 9.59240180223915, 8.704261734093299, 8.30078678346154, 9.988882709181132, 9.257129384665877, 9.0, 11.915733039874258, 10.786371261395656, 10.004789102657893, 9.65581140441087, 12.619429464123963, 11.359039474259157, 10.721214690716927, 10.5, 13.038404810405298, 12.015036875145707, 11.31861789756643, 11.01135777277262], [5.703700072891023, 5.208624976150101, 3.0817306192389977, 1.1194829010863048, 1.5486475425295878, 0.0, 2.570098961202539, 5.70025100882134, 5.204847854092016, 3.5627916532239965, 3.075342363319376, 1.5109586539297974, 1.1017753890409054, 1.1231191532410973, 1.535895912181083, 6.027837557701906, 4.066380260471904, 2.4748656756192484, 2.2590619050504066, 5.617037317511598, 3.7307368834720083, 2.3821368663382607, 2.611444675869315, 6.62272324273802, 4.905210082210167, 3.6946715199350315, 3.5537301837239545, 6.364886115901016, 4.78320653283653, 3.825603624532931, 3.9724438746441493, 4.095055857002294, 4.075987637804142, 7.420901168129844, 5.938888527987771, 4.985971182976043, 4.8824491001913355, 7.346593925790451, 6.028244502161612, 5.300557530497253, 5.4074927072784345, 5.9703627793255505, 8.36437437073372, 7.082611200291952, 6.3049895403643434, 6.223447090045469, 7.128002135440527, 8.481338889145556, 7.368880431918632, 6.786499626183057, 6.870345291274747, 9.409538593884989, 8.290961304367846, 7.637378545032827, 7.570201557331178, 8.76133927330662, 8.277514374391288, 8.346395117858531, 10.526145921239305, 9.539411447040992, 8.977186777913195, 8.920105550049907, 11.258635077841296, 10.184386722039603, 9.771279919249372, 9.829698800344003, 11.693748450775841, 10.81408228333483, 10.32152543572601, 10.271917440226565], [8.273677165518546, 7.778204380958355, 5.6403961945591, 3.5378756281309114, 1.6149141084087106, 2.570098961202539, 0.0, 8.214165366325666, 7.7148714971852135, 6.051400816200695, 5.552733386154772, 3.892978281492677, 3.3963720035125355, 1.7549919803012812, 1.2754318498683348, 8.394182041597668, 6.293586522838244, 4.259701794998145, 2.4636916067273025, 7.939648672592628, 5.861026094792524, 3.8799641251388928, 2.2683706112052375, 8.782695776298146, 6.803137825443173, 4.98181817550931, 3.5697659985751233, 8.429519551571307, 6.509255388288277, 4.803425906421985, 3.628261850514745, 5.403913783975576, 4.0486439261622875, 9.353762425886043, 7.525942511930842, 5.930905390810679, 4.8062829406408545, 9.14196798815463, 7.408723542964808, 5.965876236112089, 5.067845980495238, 5.766883360192656, 10.076391785268058, 8.407176136086832, 7.015442868775084, 6.0943544035275234, 6.055838342052769, 10.029673849261751, 8.479856329101459, 7.2533067004455285, 6.534664620938308, 10.92053775094914, 9.402397776252378, 8.181742601960472, 7.407133653140265, 9.665750989360482, 8.60983373340328, 8.013776920670045, 11.860282104527734, 10.47918082542482, 9.399418005058102, 8.733485889641008, 12.49340568548346, 10.92911345967477, 10.00739805059088, 9.499442055214871, 12.87470822572085, 11.6148633685642, 10.65086283510748, 10.068048275759402], [1.5, 1.5811388300841898, 3.05959329178097, 5.060742150229659, 7.158910531638177, 5.70025100882134, 8.214165366325666, 0.0, 0.5, 2.1666666666666665, 2.666666666666667, 4.333333333333333, 4.833333333333334, 6.5, 7.0, 1.3571428571428577, 2.5566151801040222, 4.540882569773375, 6.6401684266812, 1.5811388300841898, 3.05959329178097, 5.060742150229659, 7.158910531638177, 2.7142857142857135, 3.4730089811602776, 5.113230360208044, 7.043958186898578, 3.0413812651491097, 4.013864859597432, 5.688682721958671, 7.615773105863909, 5.0553082233975495, 7.267220926874317, 4.071428571428571, 4.612046731841443, 5.945948905769597, 7.669845540312067, 4.527692569068709, 5.230784942158405, 6.60387091871965, 8.32165848854662, 8.43931822537393, 5.428571428571429, 5.8449835072091085, 6.946017962320557, 8.468729996587566, 10.542216867468305, 6.020797289396148, 6.5659052011974035, 7.704616220884147, 9.219544457292887, 6.785714285714285, 7.123226994262598, 8.05131642311521, 9.396590784286976, 7.959969290839703, 8.922505876216116, 10.259142264341596, 8.142857142857142, 8.4261834120451, 9.224093463682886, 10.419026943480834, 9.0, 9.386751893552482, 10.215728613814637, 11.40175425099138, 9.5, 9.74394398816231, 10.44163673845139, 11.510864433221338], [1.5811388300841898, 1.5, 2.63523138347365, 4.585605497399202, 6.670832032063167, 5.204847854092016, 7.7148714971852135, 0.5, 0.0, 1.6666666666666665, 2.166666666666667, 3.833333333333333, 4.333333333333334, 6.0, 6.5, 1.4463183379511853, 2.1493288516352393, 4.066482654474051, 6.151571891370033, 1.5, 2.63523138347365, 4.585605497399202, 6.670832032063167, 2.7599541551945217, 3.18514123965536, 4.696998124677074, 6.5853888980663475, 3.0, 3.70060055186242, 5.2704627669473, 7.158910531638177, 4.664720702515766, 6.823672031978091, 4.102015432960351, 4.399353178595994, 5.592045695153907, 7.250967563866555, 4.5, 4.994441354590566, 6.247221604663771, 7.905694150420948, 8.048628004847055, 5.451549115169196, 5.678658779402036, 6.645587423211472, 8.091315576289313, 10.121707198924168, 6.0, 6.379219736334879, 7.40120110372484, 8.845903006477066, 6.80411040234849, 6.98739551944247, 7.793610383627819, 9.0579202009814, 7.806692285753579, 8.66185764012419, 9.924716620639604, 8.15819357756235, 8.311672528845042, 9.000031494024007, 10.11464890389081, 9.013878188659973, 9.257129384665877, 9.988882709181132, 11.10180165558726, 9.513148795220223, 9.645090864153524, 10.244239573752873, 11.236102527122116], [2.6352313834736494, 2.2422706745122847, 1.5811388300841898, 3.0595932917809705, 5.060742150229659, 3.5627916532239965, 6.051400816200695, 2.1666666666666665, 1.6666666666666665, 0.0, 0.5000000000000004, 2.1666666666666665, 2.6666666666666674, 4.333333333333334, 4.833333333333334, 2.5566151801040222, 1.3571428571428577, 2.5566151801040222, 4.540882569773376, 2.2422706745122847, 1.5811388300841898, 3.0595932917809705, 5.060742150229659, 3.4730089811602776, 2.7142857142857135, 3.4730089811602776, 5.1132303602080444, 3.431876713662333, 3.0413812651491097, 4.013864859597432, 5.688682721958671, 3.565901990616765, 5.416666666666667, 4.612046731841443, 4.071428571428571, 4.612046731841443, 5.9459489057695984, 4.7987266829626565, 4.527692569068709, 5.230784942158405, 6.60387091871965, 6.849763454002269, 5.8449835072091085, 5.428571428571429, 5.8449835072091085, 6.946017962320557, 8.780402507778216, 6.227180564089801, 6.020797289396148, 6.5659052011974035, 7.704616220884147, 7.123226994262598, 6.785714285714285, 7.123226994262598, 8.05131642311521, 7.516648189186454, 7.959969290839703, 8.922505876216116, 8.4261834120451, 8.142857142857142, 8.4261834120451, 9.224093463682888, 9.257129384665877, 9.013878188659973, 9.386751893552482, 10.215728613814637, 9.74394398816231, 9.5, 9.74394398816231, 10.44163673845139], [3.05959329178097, 2.63523138347365, 1.5, 2.63523138347365, 4.585605497399201, 3.075342363319376, 5.552733386154772, 2.666666666666667, 2.166666666666667, 0.5000000000000004, 0.0, 1.666666666666666, 2.166666666666667, 3.833333333333333, 4.333333333333333, 2.9921476978593473, 1.4463183379511855, 2.149328851635239, 4.066482654474051, 2.63523138347365, 1.5, 2.63523138347365, 4.585605497399201, 3.8050569049472336, 2.7599541551945217, 3.18514123965536, 4.696998124677074, 3.70060055186242, 3.0, 3.70060055186242, 5.270462766947299, 3.3295347531268633, 5.025628761104867, 4.8669951431407865, 4.102015432960351, 4.399353178595994, 5.592045695153907, 4.994441354590566, 4.5, 4.994441354590566, 6.24722160466377, 6.530256250234859, 6.0481814511647345, 5.451549115169196, 5.678658779402036, 6.645587423211472, 8.400759192197137, 6.379219736334879, 6.0, 6.379219736334879, 7.401201103724839, 7.290886741573897, 6.80411040234849, 6.98739551944247, 7.793610383627819, 7.5, 7.806692285753579, 8.661857640124188, 8.568385703275192, 8.15819357756235, 8.311672528845042, 9.000031494024007, 9.386751893552482, 9.0, 9.257129384665877, 9.988882709181132, 9.867173410410457, 9.513148795220223, 9.645090864153524, 10.244239573752873], [4.585605497399201, 4.1163630117428225, 2.2422706745122847, 1.58113883008419, 3.05959329178097, 1.5109586539297974, 3.892978281492677, 4.333333333333333, 3.833333333333333, 2.1666666666666665, 1.666666666666666, 0.0, 0.5000000000000009, 2.166666666666667, 2.666666666666667, 4.540882569773375, 2.5566151801040222, 1.3571428571428577, 2.5566151801040227, 4.1163630117428225, 2.2422706745122847, 1.58113883008419, 3.05959329178097, 5.113230360208044, 3.4730089811602776, 2.7142857142857135, 3.473008981160278, 4.867693955503411, 3.431876713662333, 3.0413812651491097, 4.013864859597432, 3.043692111352133, 3.9060138817526555, 5.945948905769597, 4.612046731841443, 4.071428571428571, 4.612046731841444, 5.9113826169894, 4.798726682962656, 4.527692569068709, 5.230784942158405, 5.657324061014224, 6.946017962320557, 5.8449835072091085, 5.428571428571429, 5.8449835072091085, 7.24164959145025, 7.120003121097943, 6.227180564089801, 6.020797289396148, 6.5659052011974035, 8.05131642311521, 7.123226994262598, 6.785714285714285, 7.123226994262598, 7.68295371441074, 7.516648189186454, 7.959969290839703, 9.224093463682886, 8.4261834120451, 8.142857142857142, 8.4261834120451, 9.988882709181132, 9.153020145163987, 9.013878188659973, 9.386751893552482, 10.44163673845139, 9.74394398816231, 9.5, 9.74394398816231], [5.060742150229659, 4.585605497399202, 2.63523138347365, 1.5, 2.635231383473649, 1.1017753890409054, 3.3963720035125355, 4.833333333333334, 4.333333333333334, 2.6666666666666674, 2.166666666666667, 0.5000000000000009, 0.0, 1.666666666666666, 2.166666666666666, 5.020253763088575, 2.9921476978593478, 1.4463183379511855, 2.149328851635239, 4.585605497399202, 2.63523138347365, 1.5, 2.635231383473649, 5.543325540673814, 3.8050569049472336, 2.7599541551945217, 3.18514123965536, 5.2704627669473, 3.70060055186242, 3.0, 3.7006005518624194, 3.130634600359619, 3.6524345001351874, 6.319623542850951, 4.8669951431407865, 4.102015432960351, 4.399353178595994, 6.247221604663771, 4.994441354590566, 4.5, 4.994441354590566, 5.467812132466102, 7.268459181024075, 6.048181451164735, 5.451549115169196, 5.678658779402036, 6.934366753980133, 7.40120110372484, 6.379219736334879, 6.0, 6.379219736334879, 8.331088132918655, 7.290886741573897, 6.80411040234849, 6.98739551944247, 7.806692285753579, 7.5, 7.806692285753579, 9.469278407571016, 8.568385703275192, 8.15819357756235, 8.311672528845042, 10.215728613814637, 9.257129384665877, 9.0, 9.257129384665877, 10.65885130354632, 9.867173410410457, 9.513148795220223, 9.645090864153524], [6.670832032063167, 6.18465843842649, 4.1163630117428225, 2.2422706745122847, 1.5811388300841898, 1.1231191532410973, 1.7549919803012812, 6.5, 6.0, 4.333333333333334, 3.833333333333333, 2.166666666666667, 1.666666666666666, 0.0, 0.5, 6.6401684266812, 4.540882569773376, 2.5566151801040227, 1.3571428571428577, 6.18465843842649, 4.1163630117428225, 2.2422706745122847, 1.5811388300841898, 7.043958186898578, 5.1132303602080444, 3.473008981160278, 2.7142857142857135, 6.708203932499369, 4.867693955503411, 3.431876713662333, 3.0413812651491097, 3.898891537298607, 3.25, 7.669845540312067, 5.9459489057695984, 4.612046731841444, 4.071428571428571, 7.5, 5.9113826169894, 4.798726682962656, 4.527692569068709, 5.145897450956903, 8.468729996587566, 6.946017962320557, 5.8449835072091085, 5.428571428571429, 6.097245140306733, 8.48528137423857, 7.120003121097943, 6.227180564089801, 6.020797289396148, 9.396590784286976, 8.05131642311521, 7.123226994262598, 6.785714285714285, 8.422852512328852, 7.68295371441074, 7.516648189186454, 10.419026943480834, 9.224093463682888, 8.4261834120451, 8.142857142857142, 11.10180165558726, 9.782353727219459, 9.153020145163987, 9.013878188659973, 11.510864433221338, 10.44163673845139, 9.74394398816231, 9.5], [7.158910531638177, 6.670832032063167, 4.585605497399201, 2.635231383473649, 1.5, 1.535895912181083, 1.2754318498683348, 7.0, 6.5, 4.833333333333334, 4.333333333333333, 2.666666666666667, 2.166666666666666, 0.5, 0.0, 7.1303461861745445, 5.020253763088575, 2.9921476978593473, 1.4463183379511853, 6.670832032063167, 4.585605497399201, 2.635231383473649, 1.5, 7.50781905341195, 5.543325540673814, 3.8050569049472336, 2.7599541551945217, 7.158910531638177, 5.270462766947299, 3.7006005518624194, 3.0, 4.231410310823921, 3.2882366094914763, 8.097933724861232, 6.319623542850951, 4.8669951431407865, 4.102015432960351, 7.905694150420948, 6.24722160466377, 4.994441354590566, 4.5, 5.151561047589794, 8.858294855958569, 7.268459181024075, 6.0481814511647345, 5.451549115169196, 5.914982539366802, 8.845903006477066, 7.401201103724839, 6.379219736334879, 6.0, 9.74914962277977, 8.331088132918655, 7.290886741573897, 6.80411040234849, 8.661857640124188, 7.806692285753579, 7.5, 10.738068841694934, 9.469278407571016, 8.568385703275192, 8.15819357756235, 11.40175425099138, 9.988882709181132, 9.257129384665877, 9.0, 11.800423721205947, 10.65885130354632, 9.867173410410457, 9.513148795220223], [2.8571428571428577, 2.900562929178137, 3.9082446721301323, 5.614657284040903, 7.5606392127995665, 6.027837557701906, 8.394182041597668, 1.3571428571428577, 1.4463183379511853, 2.5566151801040222, 2.9921476978593473, 4.540882569773375, 5.020253763088575, 6.6401684266812, 7.1303461861745445, 0.0, 2.1666666666666665, 4.333333333333333, 6.5, 0.5200078492343226, 2.6704904557733244, 4.835444061756523, 7.001457574195912, 1.3571428571428559, 2.5566151801040213, 4.540882569773375, 6.640168426681199, 1.7172593257387578, 3.1321064322509615, 5.104908491143386, 7.190200246991507, 4.378731407187381, 6.770000602899922, 2.7142857142857135, 3.4730089811602776, 5.113230360208044, 7.043958186898578, 3.182381344277923, 4.121730477787124, 5.765298095633848, 7.673170858283306, 7.6880547653549725, 4.071428571428571, 4.612046731841443, 5.945948905769597, 7.669845540312067, 9.890031605921008, 4.669702608194615, 5.3541790743391, 6.702032047080252, 8.39976919022062, 5.428571428571427, 5.844983507209107, 6.946017962320555, 8.468729996587564, 6.696701052657355, 7.816380555516865, 9.31314629314664, 6.785714285714285, 7.123226994262598, 8.05131642311521, 9.396590784286976, 7.642857142857142, 8.094712868115431, 9.042918578491877, 10.364037114277545, 8.142857142857142, 8.4261834120451, 9.224093463682886, 10.419026943480834], [3.5857648766430428, 3.307724759392811, 2.900562929178137, 3.9082446721301327, 5.614657284040903, 4.066380260471904, 6.293586522838244, 2.5566151801040222, 2.1493288516352393, 1.3571428571428577, 1.4463183379511855, 2.5566151801040222, 2.9921476978593478, 4.540882569773376, 5.020253763088575, 2.1666666666666665, 0.0, 2.1666666666666665, 4.333333333333334, 1.6727779114524088, 0.520007849234323, 2.670490455773325, 4.835444061756523, 2.5566151801040213, 1.3571428571428559, 2.5566151801040213, 4.540882569773376, 2.340247288133139, 1.7172593257387578, 3.1321064322509615, 5.104908491143386, 2.51650640957318, 4.728708696995733, 3.4730089811602776, 2.7142857142857135, 3.4730089811602776, 5.1132303602080444, 3.5574328944037634, 3.182381344277923, 4.121730477787124, 5.765298095633848, 5.89943669698674, 4.612046731841443, 4.071428571428571, 4.612046731841443, 5.9459489057695984, 7.985603100829718, 4.932940322643014, 4.669702608194615, 5.3541790743391, 6.702032047080252, 5.844983507209107, 5.428571428571427, 5.844983507209107, 6.946017962320556, 6.163172387460132, 6.696701052657355, 7.816380555516865, 7.123226994262598, 6.785714285714285, 7.123226994262598, 8.05131642311521, 7.944036112113721, 7.6591948210058245, 8.094712868115431, 9.042918578491877, 8.4261834120451, 8.142857142857142, 8.4261834120451, 9.224093463682888], [5.190476190476191, 4.780973724103375, 3.307724759392811, 2.900562929178137, 3.9082446721301323, 2.4748656756192484, 4.259701794998145, 4.540882569773375, 4.066482654474051, 2.5566151801040222, 2.149328851635239, 1.3571428571428577, 1.4463183379511855, 2.5566151801040227, 2.9921476978593473, 4.333333333333333, 2.1666666666666665, 0.0, 2.166666666666667, 3.835994344066444, 1.6727779114524084, 0.5200078492343234, 2.6704904557733244, 4.540882569773375, 2.5566151801040213, 1.3571428571428559, 2.556615180104022, 4.170542415115949, 2.3402472881331384, 1.717259325738758, 3.1321064322509615, 1.6974124930156187, 2.8770388610009685, 5.113230360208044, 3.4730089811602776, 2.7142857142857135, 3.473008981160278, 4.957014773515669, 3.5574328944037634, 3.1823813442779234, 4.121730477787124, 4.459754421187248, 5.945948905769597, 4.612046731841443, 4.071428571428571, 4.612046731841444, 6.2542687414864755, 6.020844367148517, 4.932940322643014, 4.669702608194615, 5.3541790743391, 6.946017962320555, 5.844983507209107, 5.428571428571427, 5.844983507209107, 6.3649408210390135, 6.163172387460132, 6.696701052657355, 8.05131642311521, 7.123226994262598, 6.785714285714285, 7.123226994262598, 8.785843333676068, 7.822470395207656, 7.6591948210058245, 8.094712868115431, 9.224093463682886, 8.4261834120451, 8.142857142857142, 8.4261834120451], [7.100229947411735, 6.645544771207433, 4.780973724103375, 3.307724759392811, 2.900562929178137, 2.2590619050504066, 2.4636916067273025, 6.6401684266812, 6.151571891370033, 4.540882569773376, 4.066482654474051, 2.5566151801040227, 2.149328851635239, 1.3571428571428577, 1.4463183379511853, 6.5, 4.333333333333334, 2.166666666666667, 0.0, 6.001700439314288, 3.835994344066444, 1.6727779114524084, 0.5200078492343226, 6.640168426681199, 4.540882569773376, 2.556615180104022, 1.3571428571428559, 6.220850391372287, 4.170542415115949, 2.3402472881331384, 1.7172593257387578, 2.969596390480866, 1.8928571428571423, 7.043958186898578, 5.1132303602080444, 3.473008981160278, 2.7142857142857135, 6.77329690921697, 4.957014773515669, 3.5574328944037634, 3.182381344277923, 3.7900335805548586, 7.669845540312067, 5.9459489057695984, 4.612046731841444, 4.071428571428571, 4.883726751813343, 7.586575146202638, 6.020844367148517, 4.932940322643014, 4.669702608194615, 8.468729996587564, 6.946017962320556, 5.844983507209107, 5.428571428571427, 7.240796801595489, 6.3649408210390135, 6.163172387460132, 9.396590784286976, 8.05131642311521, 7.123226994262598, 6.785714285714285, 10.033108456810503, 8.550304658347963, 7.822470395207656, 7.6591948210058245, 10.419026943480834, 9.224093463682888, 8.4261834120451, 8.142857142857142], [3.0413812651491097, 3.0, 3.70060055186242, 5.2704627669473, 7.158910531638177, 5.617037317511598, 7.939648672592628, 1.5811388300841898, 1.5, 2.2422706745122847, 2.63523138347365, 4.1163630117428225, 4.585605497399202, 6.18465843842649, 6.670832032063167, 0.5200078492343226, 1.6727779114524088, 3.835994344066444, 6.001700439314288, 0.0, 2.166666666666667, 4.333333333333334, 6.5, 1.3131983079178733, 2.062102706873773, 4.0210613325791, 6.121641103161665, 1.5, 2.63523138347365, 4.585605497399202, 6.670832032063167, 3.8625345615625397, 6.25, 2.6195886886988924, 3.0643143891802223, 4.615916955752522, 6.527805519311921, 3.0, 3.70060055186242, 5.2704627669473, 7.158910531638177, 7.183553014404829, 3.9602617930368895, 4.267487697365458, 5.488908626843063, 7.171727369984707, 9.37736290715934, 4.5, 4.994441354590566, 6.247221604663771, 7.905694150420948, 5.309310266899465, 5.542251644231056, 6.529411914916114, 7.9961725538037305, 6.379219736334879, 7.40120110372484, 8.845903006477066, 6.661647770665165, 6.8487465129165015, 7.669549886717773, 8.95139938894518, 7.516648189186454, 7.806692285753579, 8.66185764012419, 9.924716620639604, 8.0156097709407, 8.171767114754175, 8.870988921447509, 10.0], [4.013864859597432, 3.70060055186242, 3.0, 3.70060055186242, 5.270462766947299, 3.7307368834720083, 5.861026094792524, 3.05959329178097, 2.63523138347365, 1.5811388300841898, 1.5, 2.2422706745122847, 2.63523138347365, 4.1163630117428225, 4.585605497399201, 2.6704904557733244, 0.520007849234323, 1.6727779114524084, 3.835994344066444, 2.166666666666667, 0.0, 2.166666666666667, 4.333333333333333, 2.9301196062668633, 1.3131983079178735, 2.0621027068737727, 4.0210613325791, 2.63523138347365, 1.5, 2.63523138347365, 4.585605497399201, 2.060426091628986, 4.213898959923511, 3.7045048264336615, 2.6195886886988924, 3.0643143891802223, 4.615916955752522, 3.70060055186242, 3.0, 3.70060055186242, 5.270462766947299, 5.428376170098003, 4.748134852813141, 3.9602617930368895, 4.267487697365458, 5.488908626843063, 7.487238040632824, 4.994441354590566, 4.5, 4.994441354590566, 6.24722160466377, 5.920294470827881, 5.309310266899465, 5.542251644231056, 6.529411914916114, 6.0, 6.379219736334879, 7.401201103724839, 7.158118616753935, 6.661647770665165, 6.8487465129165015, 7.669549886717773, 7.959969290839703, 7.5, 7.806692285753579, 8.661857640124188, 8.432740427115679, 8.0156097709407, 8.171767114754175, 8.870988921447509], [5.688682721958671, 5.2704627669473, 3.70060055186242, 3.0, 3.7006005518624194, 2.3821368663382607, 3.8799641251388928, 5.060742150229659, 4.585605497399202, 3.0595932917809705, 2.63523138347365, 1.58113883008419, 1.5, 2.2422706745122847, 2.635231383473649, 4.835444061756523, 2.670490455773325, 0.5200078492343234, 1.6727779114524084, 4.333333333333334, 2.166666666666667, 0.0, 2.166666666666666, 4.983532974409769, 2.9301196062668637, 1.3131983079178737, 2.0621027068737727, 4.585605497399202, 2.63523138347365, 1.5, 2.635231383473649, 1.7205891455413655, 2.416666666666666, 5.47479278229508, 3.704504826433662, 2.6195886886988924, 3.0643143891802223, 5.2704627669473, 3.70060055186242, 3.0, 3.7006005518624194, 4.089008518736532, 6.228545944319499, 4.748134852813141, 3.9602617930368895, 4.267487697365458, 5.794084979573524, 6.247221604663771, 4.994441354590566, 4.5, 4.994441354590566, 7.162393916932745, 5.920294470827882, 5.309310266899465, 5.542251644231056, 6.379219736334879, 6.0, 6.379219736334879, 8.215148332898151, 7.158118616753935, 6.661647770665165, 6.8487465129165015, 8.922505876216116, 7.806692285753579, 7.5, 7.806692285753579, 9.346716595206635, 8.432740427115679, 8.0156097709407, 8.171767114754175], [7.615773105863909, 7.158910531638177, 5.270462766947299, 3.7006005518624194, 3.0, 2.611444675869315, 2.2683706112052375, 7.158910531638177, 6.670832032063167, 5.060742150229659, 4.585605497399201, 3.05959329178097, 2.635231383473649, 1.5811388300841898, 1.5, 7.001457574195912, 4.835444061756523, 2.6704904557733244, 0.5200078492343226, 6.5, 4.333333333333333, 2.166666666666666, 0.0, 7.104540083349405, 4.983532974409769, 2.9301196062668633, 1.3131983079178733, 6.670832032063167, 4.585605497399201, 2.635231383473649, 1.5, 3.3263173668988535, 1.8200274723201295, 7.457361792078964, 5.47479278229508, 3.7045048264336615, 2.6195886886988924, 7.158910531638177, 5.270462766947299, 3.7006005518624194, 3.0, 3.6553525654033536, 8.027058830567256, 6.228545944319499, 4.748134852813141, 3.9602617930368895, 4.524709594308645, 7.905694150420948, 6.24722160466377, 4.994441354590566, 4.5, 8.771475104576428, 7.162393916932745, 5.920294470827881, 5.309310266899465, 7.401201103724839, 6.379219736334879, 6.0, 9.650261707353234, 8.215148332898151, 7.158118616753935, 6.661647770665165, 10.259142264341596, 8.661857640124188, 7.806692285753579, 7.5, 10.63014581273465, 9.346716595206635, 8.432740427115679, 8.0156097709407], [4.2142857142857135, 4.243843079289413, 4.9871149167373074, 6.412590365269231, 8.170691774974298, 6.62272324273802, 8.782695776298146, 2.7142857142857135, 2.7599541551945217, 3.4730089811602776, 3.8050569049472336, 5.113230360208044, 5.543325540673814, 7.043958186898578, 7.50781905341195, 1.3571428571428559, 2.5566151801040213, 4.540882569773375, 6.640168426681199, 1.3131983079178733, 2.9301196062668633, 4.983532974409769, 7.104540083349405, 0.0, 2.1666666666666665, 4.333333333333333, 6.5, 0.5758755534498968, 2.6819291124435667, 4.8417707261055165, 7.005828477279559, 4.058831076605091, 6.52203877602076, 1.3571428571428577, 2.5566151801040222, 4.540882569773375, 6.6401684266812, 1.8543935693924536, 3.209343643381805, 5.152658209246486, 7.224179919562087, 7.118564006206154, 2.7142857142857153, 3.473008981160279, 5.1132303602080444, 7.043958186898578, 9.389930102023524, 3.3235400354662414, 4.231669821531219, 5.844401550069781, 7.732782058699634, 4.071428571428571, 4.612046731841443, 5.945948905769597, 7.669845540312067, 5.4785191736089525, 6.801777145393762, 8.479567278139244, 5.428571428571429, 5.8449835072091085, 6.946017962320557, 8.468729996587566, 6.2857142857142865, 6.827980315784733, 7.929143408511652, 9.407986186301118, 6.7857142857142865, 7.1232269942626, 8.051316423115212, 9.396590784286978], [4.7386336138255185, 4.531885022748307, 4.243843079289413, 4.9871149167373074, 6.412590365269231, 4.905210082210167, 6.803137825443173, 3.4730089811602776, 3.18514123965536, 2.7142857142857135, 2.7599541551945217, 3.4730089811602776, 3.8050569049472336, 5.1132303602080444, 5.543325540673814, 2.5566151801040213, 1.3571428571428559, 2.5566151801040213, 4.540882569773376, 2.062102706873773, 1.3131983079178735, 2.9301196062668637, 4.983532974409769, 2.1666666666666665, 0.0, 2.1666666666666665, 4.333333333333334, 1.690979133768067, 0.5758755534498972, 2.681929112443567, 4.8417707261055165, 1.9062070930381492, 4.366321973205383, 2.5566151801040222, 1.3571428571428577, 2.5566151801040222, 4.540882569773376, 2.4426529200813327, 1.8543935693924536, 3.2093436433818052, 5.152658209246486, 5.135281956924111, 3.473008981160279, 2.7142857142857153, 3.473008981160279, 5.113230360208045, 7.357167868055765, 3.684249739787562, 3.3235400354662414, 4.231669821531219, 5.844401550069781, 4.612046731841443, 4.071428571428571, 4.612046731841443, 5.9459489057695984, 4.8117627980283695, 5.4785191736089525, 6.801777145393762, 5.8449835072091085, 5.428571428571429, 5.8449835072091085, 6.946017962320557, 6.648657648433788, 6.305569290843822, 6.827980315784733, 7.929143408511652, 7.1232269942626, 6.7857142857142865, 7.1232269942626, 8.051316423115212], [6.044665570518391, 5.69689814952638, 4.531885022748307, 4.243843079289413, 4.9871149167373074, 3.6946715199350315, 4.98181817550931, 5.113230360208044, 4.696998124677074, 3.4730089811602776, 3.18514123965536, 2.7142857142857135, 2.7599541551945217, 3.473008981160278, 3.8050569049472336, 4.540882569773375, 2.5566151801040213, 1.3571428571428559, 2.556615180104022, 4.0210613325791, 2.0621027068737727, 1.3131983079178737, 2.9301196062668633, 4.333333333333333, 2.1666666666666665, 0.0, 2.166666666666667, 3.8439663236695596, 1.6909791337680666, 0.5758755534498975, 2.6819291124435667, 0.4266499075020999, 2.231912686545514, 4.540882569773375, 2.5566151801040222, 1.3571428571428577, 2.5566151801040227, 4.22885563180496, 2.4426529200813323, 1.8543935693924538, 3.209343643381805, 3.3848451859214634, 5.1132303602080444, 3.473008981160279, 2.7142857142857153, 3.4730089811602793, 5.428990665446554, 5.0487981551842, 3.684249739787562, 3.3235400354662414, 4.231669821531219, 5.945948905769597, 4.612046731841443, 4.071428571428571, 4.612046731841444, 5.067626564997423, 4.8117627980283695, 5.4785191736089525, 6.946017962320557, 5.8449835072091085, 5.428571428571429, 5.8449835072091085, 7.634656630092177, 6.502921025155576, 6.305569290843822, 6.827980315784733, 8.051316423115212, 7.1232269942626, 6.7857142857142865, 7.1232269942626], [7.746625335049621, 7.332135028873422, 5.69689814952638, 4.531885022748307, 4.243843079289413, 3.5537301837239545, 3.5697659985751233, 7.043958186898578, 6.5853888980663475, 5.1132303602080444, 4.696998124677074, 3.473008981160278, 3.18514123965536, 2.7142857142857135, 2.7599541551945217, 6.640168426681199, 4.540882569773376, 2.556615180104022, 1.3571428571428559, 6.121641103161665, 4.0210613325791, 2.0621027068737727, 1.3131983079178733, 6.5, 4.333333333333334, 2.166666666666667, 0.0, 6.006798869036754, 3.8439663236695596, 1.6909791337680666, 0.5758755534498968, 2.473726681443009, 0.5357142857142865, 6.6401684266812, 4.540882569773376, 2.5566151801040227, 1.3571428571428577, 6.2600938898872815, 4.22885563180496, 2.4426529200813323, 1.8543935693924536, 2.435594789181892, 7.043958186898578, 5.113230360208045, 3.4730089811602793, 2.7142857142857153, 3.7694627125292417, 6.840754225035931, 5.0487981551842, 3.684249739787562, 3.3235400354662414, 7.669845540312067, 5.9459489057695984, 4.612046731841444, 4.071428571428571, 6.131680493056878, 5.067626564997423, 4.8117627980283695, 8.468729996587566, 6.946017962320557, 5.8449835072091085, 5.428571428571429, 9.042134929408688, 7.362380628986599, 6.502921025155576, 6.305569290843822, 9.396590784286978, 8.051316423115212, 7.1232269942626, 6.7857142857142865], [4.527692569068709, 4.5, 4.994441354590566, 6.247221604663771, 7.905694150420948, 6.364886115901016, 8.429519551571307, 3.0413812651491097, 3.0, 3.431876713662333, 3.70060055186242, 4.867693955503411, 5.2704627669473, 6.708203932499369, 7.158910531638177, 1.7172593257387578, 2.340247288133139, 4.170542415115949, 6.220850391372287, 1.5, 2.63523138347365, 4.585605497399202, 6.670832032063167, 0.5758755534498968, 1.690979133768067, 3.8439663236695596, 6.006798869036754, 0.0, 2.166666666666667, 4.333333333333334, 6.5, 3.5466501442982863, 6.005206074732157, 1.182353239803346, 1.981347259177766, 3.9802517041159486, 6.094912565711954, 1.5, 2.63523138347365, 4.585605497399202, 6.670832032063167, 6.551828375432398, 2.4795078511013977, 2.9454603988937365, 4.53788536965379, 6.472863290976681, 8.827282343076064, 3.0, 3.70060055186242, 5.2704627669473, 7.158910531638177, 3.8185904013210448, 4.136352309806189, 5.38758546080762, 7.094479026190804, 4.994441354590566, 6.247221604663771, 7.905694150420948, 5.167105533259092, 5.406177704220839, 6.414313995766124, 7.902466677679618, 6.020797289396148, 6.379219736334879, 7.40120110372484, 8.845903006477066, 6.519202405202649, 6.710274046399132, 7.54615428178118, 8.845903006477066], [5.230784942158405, 4.994441354590566, 4.5, 4.994441354590566, 6.24722160466377, 4.78320653283653, 6.509255388288277, 4.013864859597432, 3.70060055186242, 3.0413812651491097, 3.0, 3.431876713662333, 3.70060055186242, 4.867693955503411, 5.270462766947299, 3.1321064322509615, 1.7172593257387578, 2.3402472881331384, 4.170542415115949, 2.63523138347365, 1.5, 2.63523138347365, 4.585605497399201, 2.6819291124435667, 0.5758755534498972, 1.6909791337680666, 3.8439663236695596, 2.166666666666667, 0.0, 2.166666666666667, 4.333333333333333, 1.3801846564324038, 3.8414768572053695, 2.8738598251801672, 1.1823532398033463, 1.9813472591777657, 3.9802517041159486, 2.63523138347365, 1.5, 2.63523138347365, 4.585605497399201, 4.559636936691812, 3.606808879714114, 2.4795078511013977, 2.945460398893736, 4.53788536965379, 6.785625391142205, 3.70060055186242, 3.0, 3.70060055186242, 5.270462766947299, 4.630631033042077, 3.8185904013210448, 4.136352309806188, 5.38758546080762, 4.5, 4.994441354590566, 6.24722160466377, 5.79310717171259, 5.167105533259092, 5.406177704220839, 6.414313995766124, 6.5659052011974035, 6.0, 6.379219736334879, 7.401201103724839, 7.025746302785998, 6.519202405202649, 6.710274046399132, 7.54615428178118], [6.60387091871965, 6.247221604663771, 4.994441354590566, 4.5, 4.994441354590566, 3.825603624532931, 4.803425906421985, 5.688682721958671, 5.2704627669473, 4.013864859597432, 3.70060055186242, 3.0413812651491097, 3.0, 3.431876713662333, 3.7006005518624194, 5.104908491143386, 3.1321064322509615, 1.717259325738758, 2.3402472881331384, 4.585605497399202, 2.63523138347365, 1.5, 2.635231383473649, 4.8417707261055165, 2.681929112443567, 0.5758755534498975, 1.6909791337680666, 4.333333333333334, 2.166666666666667, 0.0, 2.166666666666666, 0.7873887315301774, 1.6853123680130564, 4.950663621655645, 2.8738598251801677, 1.1823532398033465, 1.9813472591777657, 4.585605497399202, 2.63523138347365, 1.5, 2.635231383473649, 2.83602041894207, 5.409165397247952, 3.6068088797141145, 2.4795078511013977, 2.945460398893736, 4.853596524468642, 5.2704627669473, 3.70060055186242, 3.0, 3.7006005518624194, 6.139441649219604, 4.630631033042077, 3.8185904013210448, 4.136352309806188, 4.994441354590566, 4.5, 4.994441354590566, 7.057626421322388, 5.79310717171259, 5.167105533259092, 5.406177704220839, 7.704616220884147, 6.379219736334879, 6.0, 6.379219736334879, 8.100068586815244, 7.025746302785998, 6.519202405202649, 6.710274046399132], [8.32165848854662, 7.905694150420948, 6.24722160466377, 4.994441354590566, 4.5, 3.9724438746441493, 3.628261850514745, 7.615773105863909, 7.158910531638177, 5.688682721958671, 5.270462766947299, 4.013864859597432, 3.7006005518624194, 3.0413812651491097, 3.0, 7.190200246991507, 5.104908491143386, 3.1321064322509615, 1.7172593257387578, 6.670832032063167, 4.585605497399201, 2.635231383473649, 1.5, 7.005828477279559, 4.8417707261055165, 2.6819291124435667, 0.5758755534498968, 6.5, 4.333333333333333, 2.166666666666666, 0.0, 2.953631871462464, 0.5590169943749475, 7.081522377545204, 4.950663621655645, 2.8738598251801672, 1.182353239803346, 6.670832032063167, 4.585605497399201, 2.635231383473649, 1.5, 2.164399114709971, 7.409315702794252, 5.409165397247952, 3.606808879714114, 2.4795078511013977, 3.23403391828893, 7.158910531638177, 5.270462766947299, 3.7006005518624194, 3.0, 7.9581174063380855, 6.139441649219604, 4.630631033042077, 3.8185904013210448, 6.24722160466377, 4.994441354590566, 4.5, 8.68613720774872, 7.057626421322388, 5.79310717171259, 5.167105533259092, 9.219544457292887, 7.401201103724839, 6.379219736334879, 6.0, 9.5524865872714, 8.100068586815244, 7.025746302785998, 6.519202405202649], [6.074256104805341, 5.753265614039843, 4.735635930420922, 4.597969007527443, 5.407890458557851, 4.095055857002294, 5.403913783975576, 5.0553082233975495, 4.664720702515766, 3.565901990616765, 3.3295347531268633, 3.043692111352133, 3.130634600359619, 3.898891537298607, 4.231410310823921, 4.378731407187381, 2.51650640957318, 1.6974124930156187, 2.969596390480866, 3.8625345615625397, 2.060426091628986, 1.7205891455413655, 3.3263173668988535, 4.058831076605091, 1.9062070930381492, 0.4266499075020999, 2.473726681443009, 3.5466501442982863, 1.3801846564324038, 0.7873887315301774, 2.953631871462464, 0.0, 2.4633085273648163, 4.178349452825725, 2.1489811360416256, 1.0800576767401613, 2.6652988830517383, 3.839046919853545, 2.0160515104127095, 1.6671937563842534, 3.2990142829191864, 3.3849891709162825, 4.703910294726144, 3.0473411088954774, 2