totalHoles = 20;
zeroHoleID = 15;
C = [[0.0, 3.0, 1.8027756377319946, 4.6097722286464435, 3.335288950172236, 2.5, 3.905124837953327, 6.12132575385233, 3.8078865529319543, 5.70087712549569, 9.643929857903784, 5.0, 5.830951894845301, 6.18465843842649, 7.5, 7.5, 8.077747210701755, 8.631338250816034, 10.435531731339383, 12.83487710077117], [3.0, 0.0, 1.8027756377319946, 1.8027756377319946, 2.4633345107482842, 3.905124837953327, 2.5, 3.9624502455686628, 3.8078865529319543, 3.8078865529319543, 6.969190490230943, 5.830951894845301, 5.0, 6.18465843842649, 6.18465843842649, 8.077747210701755, 7.5, 8.631338250816034, 9.485787778547735, 11.038608576734347], [1.8027756377319946, 1.8027756377319946, 0.0, 3.0, 1.611846605932974, 2.1213203435596424, 2.1213203435596424, 4.318688158419917, 2.5, 3.905124837953327, 7.882747321890206, 4.272001872658765, 4.272001872658765, 5.0, 5.830951894845301, 6.670832032063167, 6.670832032063167, 7.5, 8.916785922370684, 11.093828131436984], [4.6097722286464435, 1.8027756377319946, 3.0, 0.0, 2.5577165620451616, 4.743416490252569, 2.1213203435596424, 2.4251701741337204, 3.905124837953327, 2.5, 5.167391830094226, 6.020797289396148, 4.272001872658765, 5.830951894845301, 5.0, 7.905694150420948, 6.670832032063167, 8.077747210701755, 8.341997269793513, 9.444036834337082], [3.335288950172236, 2.4633345107482842, 1.611846605932974, 2.5577165620451616, 0.0, 2.3460742672717125, 0.6692749795539769, 2.949097563522379, 1.4064002159666835, 2.433480244048348, 6.69585654868919, 3.5190874604033344, 2.706998537988239, 3.722616506421877, 4.2192106115465595, 5.635946117590327, 5.167954447466033, 6.183670895212496, 7.339774512457639, 9.503105381875443], [2.5, 3.905124837953327, 2.1213203435596424, 4.743416490252569, 2.3460742672717125, 0.0, 3.0, 5.196993971733867, 1.8027756377319946, 4.6097722286464435, 8.986428515515453, 2.5, 3.905124837953327, 3.8078865529319543, 5.70087712549569, 5.0, 5.830951894845301, 6.18465843842649, 8.273293486270463, 11.115774369729715], [3.905124837953327, 2.5, 2.1213203435596424, 2.1213203435596424, 0.6692749795539769, 3.0, 0.0, 2.288914438346159, 1.8027756377319946, 1.8027756377319946, 6.026618492108704, 3.905124837953327, 2.5, 3.8078865529319543, 3.8078865529319543, 5.830951894845301, 5.0, 6.18465843842649, 7.037558694165165, 8.982051489342123], [6.12132575385233, 3.9624502455686628, 4.318688158419917, 2.4251701741337204, 2.949097563522379, 5.196993971733867, 2.288914438346159, 0.0, 3.6316917224812424, 0.6477404811883679, 3.794571817849636, 5.389514235967886, 2.6976372372007087, 4.4974773067355365, 2.730876249197773, 6.6018922330770335, 4.670692028061177, 6.305982832363524, 6.016982202183302, 7.078934879154522], [3.8078865529319543, 3.8078865529319543, 2.5, 3.905124837953327, 1.4064002159666835, 1.8027756377319946, 1.8027756377319946, 3.6316917224812424, 0.0, 3.0, 7.408658427884794, 2.1213203435596424, 2.1213203435596424, 2.5, 3.905124837953327, 4.272001872658765, 4.272001872658765, 5.0, 6.637479474888201, 9.32198435188037], [5.70087712549569, 3.8078865529319543, 3.905124837953327, 2.5, 2.433480244048348, 4.6097722286464435, 1.8027756377319946, 0.6477404811883679, 3.0, 0.0, 4.410493474207361, 4.743416490252569, 2.1213203435596424, 3.905124837953327, 2.5, 6.020797289396148, 4.272001872658765, 5.830951894845301, 5.842600537724325, 7.281222519272123], [9.643929857903784, 6.969190490230943, 7.882747321890206, 5.167391830094226, 6.69585654868919, 8.986428515515453, 6.026618492108704, 3.794571817849636, 7.408658427884794, 4.410493474207361, 0.0, 9.000356205438228, 6.047366766595834, 7.7549167668885755, 4.970207947996431, 9.682816025571878, 7.022902474762762, 8.825488565607612, 7.064135804313816, 5.7906134411981744], [5.0, 5.830951894845301, 4.272001872658765, 6.020797289396148, 3.5190874604033344, 2.5, 3.905124837953327, 5.389514235967886, 2.1213203435596424, 4.743416490252569, 9.000356205438228, 0.0, 3.0, 1.8027756377319946, 4.6097722286464435, 2.5, 3.905124837953327, 3.8078865529319543, 6.363524786165244, 9.74098606330899], [5.830951894845301, 5.0, 4.272001872658765, 4.272001872658765, 2.706998537988239, 3.905124837953327, 2.5, 2.6976372372007087, 2.1213203435596424, 2.1213203435596424, 6.047366766595834, 3.0, 0.0, 1.8027756377319946, 1.8027756377319946, 3.905124837953327, 2.5, 3.8078865529319543, 4.644813771077786, 7.211353451608993], [6.18465843842649, 6.18465843842649, 5.0, 5.830951894845301, 3.722616506421877, 3.8078865529319543, 3.8078865529319543, 4.4974773067355365, 2.5, 3.905124837953327, 7.7549167668885755, 1.8027756377319946, 1.8027756377319946, 0.0, 3.0, 2.1213203435596424, 2.1213203435596424, 2.5, 4.593821543523027, 7.951462878209419], [7.5, 6.18465843842649, 5.830951894845301, 5.0, 4.2192106115465595, 5.70087712549569, 3.8078865529319543, 2.730876249197773, 3.905124837953327, 2.5, 4.970207947996431, 4.6097722286464435, 1.8027756377319946, 3.0, 0.0, 4.743416490252569, 2.1213203435596424, 3.905124837953327, 3.3441058053821653, 5.416878346612132], [7.5, 8.077747210701755, 6.670832032063167, 7.905694150420948, 5.635946117590327, 5.0, 5.830951894845301, 6.6018922330770335, 4.272001872658765, 6.020797289396148, 9.682816025571878, 2.5, 3.905124837953327, 2.1213203435596424, 4.743416490252569, 0.0, 3.0, 1.8027756377319946, 5.004149308155538, 8.872044811226997], [8.077747210701755, 7.5, 6.670832032063167, 6.670832032063167, 5.167954447466033, 5.830951894845301, 5.0, 4.670692028061177, 4.272001872658765, 4.272001872658765, 7.022902474762762, 3.905124837953327, 2.5, 2.1213203435596424, 2.1213203435596424, 3.0, 0.0, 1.8027756377319946, 2.4741377411469987, 5.985815587776894], [8.631338250816034, 8.631338250816034, 7.5, 8.077747210701755, 6.183670895212496, 6.18465843842649, 6.18465843842649, 6.305982832363524, 5.0, 5.830951894845301, 8.825488565607612, 3.8078865529319543, 3.8078865529319543, 2.5, 3.905124837953327, 1.8027756377319946, 1.8027756377319946, 0.0, 3.2634734513874046, 7.214716318080866], [10.435531731339383, 9.485787778547735, 8.916785922370684, 8.341997269793513, 7.339774512457639, 8.273293486270463, 7.037558694165165, 6.016982202183302, 6.637479474888201, 5.842600537724325, 7.064135804313816, 6.363524786165244, 4.644813771077786, 4.593821543523027, 3.3441058053821653, 5.004149308155538, 2.4741377411469987, 3.2634734513874046, 0.0, 3.996439841857203], [12.83487710077117, 11.038608576734347, 11.093828131436984, 9.444036834337082, 9.503105381875443, 11.115774369729715, 8.982051489342123, 7.078934879154522, 9.32198435188037, 7.281222519272123, 5.7906134411981744, 9.74098606330899, 7.211353451608993, 7.951462878209419, 5.416878346612132, 8.872044811226997, 5.985815587776894, 7.214716318080866, 3.996439841857203, 0.0]];