totalHoles = 20;
zeroHoleID = 19;
C = [[0.0, 3.666666666666666, 6.0, 2.0883273476902775, 5.5901699437494745, 3.337967131388815, 4.5069390943299865, 8.82907347310583, 8.5, 9.257129384665877, 10.404326023342406, 9.0, 9.184830488969903, 9.7182531580755, 10.547511554864494, 9.675283515799995, 10.977249200050075, 14.192994421276499, 14.359050514488384, 13.750295299546636], [3.666666666666666, 0.0, 2.333333333333334, 2.0883273476902775, 2.0883273476902784, 4.248124044135186, 3.9272905559827263, 5.779216576778487, 9.257129384665877, 8.5, 8.814445214784902, 9.7182531580755, 9.184830488969903, 9.0, 9.184830488969903, 9.675283515799995, 9.675283515799995, 12.949759339524197, 13.167922927951581, 13.106769823409497], [6.0, 2.333333333333334, 0.0, 4.28498671072748, 1.118033988749895, 6.03658445048979, 5.129571132170798, 4.364322581914479, 10.404326023342406, 8.814445214784902, 8.5, 10.816653826391969, 9.917717031207893, 9.297550453987569, 9.013878188659973, 10.373577546396957, 9.513148795220223, 12.657894305107474, 12.904612193507718, 13.220779539304925], [2.0883273476902775, 2.0883273476902775, 4.28498671072748, 0.0, 3.666666666666667, 2.4083024633476238, 2.8296544743916074, 6.7427936662417505, 7.720823214600313, 7.720823214600313, 8.579691784155834, 8.207381501496753, 8.0, 8.207381501496753, 8.80025252162939, 8.5, 9.257129384665877, 12.526241487305697, 12.713186493381736, 12.323768993786885], [5.5901699437494745, 2.0883273476902784, 1.118033988749895, 3.666666666666667, 0.0, 5.113599370652544, 4.0697051490249265, 3.788999434912141, 9.300537618869138, 7.720823214600313, 7.516648189186454, 9.7082439194738, 8.80025252162939, 8.207381501496753, 8.0, 9.257129384665877, 8.5, 11.687871771710675, 11.928177472639817, 12.167025973333459], [3.337967131388815, 4.248124044135186, 6.03658445048979, 2.4083024633476238, 5.113599370652544, 0.0, 1.694335160942448, 7.052605689676483, 5.358107871009631, 5.967734350781943, 7.348989537007003, 5.851725410019351, 5.859509008886217, 6.4146101672972735, 7.394783539346544, 6.3535199804603995, 7.792059670631468, 10.941769060679553, 11.094325767898788, 10.415713962808738], [4.5069390943299865, 3.9272905559827263, 5.129571132170798, 2.8296544743916074, 4.0697051490249265, 1.694335160942448, 0.0, 5.411592161078983, 5.367727638395972, 4.891176863609729, 5.900211860602973, 5.814851674806504, 5.292158769769142, 5.378067600087517, 6.046693311223912, 5.7885183289374185, 6.485560885536423, 9.73144041561483, 9.9103462548739, 9.49790017501597], [8.82907347310583, 5.779216576778487, 4.364322581914479, 6.7427936662417505, 3.788999434912141, 7.052605689676483, 5.411592161078983, 0.0, 9.136807224453579, 6.2392348973762255, 4.957420646095581, 9.39715192845335, 7.916360033451518, 6.614625478002873, 5.617829338052481, 8.245845880735095, 6.073320721079251, 8.849240974959384, 9.11848241166269, 9.89672752288474], [8.5, 9.257129384665877, 10.404326023342406, 7.720823214600313, 9.300537618869138, 5.358107871009631, 5.367727638395972, 9.136807224453579, 0.0, 3.666666666666666, 6.0, 0.5, 1.9002923751652296, 3.700600551862419, 5.522680508593631, 2.0883273476902775, 5.5901699437494745, 7.657279843257128, 7.6886268552272625, 6.2195908990578035], [9.257129384665877, 8.5, 8.814445214784902, 7.720823214600313, 7.720823214600313, 5.967734350781943, 4.891176863609729, 6.2392348973762255, 3.666666666666666, 0.0, 2.333333333333334, 3.700600551862419, 1.9002923751652296, 0.5, 1.9002923751652305, 2.0883273476902775, 2.0883273476902784, 4.988898766978567, 5.13096925324696, 4.626024787087311], [10.404326023342406, 8.814445214784902, 8.5, 8.579691784155834, 7.516648189186454, 7.348989537007003, 5.900211860602973, 4.957420646095581, 6.0, 2.333333333333334, 0.0, 6.020797289396148, 4.196559437338058, 2.3863035105460595, 0.7071067811865476, 4.28498671072748, 1.118033988749895, 4.173144161760807, 4.411537952474262, 4.939807866082657], [9.0, 9.7182531580755, 10.816653826391969, 8.207381501496753, 9.7082439194738, 5.851725410019351, 5.814851674806504, 9.39715192845335, 0.5, 3.700600551862419, 6.020797289396148, 0.0, 1.833333333333333, 3.666666666666666, 5.5, 1.9002923751652296, 5.522680508593631, 7.398210165584759, 7.413768434723584, 5.859778033864992], [9.184830488969903, 9.184830488969903, 9.917717031207893, 8.0, 8.80025252162939, 5.859509008886217, 5.292158769769142, 7.916360033451518, 1.9002923751652296, 1.9002923751652296, 4.196559437338058, 1.833333333333333, 0.0, 1.833333333333333, 3.666666666666667, 0.5, 3.70060055186242, 5.873669270367096, 5.933698894619998, 4.725916279898253], [9.7182531580755, 9.0, 9.297550453987569, 8.207381501496753, 8.207381501496753, 6.4146101672972735, 5.378067600087517, 6.614625478002873, 3.700600551862419, 0.5, 2.3863035105460595, 3.666666666666666, 1.833333333333333, 0.0, 1.833333333333334, 1.9002923751652296, 1.9002923751652305, 4.581341502591794, 4.709121463983234, 4.129623830964537], [10.547511554864494, 9.184830488969903, 9.013878188659973, 8.80025252162939, 8.0, 7.394783539346544, 6.046693311223912, 5.617829338052481, 5.522680508593631, 1.9002923751652305, 0.7071067811865476, 5.5, 3.666666666666667, 1.833333333333334, 0.0, 3.70060055186242, 0.5, 3.768237180872184, 3.983100497765882, 4.300642220431191], [9.675283515799995, 9.675283515799995, 10.373577546396957, 8.5, 9.257129384665877, 6.3535199804603995, 5.7885183289374185, 8.245845880735095, 2.0883273476902775, 2.0883273476902775, 4.28498671072748, 1.9002923751652296, 0.5, 1.9002923751652296, 3.70060055186242, 0.0, 3.666666666666667, 5.576698822230273, 5.617629576324564, 4.299764219016127], [10.977249200050075, 9.675283515799995, 9.513148795220223, 9.257129384665877, 8.5, 7.792059670631468, 6.485560885536423, 6.073320721079251, 5.5901699437494745, 2.0883273476902784, 1.118033988749895, 5.522680508593631, 3.70060055186242, 1.9002923751652305, 0.5, 3.666666666666667, 0.0, 3.286212182363962, 3.4948632391103294, 3.827428792633424], [14.192994421276499, 12.949759339524197, 12.657894305107474, 12.526241487305697, 11.687871771710675, 10.941769060679553, 9.73144041561483, 8.849240974959384, 7.657279843257128, 4.988898766978567, 4.173144161760807, 7.398210165584759, 5.873669270367096, 4.581341502591794, 3.768237180872184, 5.576698822230273, 3.286212182363962, 0.0, 0.28252297317138597, 2.288622727271364], [14.359050514488384, 13.167922927951581, 12.904612193507718, 12.713186493381736, 11.928177472639817, 11.094325767898788, 9.9103462548739, 9.11848241166269, 7.6886268552272625, 5.13096925324696, 4.411537952474262, 7.413768434723584, 5.933698894619998, 4.709121463983234, 3.983100497765882, 5.617629576324564, 3.4948632391103294, 0.28252297317138597, 0.0, 2.1233089644192398], [13.750295299546636, 13.106769823409497, 13.220779539304925, 12.323768993786885, 12.167025973333459, 10.415713962808738, 9.49790017501597, 9.89672752288474, 6.2195908990578035, 4.626024787087311, 4.939807866082657, 5.859778033864992, 4.725916279898253, 4.129623830964537, 4.300642220431191, 4.299764219016127, 3.827428792633424, 2.288622727271364, 2.1233089644192398, 0.0]];