totalHoles = 20;
zeroHoleID = 2;
C = [[0.0, 9.013878188659973, 6.186903731090195, 3.3706247360261137, 0.7071067811865476, 1.255950428525034, 5.778311941119906, 4.833333333333334, 7.0160385559227665, 11.227369727120031, 7.094628844223612, 8.75416262900303, 10.172129679778086, 9.666666666666668, 16.64331697709324, 15.297966458904849, 14.391355429948602, 14.0089257261219, 14.841757907262124, 14.5], [9.013878188659973, 0.0, 2.8333333333333335, 5.666666666666667, 8.5, 7.947057300008042, 7.266743118863881, 9.988882709181132, 10.070809021054723, 6.476097605524034, 10.533046323538281, 9.10302498605348, 10.865337342004416, 12.846313781695425, 13.5, 13.79412113103904, 14.64107615959671, 15.953056133543816, 15.166666666666666, 16.64331697709324], [6.186903731090195, 2.8333333333333335, 0.0, 2.8333333333333335, 5.666666666666666, 5.11487155078973, 5.2704627669473, 7.536946036396675, 8.088321872787079, 6.9879503844667, 8.499963958549786, 7.811322210588006, 9.645090864153525, 11.047875612784368, 13.79412113103904, 13.5, 13.79412113103904, 14.64107615959671, 14.317821063276353, 15.297966458904849], [3.3706247360261137, 5.666666666666667, 2.8333333333333335, 0.0, 2.833333333333333, 2.285532276757592, 4.336537277085896, 5.467073155618909, 6.7436090228163525, 8.472226183879775, 7.043384505693479, 7.431285286819002, 9.168181692983378, 9.753916592266355, 14.64107615959671, 13.79412113103904, 13.5, 13.79412113103904, 14.000992028344912, 14.391355429948602], [0.7071067811865476, 8.5, 5.666666666666666, 2.833333333333333, 0.0, 0.583917931458602, 5.08811250749125, 4.362084109434134, 6.448808428149337, 10.525271397993654, 6.559321523526358, 8.092391667864032, 9.546668994413125, 9.180292902613608, 15.953056133543816, 14.64107615959671, 13.79412113103904, 13.5, 14.251705550954634, 14.0089257261219], [1.255950428525034, 7.947057300008042, 5.11487155078973, 2.285532276757592, 0.583917931458602, 0.0, 4.658037999300938, 4.283841320643597, 6.2283489525521105, 9.978012589462793, 6.380010765620082, 7.7169973319971685, 9.23002845102305, 9.046955491446663, 15.508285389189119, 14.265802009140732, 13.512026264444067, 13.330122134984528, 13.978975450034978, 13.85877819615433], [5.778311941119906, 7.266743118863881, 5.2704627669473, 4.336537277085896, 5.08811250749125, 4.658037999300938, 0.0, 3.166666666666666, 2.837382008670662, 6.025525196780766, 3.27882384627004, 3.138045982671677, 4.833333333333334, 5.778311941119906, 10.865337342004414, 9.645090864153524, 9.168181692983378, 9.546668994413125, 9.666666666666666, 10.172129679778084], [4.833333333333334, 9.988882709181132, 7.536946036396675, 5.467073155618909, 4.362084109434134, 4.283841320643597, 3.166666666666666, 0.0, 2.4114664135054285, 9.05590094735136, 2.345756936242079, 4.84031342480842, 5.778311941119906, 4.833333333333334, 12.846313781695423, 11.047875612784367, 9.753916592266354, 9.180292902613607, 10.172129679778084, 9.666666666666666], [7.0160385559227665, 10.070809021054723, 8.088321872787079, 6.7436090228163525, 6.448808428149337, 6.2283489525521105, 2.837382008670662, 2.4114664135054285, 0.0, 7.569435624145545, 0.49787842837055024, 2.6952136284338626, 3.370954186965482, 3.0212192457610363, 10.520152858278841, 8.64137561623155, 7.397883783596862, 7.130185969942525, 7.835697149605418, 7.691721746180841], [11.227369727120031, 6.476097605524034, 6.9879503844667, 8.472226183879775, 10.525271397993654, 9.978012589462793, 6.025525196780766, 9.05590094735136, 7.569435624145545, 0.0, 8.045227142325402, 5.159555425883839, 6.243771864670428, 9.202558077472231, 7.029866715207217, 7.504041338710261, 8.902685120126524, 10.874765461320418, 9.401310681031788, 11.579595441658649], [7.094628844223612, 10.533046323538281, 8.499963958549786, 7.043384505693479, 6.559321523526358, 6.380010765620082, 3.27882384627004, 2.345756936242079, 0.49787842837055024, 8.045227142325402, 0.0, 3.0967445105570244, 3.5555203843782763, 2.719120260817497, 10.780859589645656, 8.805183469666988, 7.408855102706111, 6.950292618792934, 7.826556510676458, 7.483774221866318], [8.75416262900303, 9.10302498605348, 7.811322210588006, 7.431285286819002, 8.092391667864032, 7.7169973319971685, 3.138045982671677, 4.84031342480842, 2.6952136284338626, 5.159555425883839, 3.0967445105570244, 0.0, 1.8338008416759592, 4.11632445124898, 8.046935122161134, 6.550179817469285, 6.091970286996568, 6.882942965743046, 6.603070549882325, 7.561867636222022], [10.172129679778086, 10.865337342004416, 9.645090864153525, 9.168181692983378, 9.546668994413125, 9.23002845102305, 4.833333333333334, 5.778311941119906, 3.370954186965482, 6.243771864670428, 3.5555203843782763, 1.8338008416759592, 0.0, 3.166666666666666, 7.2667431188638805, 5.270462766947298, 4.3365372770858945, 5.088112507491248, 4.833333333333332, 5.778311941119904], [9.666666666666668, 12.846313781695425, 11.047875612784368, 9.753916592266355, 9.180292902613608, 9.046955491446663, 5.778311941119906, 4.833333333333334, 3.0212192457610363, 9.202558077472231, 2.719120260817497, 4.11632445124898, 3.166666666666666, 0.0, 9.988882709181132, 7.5369460363966745, 5.467073155618907, 4.362084109434132, 5.778311941119904, 4.833333333333332], [16.64331697709324, 13.5, 13.79412113103904, 14.64107615959671, 15.953056133543816, 15.508285389189119, 10.865337342004414, 12.846313781695423, 10.520152858278841, 7.029866715207217, 10.780859589645656, 8.046935122161134, 7.2667431188638805, 9.988882709181132, 0.0, 2.8333333333333335, 5.666666666666667, 8.5, 5.854722690083433, 9.013878188659973], [15.297966458904849, 13.79412113103904, 13.5, 13.79412113103904, 14.64107615959671, 14.265802009140732, 9.645090864153524, 11.047875612784367, 8.64137561623155, 7.504041338710261, 8.805183469666988, 6.550179817469285, 5.270462766947298, 7.5369460363966745, 2.8333333333333335, 0.0, 2.8333333333333335, 5.666666666666666, 3.0413812651491106, 6.186903731090195], [14.391355429948602, 14.64107615959671, 13.79412113103904, 13.5, 13.79412113103904, 13.512026264444067, 9.168181692983378, 9.753916592266354, 7.397883783596862, 8.902685120126524, 7.408855102706111, 6.091970286996568, 4.3365372770858945, 5.467073155618907, 5.666666666666667, 2.8333333333333335, 0.0, 2.833333333333333, 0.52704627669473, 3.3706247360261137], [14.0089257261219, 15.953056133543816, 14.64107615959671, 13.79412113103904, 13.5, 13.330122134984528, 9.546668994413125, 9.180292902613607, 7.130185969942525, 10.874765461320418, 6.950292618792934, 6.882942965743046, 5.088112507491248, 4.362084109434132, 8.5, 5.666666666666666, 2.833333333333333, 0.0, 2.7131367660166172, 0.7071067811865476], [14.841757907262124, 15.166666666666666, 14.317821063276353, 14.000992028344912, 14.251705550954634, 13.978975450034978, 9.666666666666666, 10.172129679778084, 7.835697149605418, 9.401310681031788, 7.826556510676458, 6.603070549882325, 4.833333333333332, 5.778311941119904, 5.854722690083433, 3.0413812651491106, 0.52704627669473, 2.7131367660166172, 0.0, 3.166666666666666], [14.5, 16.64331697709324, 15.297966458904849, 14.391355429948602, 14.0089257261219, 13.85877819615433, 10.172129679778084, 9.666666666666666, 7.691721746180841, 11.579595441658649, 7.483774221866318, 7.561867636222022, 5.778311941119904, 4.833333333333332, 9.013878188659973, 6.186903731090195, 3.3706247360261137, 0.7071067811865476, 3.166666666666666, 0.0]];