totalHoles = 20;
zeroHoleID = 2;
C = [[0.0, 4.333333333333333, 0.5, 4.362084109434133, 1.4142135623730951, 1.2018504251546631, 2.3863035105460586, 6.576473218982953, 2.6352313834736494, 2.1666666666666665, 2.0615528128088303, 4.116983319338638, 8.93073692096498, 8.798548973141632, 11.062526973162552, 11.543396380615196, 11.51930746375165, 12.527746981977424, 12.509996003196804, 14.142896374687156], [4.333333333333333, 0.0, 4.362084109434133, 0.5, 5.426273532033235, 5.0990195135927845, 2.3863035105460586, 2.386303510546059, 2.6352313834736494, 5.5402567128648865, 5.2307849421584045, 4.5044303614011625, 6.481706669621341, 6.626190810279286, 10.912452671680267, 12.676531246537614, 12.539936203984453, 13.52569571018232, 13.401906995316416, 12.873473503831834], [0.5, 4.362084109434133, 0.0, 4.333333333333333, 1.118033988749895, 0.8333333333333334, 2.223610677354389, 6.519202405202649, 2.3863035105460586, 1.7159383568311668, 1.5811388300841898, 3.6725808910683537, 8.59691973543095, 8.441561791350795, 10.57658829457976, 11.045361017187261, 11.020183503211026, 12.028900383844089, 12.010412149464313, 13.693909733406002], [4.362084109434133, 0.5, 4.333333333333333, 0.0, 5.3567195599960655, 5.024937810560445, 2.223610677354389, 2.2236106773543893, 2.3863035105460586, 5.38000413052299, 5.060742150229658, 4.1022178916337975, 6.013442303453892, 6.144257977872645, 10.419517274459235, 12.224747213928167, 12.083045973594572, 13.06500839817734, 12.936812246883353, 12.378528425277088], [1.4142135623730951, 5.426273532033235, 1.118033988749895, 5.3567195599960655, 0.0, 0.33333333333333326, 3.1666666666666665, 7.5, 3.2058973436118907, 1.0137937550497031, 1.118033988749895, 3.8844091582348157, 9.088445336033582, 8.869691614836722, 10.389577439611665, 10.5, 10.505289672879616, 11.501207666057411, 11.510864433221338, 13.739447567479742], [1.2018504251546631, 5.0990195135927845, 0.8333333333333334, 5.024937810560445, 0.33333333333333326, 0.0, 2.833333333333333, 7.166666666666667, 2.877112750272011, 1.0137937550497031, 1.0137937550497034, 3.653160800442023, 8.814552484554007, 8.607780568368726, 10.280546499008745, 10.505289672879616, 10.5, 11.501207666057411, 11.501207666057411, 13.569610433619523], [2.3863035105460586, 2.3863035105460586, 2.223610677354389, 2.223610677354389, 3.1666666666666665, 2.833333333333333, 0.0, 4.333333333333334, 0.5, 3.1622776601683795, 2.848001248439177, 2.7389551513713797, 6.707367678807845, 6.645072820360978, 9.772694232889217, 10.9671225842414, 10.8755587340503, 11.884864324004713, 11.805130711309854, 12.396885349075403], [6.576473218982953, 2.386303510546059, 6.519202405202649, 2.2236106773543893, 7.5, 7.166666666666667, 4.333333333333334, 0.0, 4.362084109434134, 7.401201103724839, 7.0710678118654755, 5.442425408584082, 5.101080116604777, 5.424639267927036, 10.534963247540864, 12.90348790056394, 12.712635883683253, 13.639200041709843, 13.46291201783626, 11.754375624618236], [2.6352313834736494, 2.6352313834736494, 2.3863035105460586, 2.3863035105460586, 3.2058973436118907, 2.877112750272011, 0.5, 4.362084109434134, 0.0, 3.0413812651491097, 2.7131367660166177, 2.2450332004118887, 6.33543590960174, 6.245197693614045, 9.273093846750328, 10.489412651706376, 10.393641218445909, 11.40175425099138, 11.31861789756643, 11.924110544592118], [2.1666666666666665, 5.5402567128648865, 1.7159383568311668, 5.38000413052299, 1.0137937550497031, 1.0137937550497031, 3.1622776601683795, 7.401201103724839, 3.0413812651491097, 0.0, 0.33333333333333337, 3.125048622487375, 8.421297005725798, 8.157565993530897, 9.394580028420203, 9.50146187582615, 9.50146187582615, 10.5, 10.505289672879616, 12.803471695409327], [2.0615528128088303, 5.2307849421584045, 1.5811388300841898, 5.060742150229658, 1.118033988749895, 1.0137937550497034, 2.848001248439177, 7.0710678118654755, 2.7131367660166177, 0.33333333333333337, 0.0, 2.852014959520557, 8.131780324544193, 7.879051403614792, 9.279847087430706, 9.513148795220223, 9.50146187582615, 10.505289672879616, 10.5, 12.62544678127985], [4.116983319338638, 4.5044303614011625, 3.6725808910683537, 4.1022178916337975, 3.8844091582348157, 3.653160800442023, 2.7389551513713797, 5.442425408584082, 2.2450332004118887, 3.125048622487375, 2.852014959520557, 0.0, 5.308760736228081, 5.032736618271425, 7.09504713351361, 8.27000049896389, 8.163936402139024, 9.168980457891418, 9.07955192031047, 10.025913463208944], [8.93073692096498, 6.481706669621341, 8.59691973543095, 6.013442303453892, 9.088445336033582, 8.814552484554007, 6.707367678807845, 5.101080116604777, 6.33543590960174, 8.421297005725798, 8.131780324544193, 5.308760736228081, 0.0, 0.5754596392200921, 6.128108031669829, 9.258949472328235, 8.990252622035376, 9.749182015107882, 9.500218837042691, 6.65923224266283], [8.798548973141632, 6.626190810279286, 8.441561791350795, 6.144257977872645, 8.869691614836722, 8.607780568368726, 6.645072820360978, 5.424639267927036, 6.245197693614045, 8.157565993530897, 7.879051403614792, 5.032736618271425, 0.5754596392200921, 0.0, 5.582756783893134, 8.684869583083369, 8.417209552223829, 9.181580107567193, 8.935042325230814, 6.344505641377909], [11.062526973162552, 10.912452671680267, 10.57658829457976, 10.419517274459235, 10.389577439611665, 10.280546499008745, 9.772694232889217, 10.534963247540864, 9.273093846750328, 9.394580028420203, 9.279847087430706, 7.09504713351361, 6.128108031669829, 5.582756783893134, 0.0, 3.6224818449003147, 3.296769882965094, 3.799630146913837, 3.506368108034419, 4.089588685693542], [11.543396380615196, 12.676531246537614, 11.045361017187261, 12.224747213928167, 10.5, 10.505289672879616, 10.9671225842414, 12.90348790056394, 10.489412651706376, 9.50146187582615, 9.513148795220223, 8.27000049896389, 9.258949472328235, 8.684869583083369, 3.6224818449003147, 0.0, 0.33333333333333326, 1.0137937550497031, 1.118033988749895, 7.232356725971751], [11.51930746375165, 12.539936203984453, 11.020183503211026, 12.083045973594572, 10.505289672879616, 10.5, 10.8755587340503, 12.712635883683253, 10.393641218445909, 9.50146187582615, 9.50146187582615, 8.163936402139024, 8.990252622035376, 8.417209552223829, 3.296769882965094, 0.33333333333333326, 0.0, 1.0137937550497031, 1.0137937550497034, 6.904266193621137], [12.527746981977424, 13.52569571018232, 12.028900383844089, 13.06500839817734, 11.501207666057411, 11.501207666057411, 11.884864324004713, 13.639200041709843, 11.40175425099138, 10.5, 10.505289672879616, 9.168980457891418, 9.749182015107882, 9.181580107567193, 3.799630146913837, 1.0137937550497031, 1.0137937550497031, 0.0, 0.33333333333333337, 6.961569636750867], [12.509996003196804, 13.401906995316416, 12.010412149464313, 12.936812246883353, 11.510864433221338, 11.501207666057411, 11.805130711309854, 13.46291201783626, 11.31861789756643, 10.505289672879616, 10.5, 9.07955192031047, 9.500218837042691, 8.935042325230814, 3.506368108034419, 1.118033988749895, 1.0137937550497034, 0.33333333333333337, 0.0, 6.628459155724924], [14.142896374687156, 12.873473503831834, 13.693909733406002, 12.378528425277088, 13.739447567479742, 13.569610433619523, 12.396885349075403, 11.754375624618236, 11.924110544592118, 12.803471695409327, 12.62544678127985, 10.025913463208944, 6.65923224266283, 6.344505641377909, 4.089588685693542, 7.232356725971751, 6.904266193621137, 6.961569636750867, 6.628459155724924, 0.0]];