totalHoles = 20;
zeroHoleID = 9;
C = [[0.0, 6.0, 6.001743595099749, 3.155299120918353, 4.5069390943299865, 6.656763477847174, 7.5, 7.321960878829598, 5.93250656017636, 8.48528137423857, 8.506533436783231, 9.604686356149273, 11.75612401454658, 8.5, 9.77809342924842, 10.404326023342406, 9.7182531580755, 10.816653826391969, 11.106804721030757, 13.980981992775417], [6.0, 0.0, 1.007357106130632, 6.500160485844721, 5.129571132170798, 3.783186487605389, 4.5, 5.622375931144333, 7.409191686044169, 6.0, 7.096556285347924, 7.5, 8.559995852703915, 10.404326023342406, 8.579691784155834, 8.5, 9.297550453987569, 9.0, 10.067825540359305, 11.297357458417245], [6.001743595099749, 1.007357106130632, 0.0, 6.0015845736640445, 4.383825516112045, 2.7775613827043584, 3.4970340618257327, 4.624847854197839, 6.598981913312794, 4.9967396229610115, 6.093223884330652, 6.496581138550316, 7.628630249070878, 9.550069672619294, 7.574004022620841, 7.4965107156485695, 8.306724769232144, 7.996482109019371, 9.061109014065323, 10.345773709584018], [3.155299120918353, 6.500160485844721, 6.0015845736640445, 0.0, 2.2746212894408018, 5.22704399350262, 5.851545676451107, 5.103092504739273, 2.836121846056591, 6.36946520184747, 5.947356830212757, 7.169350536240924, 9.55966354789791, 5.368713074986458, 7.01431061614971, 7.817880395657092, 6.75380696835011, 8.168787380355191, 8.217667161292352, 11.45055863188671], [4.5069390943299865, 5.129571132170798, 4.383825516112045, 2.2746212894408018, 0.0, 3.0, 3.5794552658190883, 2.9166666666666665, 2.3246627836534755, 4.16082924427331, 4.000867961385935, 5.129571132170798, 7.406951562528539, 5.367727638395972, 5.292158769769142, 5.900211860602973, 5.378067600087517, 6.309714732061981, 6.671352519875144, 9.49495604953117], [6.656763477847174, 3.783186487605389, 2.7775613827043584, 5.22704399350262, 3.0, 0.0, 0.9013878188659973, 1.8726837545203527, 4.610292912029427, 2.3048861143232218, 3.3176715395657306, 3.783186487605389, 5.328833833597992, 7.267220926874317, 4.79655547705272, 4.7762432936357, 5.560900206900958, 5.273755777432247, 6.285454991044359, 7.888941907062138], [7.5, 4.5, 3.4970340618257327, 5.851545676451107, 3.5794552658190883, 0.9013878188659973, 0.0, 1.5365907428821481, 4.813697677351827, 1.5, 2.758824226207808, 3.0, 4.42750109508148, 7.211102550927978, 4.166666666666667, 4.0, 5.068968775248517, 4.5, 5.622375931144333, 7.003404243155241], [7.321960878829598, 5.622375931144333, 4.624847854197839, 5.103092504739273, 2.9166666666666665, 1.8726837545203527, 1.5365907428821481, 0.0, 3.4859829295775646, 1.269295517643985, 1.5, 2.3154073315749675, 4.490310338226039, 5.688682721958671, 3.0, 3.218867985971328, 3.689323936863109, 3.689323936863109, 4.5, 6.681064126239566], [5.93250656017636, 7.409191686044169, 6.598981913312794, 2.836121846056591, 2.3246627836534755, 4.610292912029427, 4.813697677351827, 3.4859829295775646, 0.0, 4.647243623024422, 3.6847340403487685, 4.951975490098869, 7.46251490316053, 3.0447822925558974, 4.416158161898613, 5.3825817748616185, 3.9661069243306475, 5.652189771879454, 5.470616132914328, 8.962318420366593], [8.48528137423857, 6.0, 4.9967396229610115, 6.36946520184747, 4.16082924427331, 2.3048861143232218, 1.5, 1.269295517643985, 4.647243623024422, 0.0, 1.5365907428821481, 1.5, 3.2729973413515316, 6.5, 2.758824226207808, 2.5, 3.80058475033046, 3.0, 4.166666666666667, 5.643887502685937], [8.506533436783231, 7.096556285347924, 6.093223884330652, 5.947356830212757, 4.000867961385935, 3.3176715395657306, 2.758824226207808, 1.5, 3.6847340403487685, 1.5365907428821481, 0.0, 1.269295517643985, 3.7779137871484227, 5.060742150229658, 1.5, 1.90029237516523, 2.3154073315749675, 2.3154073315749675, 3.0, 5.5174643640765755], [9.604686356149273, 7.5, 6.496581138550316, 7.169350536240924, 5.129571132170798, 3.783186487605389, 3.0, 2.3154073315749675, 4.951975490098869, 1.5, 1.269295517643985, 0.0, 2.5144099200489736, 6.082762530298219, 1.5365907428821481, 1.0, 2.7738861628488736, 1.5, 2.758824226207808, 4.377129343862731], [11.75612401454658, 8.559995852703915, 7.628630249070878, 9.55966354789791, 7.406951562528539, 5.328833833597992, 4.42750109508148, 4.490310338226039, 7.46251490316053, 3.2729973413515316, 3.7779137871484227, 2.5144099200489736, 0.0, 8.415957691165966, 3.589203008005068, 2.4280488076653266, 4.8091724400716425, 2.5361393683287945, 3.9990153640889052, 2.778546893347948], [8.5, 10.404326023342406, 9.550069672619294, 5.368713074986458, 5.367727638395972, 7.267220926874317, 7.211102550927978, 5.688682721958671, 3.0447822925558974, 6.5, 5.060742150229658, 6.082762530298219, 8.415957691165966, 0.0, 4.833333333333333, 6.0, 3.700600551862419, 6.020797289396148, 5.060742150229658, 9.001890356951627], [9.77809342924842, 8.579691784155834, 7.574004022620841, 7.01431061614971, 5.292158769769142, 4.79655547705272, 4.166666666666667, 3.0, 4.416158161898613, 2.758824226207808, 1.5, 1.5365907428821481, 3.589203008005068, 4.833333333333333, 0.0, 1.166666666666667, 1.269295517643985, 1.269295517643985, 1.5, 4.555020105200921], [10.404326023342406, 8.5, 7.4965107156485695, 7.817880395657092, 5.900211860602973, 4.7762432936357, 4.0, 3.218867985971328, 5.3825817748616185, 2.5, 1.90029237516523, 1.0, 2.4280488076653266, 6.0, 1.166666666666667, 0.0, 2.3863035105460595, 0.5, 1.90029237516523, 3.632692948698523], [9.7182531580755, 9.297550453987569, 8.306724769232144, 6.75380696835011, 5.378067600087517, 5.560900206900958, 5.068968775248517, 3.689323936863109, 3.9661069243306475, 3.80058475033046, 2.3154073315749675, 2.7738861628488736, 4.8091724400716425, 3.700600551862419, 1.269295517643985, 2.3863035105460595, 0.0, 2.333333333333334, 1.5365907428821481, 5.365703948558601], [10.816653826391969, 9.0, 7.996482109019371, 8.168787380355191, 6.309714732061981, 5.273755777432247, 4.5, 3.689323936863109, 5.652189771879454, 3.0, 2.3154073315749675, 1.5, 2.5361393683287945, 6.020797289396148, 1.269295517643985, 0.5, 2.333333333333334, 0.0, 1.5365907428821481, 3.3113526605956456], [11.106804721030757, 10.067825540359305, 9.061109014065323, 8.217667161292352, 6.671352519875144, 6.285454991044359, 5.622375931144333, 4.5, 5.470616132914328, 4.166666666666667, 3.0, 2.758824226207808, 3.9990153640889052, 5.060742150229658, 1.5, 1.90029237516523, 1.5365907428821481, 1.5365907428821481, 0.0, 3.943856400620373], [13.980981992775417, 11.297357458417245, 10.345773709584018, 11.45055863188671, 9.49495604953117, 7.888941907062138, 7.003404243155241, 6.681064126239566, 8.962318420366593, 5.643887502685937, 5.5174643640765755, 4.377129343862731, 2.778546893347948, 9.001890356951627, 4.555020105200921, 3.632692948698523, 5.365703948558601, 3.3113526605956456, 3.943856400620373, 0.0]];