totalHoles = 20;
zeroHoleID = 15;
C = [[0.0, 10.151970252123476, 9.762812094883317, 8.109065571596055, 6.73145600891813, 6.671352519875145, 6.269968101992227, 10.090218035305282, 8.806957476904268, 7.25, 10.155893869556898, 11.423937444048786, 12.52821291874123, 18.186004201979095, 19.469527472437537, 18.48666937131847, 17.90270774057501, 17.75704085707976, 19.73100352237564, 20.01525902202563], [10.151970252123476, 0.0, 0.5, 2.833333333333333, 5.5, 5.666666666666666, 8.5, 0.7071067811865476, 3.1622776601683795, 8.06225774829855, 8.652826766631081, 8.191534458947176, 9.079503258492089, 11.046265225777704, 11.5, 11.843892002959914, 12.820339742421458, 14.300349646075091, 12.010412149464313, 14.301122222042341], [9.762812094883317, 0.5, 0.0, 2.333333333333333, 5.0, 5.166666666666666, 8.0, 0.5, 2.692582403567252, 7.566372975210778, 8.209652844278768, 7.804771889015793, 8.721079305810926, 10.971394923969804, 11.510864433221338, 11.734327609387956, 12.60731709938496, 14.0089257261219, 12.0, 14.143628526286433], [8.109065571596055, 2.833333333333333, 2.333333333333333, 0.0, 2.666666666666667, 2.833333333333333, 5.666666666666667, 2.3863035105460586, 1.0137937550497034, 5.262551134615649, 6.255833959527085, 6.217231707557548, 7.272845244009065, 10.921985305173065, 11.843892002959914, 11.5, 11.843892002959914, 12.820339742421458, 12.224747213928167, 13.628913531155542], [6.73145600891813, 5.5, 5.0, 2.666666666666667, 0.0, 0.16666666666666607, 3.0, 5.024937810560445, 2.692582403567252, 2.692582403567252, 4.490911658677564, 5.152352735798725, 6.305209959311016, 11.46240890792841, 12.747548783981962, 11.805130711309854, 11.501207666057411, 11.884864324004713, 13.0, 13.51826685220719], [6.671352519875145, 5.666666666666666, 5.166666666666666, 2.833333333333333, 0.16666666666666607, 0.0, 2.833333333333334, 5.1908038341324785, 2.8480012484391763, 2.53859103528797, 4.4107892219616325, 5.124671596732266, 6.277478157763485, 11.515863238601028, 12.820339742421458, 11.843892002959914, 11.5, 11.843892002959914, 13.06500839817734, 13.528785120076062], [6.269968101992227, 8.5, 8.0, 5.666666666666667, 3.0, 2.833333333333334, 0.0, 8.0156097709407, 5.5901699437494745, 1.118033988749895, 3.9787209185275896, 5.470475609926935, 6.478791681683056, 12.727765114483544, 14.300349646075091, 12.820339742421458, 11.843892002959914, 11.5, 14.422205101855956, 14.013005572189856], [10.090218035305282, 0.7071067811865476, 0.5, 2.3863035105460586, 5.024937810560445, 5.1908038341324785, 8.0156097709407, 0.0, 2.5495097567963922, 7.516648189186454, 7.9841269973980715, 7.489858915736412, 8.372820700853927, 10.475667261065361, 11.01135777277262, 11.244751862288666, 12.152960316089427, 13.601470508735444, 11.5, 13.667330241089362], [8.806957476904268, 3.1622776601683795, 2.692582403567252, 1.0137937550497034, 2.692582403567252, 2.8480012484391763, 5.5901699437494745, 2.5495097567963922, 0.0, 5.0, 5.5433845120849075, 5.324250759774752, 6.344308701933421, 9.943106066457604, 10.920164833920778, 10.501322668015575, 10.833333333333334, 11.853269591129697, 11.280514172678478, 12.615476976609264], [7.25, 8.06225774829855, 7.566372975210778, 5.262551134615649, 2.692582403567252, 2.53859103528797, 1.118033988749895, 7.516648189186454, 5.0, 0.0, 2.915304366836235, 4.356595072701098, 5.380399732192708, 11.61381374242209, 13.200378782444085, 11.702326454361305, 10.756135200175034, 10.51189802081432, 13.313526955694348, 12.917103783172866], [10.155893869556898, 8.652826766631081, 8.209652844278768, 6.255833959527085, 4.490911658677564, 4.4107892219616325, 3.9787209185275896, 7.9841269973980715, 5.5433845120849075, 2.915304366836235, 0.0, 1.7349778722322218, 2.5473224938453636, 9.090803474667636, 10.833870271259098, 9.035308103784658, 7.871238502403372, 7.63750968239474, 10.851157445716339, 10.050248697257441], [11.423937444048786, 8.191534458947176, 7.804771889015793, 6.217231707557548, 5.152352735798725, 5.124671596732266, 5.470475609926935, 7.489858915736412, 5.324250759774752, 4.356595072701098, 1.7349778722322218, 0.0, 1.152953643065193, 7.376676811807892, 9.10067308321839, 7.373939508902664, 6.479450034520767, 6.756265031383998, 9.12792420833636, 8.600908468378522], [12.52821291874123, 9.079503258492089, 8.721079305810926, 7.272845244009065, 6.305209959311016, 6.277478157763485, 6.478791681683056, 8.372820700853927, 6.344308701933421, 5.380399732192708, 2.5473224938453636, 1.152953643065193, 0.0, 6.654326743710075, 8.48623183281432, 6.517133514253634, 5.383816798564034, 5.617249589785753, 8.436994594519467, 7.536714216755416], [18.186004201979095, 11.046265225777704, 10.971394923969804, 10.921985305173065, 11.46240890792841, 11.515863238601028, 12.727765114483544, 10.475667261065361, 9.943106066457604, 11.61381374242209, 9.090803474667636, 7.376676811807892, 6.654326743710075, 0.0, 1.9965543157374845, 1.1207215104032775, 3.8185546778364694, 6.630404098313203, 1.7904910672831817, 3.8538248174466445], [19.469527472437537, 11.5, 11.510864433221338, 11.843892002959914, 12.747548783981962, 12.820339742421458, 14.300349646075091, 11.01135777277262, 10.920164833920778, 13.200378782444085, 10.833870271259098, 9.10067308321839, 8.48623183281432, 1.9965543157374845, 0.0, 2.833333333333333, 5.666666666666666, 8.5, 0.7071067811865476, 5.133899247772529], [18.48666937131847, 11.843892002959914, 11.734327609387956, 11.5, 11.805130711309854, 11.843892002959914, 12.820339742421458, 11.244751862288666, 10.501322668015575, 11.702326454361305, 9.035308103784658, 7.373939508902664, 6.517133514253634, 1.1207215104032775, 2.833333333333333, 0.0, 2.833333333333333, 5.666666666666667, 2.3863035105460586, 2.75356291306385], [17.90270774057501, 12.820339742421458, 12.60731709938496, 11.843892002959914, 11.501207666057411, 11.5, 11.843892002959914, 12.152960316089427, 10.833333333333334, 10.756135200175034, 7.871238502403372, 6.479450034520767, 5.383816798564034, 3.8185546778364694, 5.666666666666666, 2.833333333333333, 0.0, 2.833333333333334, 5.1908038341324785, 2.20518740738232], [17.75704085707976, 14.300349646075091, 14.0089257261219, 12.820339742421458, 11.884864324004713, 11.843892002959914, 11.5, 13.601470508735444, 11.853269591129697, 10.51189802081432, 7.63750968239474, 6.756265031383998, 5.617249589785753, 6.630404098313203, 8.5, 5.666666666666667, 2.833333333333334, 0.0, 8.0156097709407, 4.26604616040544], [19.73100352237564, 12.010412149464313, 12.0, 12.224747213928167, 13.0, 13.06500839817734, 14.422205101855956, 11.5, 11.280514172678478, 13.313526955694348, 10.851157445716339, 9.12792420833636, 8.436994594519467, 1.7904910672831817, 0.7071067811865476, 2.3863035105460586, 5.1908038341324785, 8.0156097709407, 0.0, 4.486729387369136], [20.01525902202563, 14.301122222042341, 14.143628526286433, 13.628913531155542, 13.51826685220719, 13.528785120076062, 14.013005572189856, 13.667330241089362, 12.615476976609264, 12.917103783172866, 10.050248697257441, 8.600908468378522, 7.536714216755416, 3.8538248174466445, 5.133899247772529, 2.75356291306385, 2.20518740738232, 4.26604616040544, 4.486729387369136, 0.0]];