totalHoles = 20;
zeroHoleID = 5;
C = [[0.0, 2.333333333333334, 1.5365907428821481, 2.1559720779378564, 2.8333333333333335, 3.670452590924207, 4.00693842672377, 5.666666666666667, 6.128258770283413, 6.767980168082318, 8.814445214784902, 8.809767016396313, 8.699196468073888, 9.7182531580755, 9.184830488969903, 9.0, 9.184830488969903, 9.571369343574153, 10.3067870543728, 11.892847426665945], [2.333333333333334, 0.0, 1.5365907428821481, 4.357276956812143, 3.670452590924207, 2.8333333333333335, 4.00693842672377, 6.128258770283413, 5.666666666666667, 6.767980168082318, 8.5, 9.615183393986877, 8.948723612630777, 10.816653826391969, 9.917717031207893, 9.297550453987569, 9.013878188659973, 9.571369343574153, 9.852813723579684, 11.46713685825724], [1.5365907428821481, 1.5365907428821481, 0.0, 3.072363988916011, 2.173067468400883, 2.173067468400883, 2.833333333333334, 4.810289896553938, 4.810289896553938, 5.666666666666667, 7.5901983578238, 8.21690265163692, 7.753970061066822, 9.346716595206635, 8.54400374531753, 8.08462189042327, 8.027729719194863, 8.5, 9.036112225661983, 10.64205695215288], [2.1559720779378564, 4.357276956812143, 3.072363988916011, 0.0, 2.63866549774436, 4.6152142405856855, 4.173778522537269, 5.03313532230963, 6.298420282118308, 6.438710226866435, 8.607877158129593, 7.569147539788154, 7.977346621609806, 8.183462630054027, 7.992073791049023, 8.215816975071734, 8.823166998102394, 9.030454427739006, 10.1486786769628, 11.64538326745404], [2.8333333333333335, 3.670452590924207, 2.173067468400883, 2.63866549774436, 0.0, 2.333333333333334, 1.5365907428821484, 2.8333333333333335, 3.670452590924207, 4.006938426723769, 6.128258770283412, 6.085953705976154, 5.867244172879921, 7.174414416676961, 6.433419688539593, 6.166666666666666, 6.433419688539594, 6.7679801680823175, 7.655509371445207, 9.204201622432787], [3.670452590924207, 2.8333333333333335, 2.173067468400883, 4.6152142405856855, 2.333333333333334, 0.0, 1.5365907428821484, 3.670452590924207, 2.8333333333333335, 4.006938426723769, 5.666666666666666, 7.202679315928308, 6.23122694894832, 8.603939666093538, 7.442371187255369, 6.593346814950827, 6.186903731090195, 6.7679801680823175, 7.032417978452277, 8.647122950348356], [4.00693842672377, 4.00693842672377, 2.833333333333334, 4.173778522537269, 1.5365907428821484, 1.5365907428821484, 0.0, 2.1730674684008826, 2.1730674684008826, 2.833333333333333, 4.810289896553937, 5.71060360043008, 4.953711070362448, 7.074995092263707, 5.97448277631164, 5.2967495273569005, 5.2094998693625945, 5.666666666666666, 6.300393255466144, 7.886542362275854], [5.666666666666667, 6.128258770283413, 4.810289896553938, 5.03313532230963, 2.8333333333333335, 3.670452590924207, 2.1730674684008826, 0.0, 2.333333333333334, 1.5365907428821481, 3.670452590924207, 3.5385343992874976, 3.037868452351606, 4.955356249106168, 3.804237403504442, 3.333333333333333, 3.8042374035044424, 4.006938426723769, 5.199936888457363, 6.6370468323185285], [6.128258770283413, 5.666666666666667, 4.810289896553938, 6.298420282118308, 3.670452590924207, 2.8333333333333335, 2.1730674684008826, 2.333333333333334, 0.0, 1.5365907428821481, 2.833333333333333, 5.230772649595615, 3.6921917391841323, 6.863753427324666, 5.3359368645273735, 4.068851871911234, 3.3706247360261137, 4.006938426723769, 4.229352495514304, 5.840016991964692], [6.767980168082318, 6.767980168082318, 5.666666666666667, 6.438710226866435, 4.006938426723769, 4.006938426723769, 2.833333333333333, 1.5365907428821481, 1.5365907428821481, 0.0, 2.1730674684008826, 3.709454586804872, 2.2383052930505007, 5.3670807293682055, 3.8005847503304597, 2.6087459737497545, 2.4267032964268394, 2.833333333333333, 3.714046546267856, 5.215101173192458], [8.814445214784902, 8.5, 7.5901983578238, 8.607877158129593, 6.128258770283412, 5.666666666666666, 4.810289896553937, 3.670452590924207, 2.833333333333333, 2.1730674684008826, 0.0, 4.347290104302809, 2.119416415916148, 6.020797289396148, 4.196559437338058, 2.3863035105460595, 0.7071067811865476, 1.5365907428821481, 1.5412650630319449, 3.081301213771052], [8.809767016396313, 9.615183393986877, 8.21690265163692, 7.569147539788154, 6.085953705976154, 7.202679315928308, 5.71060360043008, 3.5385343992874976, 5.230772649595615, 3.709454586804872, 4.347290104302809, 0.0, 2.2395130380010184, 1.7067278875535916, 0.46001945452425147, 2.05731328123615, 3.8698423996311204, 3.311294118233228, 5.289462479762048, 6.027256761533239], [8.699196468073888, 8.948723612630777, 7.753970061066822, 7.977346621609806, 5.867244172879921, 6.23122694894832, 4.953711070362448, 3.037868452351606, 3.6921917391841323, 2.2383052930505007, 2.119416415916148, 2.2395130380010184, 0.0, 3.9015325008005557, 2.078663935042642, 0.3767676699414436, 1.6386842958915155, 1.2394851175870798, 3.1147883165744363, 4.111834011038139], [9.7182531580755, 10.816653826391969, 9.346716595206635, 8.183462630054027, 7.174414416676961, 8.603939666093538, 7.074995092263707, 4.955356249106168, 6.863753427324666, 5.3670807293682055, 6.020797289396148, 1.7067278875535916, 3.9015325008005557, 0.0, 1.833333333333333, 3.666666666666666, 5.5, 4.85912657903775, 6.8438496218129306, 7.374937788571104], [9.184830488969903, 9.917717031207893, 8.54400374531753, 7.992073791049023, 6.433419688539593, 7.442371187255369, 5.97448277631164, 3.804237403504442, 5.3359368645273735, 3.8005847503304597, 4.196559437338058, 0.46001945452425147, 2.078663935042642, 1.833333333333333, 0.0, 1.833333333333333, 3.666666666666667, 3.0413812651491097, 5.028555595293445, 5.675824885116303], [9.0, 9.297550453987569, 8.08462189042327, 8.215816975071734, 6.166666666666666, 6.593346814950827, 5.2967495273569005, 3.333333333333333, 4.068851871911234, 2.6087459737497545, 2.3863035105460595, 2.05731328123615, 0.3767676699414436, 3.666666666666666, 1.833333333333333, 0.0, 1.833333333333334, 1.269295517643985, 3.233680152109551, 4.094202131055473], [9.184830488969903, 9.013878188659973, 8.027729719194863, 8.823166998102394, 6.433419688539594, 6.186903731090195, 5.2094998693625945, 3.8042374035044424, 3.3706247360261137, 2.4267032964268394, 0.7071067811865476, 3.8698423996311204, 1.6386842958915155, 5.5, 3.666666666666667, 1.833333333333334, 0.0, 0.8333333333333336, 1.5327183366684496, 2.8341164894187196], [9.571369343574153, 9.571369343574153, 8.5, 9.030454427739006, 6.7679801680823175, 6.7679801680823175, 5.666666666666666, 4.006938426723769, 4.006938426723769, 2.833333333333333, 1.5365907428821481, 3.311294118233228, 1.2394851175870798, 4.85912657903775, 3.0413812651491097, 1.269295517643985, 0.8333333333333336, 0.0, 1.987179880564579, 2.8727279051192185], [10.3067870543728, 9.852813723579684, 9.036112225661983, 10.1486786769628, 7.655509371445207, 7.032417978452277, 6.300393255466144, 5.199936888457363, 4.229352495514304, 3.714046546267856, 1.5412650630319449, 5.289462479762048, 3.1147883165744363, 6.8438496218129306, 5.028555595293445, 3.233680152109551, 1.5327183366684496, 1.987179880564579, 0.0, 1.6147451847707974], [11.892847426665945, 11.46713685825724, 10.64205695215288, 11.64538326745404, 9.204201622432787, 8.647122950348356, 7.886542362275854, 6.6370468323185285, 5.840016991964692, 5.215101173192458, 3.081301213771052, 6.027256761533239, 4.111834011038139, 7.374937788571104, 5.675824885116303, 4.094202131055473, 2.8341164894187196, 2.8727279051192185, 1.6147451847707974, 0.0]];