totalHoles = 20;
zeroHoleID = 13;
C = [[0.0, 1.5, 3.0, 4.5, 9.089779863353701, 5.590409457807323, 7.5, 7.648529270389178, 8.077747210701755, 8.74642784226795, 8.0, 8.139410298049853, 8.54400374531753, 8.666666666666666, 9.17877987534291, 9.433981132056603, 9.917717031207893, 10.157538711937201, 9.739135160742462, 15.104512096678999], [1.5, 0.0, 1.5, 3.0, 7.614125133623079, 5.344814510937845, 7.648529270389178, 7.5, 7.648529270389178, 8.077747210701755, 8.139410298049853, 8.0, 8.139410298049853, 8.207381501496753, 8.54400374531753, 8.73212459828649, 9.386751893552482, 9.685655093397944, 9.825835934214735, 14.416302111880226], [3.0, 1.5, 0.0, 1.5, 6.150260574700142, 5.511933091640531, 8.077747210701755, 7.648529270389178, 7.5, 7.648529270389178, 8.54400374531753, 8.139410298049853, 8.0, 8.006941432976209, 8.139410298049853, 8.246211251235321, 9.07530226004132, 9.431237272597281, 10.13623943743443, 13.856884479683098], [4.5, 3.0, 1.5, 0.0, 4.7091940629954046, 6.057703414423005, 8.74642784226795, 8.077747210701755, 7.648529270389178, 7.5, 9.17877987534291, 8.54400374531753, 8.139410298049853, 8.08462189042327, 8.0, 8.0156097709407, 9.006170724070865, 9.411937016140243, 10.650805042807633, 13.442348321091904], [9.089779863353701, 7.614125133623079, 6.150260574700142, 4.7091940629954046, 0.0, 8.2718984056672, 10.792841199344236, 9.583121868185888, 8.466819256765957, 7.485842097785864, 11.078936893956227, 9.90422365894999, 8.828615399525848, 8.606855510626302, 7.892734219456854, 7.620948409115404, 8.910600813927099, 9.399172096444495, 12.045638974499333, 11.69515089120683], [5.590409457807323, 5.344814510937845, 5.511933091640531, 6.057703414423005, 8.2718984056672, 0.0, 2.7129421111552445, 2.16204050583463, 2.547309050598268, 3.578148634370858, 3.1252541280108197, 2.661123374636895, 2.982606555586748, 3.1480541660178623, 3.900039245420388, 4.279613790902472, 4.442132607613877, 4.619740460142198, 4.630929162378687, 9.73059439464335], [7.5, 7.648529270389178, 8.077747210701755, 8.74642784226795, 10.792841199344236, 2.7129421111552445, 0.0, 1.5, 3.0, 4.5, 0.5, 1.5811388300841898, 3.0413812651491097, 3.3706247360261137, 4.527692569068709, 5.024937810560445, 4.428443418528808, 4.308356281406558, 2.2449859171161295, 9.376730892532775], [7.648529270389178, 7.5, 7.648529270389178, 8.077747210701755, 9.583121868185888, 2.16204050583463, 1.5, 0.0, 1.5, 3.0, 1.5811388300841898, 0.5, 1.5811388300841898, 1.9002923751652296, 3.0413812651491097, 3.5355339059327378, 3.05959329178097, 3.0328626331072135, 2.5954305798740243, 8.222321030783128], [8.077747210701755, 7.648529270389178, 7.5, 7.648529270389178, 8.466819256765957, 2.547309050598268, 3.0, 1.5, 0.0, 1.5, 3.0413812651491097, 1.5811388300841898, 0.5, 0.6009252125773314, 1.5811388300841898, 2.0615528128088303, 1.90029237516523, 2.0819648544249474, 3.596186594413682, 7.196529999627497], [8.74642784226795, 8.077747210701755, 7.648529270389178, 7.5, 7.485842097785864, 3.578148634370858, 4.5, 3.0, 1.5, 0.0, 4.527692569068709, 3.0413812651491097, 1.5811388300841898, 1.269295517643985, 0.5, 0.7071067811865476, 1.5365907428821477, 1.9927116095469923, 4.860952185399086, 6.361880613294986], [8.0, 8.139410298049853, 8.54400374531753, 9.17877987534291, 11.078936893956227, 3.1252541280108197, 0.5, 1.5811388300841898, 3.0413812651491097, 4.527692569068709, 0.0, 1.5, 3.0, 3.333333333333333, 4.5, 5.0, 4.28498671072748, 4.113517139675509, 1.747162167813583, 9.087071512197731], [8.139410298049853, 8.0, 8.139410298049853, 8.54400374531753, 9.90422365894999, 2.661123374636895, 1.5811388300841898, 0.5, 1.5811388300841898, 3.0413812651491097, 1.5, 0.0, 1.5, 1.833333333333333, 3.0, 3.5, 2.8480012484391772, 2.749062596989536, 2.1791910810056385, 7.890396033791688], [8.54400374531753, 8.139410298049853, 8.0, 8.139410298049853, 8.828615399525848, 2.982606555586748, 3.0413812651491097, 1.5811388300841898, 0.5, 1.5811388300841898, 3.0, 1.5, 0.0, 0.33333333333333304, 1.5, 2.0, 1.5365907428821481, 1.6412394907293462, 3.3083488169221194, 6.81482431705731], [8.666666666666666, 8.207381501496753, 8.006941432976209, 8.08462189042327, 8.606855510626302, 3.1480541660178623, 3.3706247360261137, 1.9002923751652296, 0.6009252125773314, 1.269295517643985, 3.333333333333333, 1.833333333333333, 0.33333333333333304, 0.0, 1.166666666666667, 1.666666666666667, 1.301708279317776, 1.4912950151868773, 3.596281154866955, 6.598345213896526], [9.17877987534291, 8.54400374531753, 8.139410298049853, 8.0, 7.892734219456854, 3.900039245420388, 4.527692569068709, 3.0413812651491097, 1.5811388300841898, 0.5, 4.5, 3.0, 1.5, 1.166666666666667, 0.0, 0.5, 1.0540925533894596, 1.5264301391456458, 4.652039340044907, 5.926661064599162], [9.433981132056603, 8.73212459828649, 8.246211251235321, 8.0156097709407, 7.620948409115404, 4.279613790902472, 5.024937810560445, 3.5355339059327378, 2.0615528128088303, 0.7071067811865476, 5.0, 3.5, 2.0, 1.666666666666667, 0.5, 0.0, 1.3017082793177757, 1.7913020230025665, 5.119267792398695, 5.687981921741871], [9.917717031207893, 9.386751893552482, 9.07530226004132, 9.006170724070865, 8.910600813927099, 4.442132607613877, 4.428443418528808, 3.05959329178097, 1.90029237516523, 1.5365907428821477, 4.28498671072748, 2.8480012484391772, 1.5365907428821481, 1.301708279317776, 1.0540925533894596, 1.3017082793177757, 0.0, 0.48999618086305136, 4.049796752715509, 5.2966760691113155], [10.157538711937201, 9.685655093397944, 9.431237272597281, 9.411937016140243, 9.399172096444495, 4.619740460142198, 4.308356281406558, 3.0328626331072135, 2.0819648544249474, 1.9927116095469923, 4.113517139675509, 2.749062596989536, 1.6412394907293462, 1.4912950151868773, 1.5264301391456458, 1.7913020230025665, 0.48999618086305136, 0.0, 3.702903991672504, 5.203221054484483], [9.739135160742462, 9.825835934214735, 10.13623943743443, 10.650805042807633, 12.045638974499333, 4.630929162378687, 2.2449859171161295, 2.5954305798740243, 3.596186594413682, 4.860952185399086, 1.747162167813583, 2.1791910810056385, 3.3083488169221194, 3.596281154866955, 4.652039340044907, 5.119267792398695, 4.049796752715509, 3.702903991672504, 0.0, 8.070664103486015], [15.104512096678999, 14.416302111880226, 13.856884479683098, 13.442348321091904, 11.69515089120683, 9.73059439464335, 9.376730892532775, 8.222321030783128, 7.196529999627497, 6.361880613294986, 9.087071512197731, 7.890396033791688, 6.81482431705731, 6.598345213896526, 5.926661064599162, 5.687981921741871, 5.2966760691113155, 5.203221054484483, 8.070664103486015, 0.0]];