totalHoles = 20;
zeroHoleID = 15;
C = [[0.0, 1.1666666666666667, 2.3333333333333335, 3.5, 2.049763008146017, 2.983840931749982, 7.971794559167698, 5.5, 5.622375931144333, 5.97448277631164, 6.519202405202649, 6.0, 6.112373606964083, 6.437735971942655, 6.946221994724902, 6.5, 6.60387091871965, 6.90611645170022, 10.730671591613545, 14.02423776028404], [1.1666666666666667, 0.0, 1.1666666666666667, 2.333333333333333, 0.9118986827028748, 2.7560400271471837, 6.918892522809341, 5.622375931144333, 5.5, 5.622375931144333, 5.97448277631164, 6.112373606964083, 6.0, 6.112373606964083, 6.437735971942655, 6.60387091871965, 6.5, 6.60387091871965, 10.433398188860957, 13.975308796038108], [2.3333333333333335, 1.1666666666666667, 0.0, 1.1666666666666665, 0.42873330601772724, 3.0017376265607423, 5.908879861109087, 5.97448277631164, 5.622375931144333, 5.5, 5.622375931144333, 6.437735971942655, 6.112373606964083, 6.0, 6.112373606964083, 6.90611645170022, 6.60387091871965, 6.5, 10.26092125249066, 14.023604720416424], [3.5, 2.333333333333333, 1.1666666666666665, 0.0, 1.5027599642274092, 3.6259237648364597, 4.967984591972513, 6.519202405202649, 5.97448277631164, 5.622375931144333, 5.5, 6.946221994724902, 6.437735971942655, 6.112373606964083, 6.0, 7.3824115301167, 6.90611645170022, 6.60387091871965, 10.219561358224924, 14.168131315970138], [2.049763008146017, 0.9118986827028748, 0.42873330601772724, 1.5027599642274092, 0.0, 2.6096219931192803, 6.017919932648452, 5.580792685413434, 5.27022559436648, 5.208409628254019, 5.403888055658171, 6.049353350724997, 5.764087679752901, 5.707622957068278, 5.8865469574657014, 6.522584221479352, 6.258924487820798, 6.206962927585156, 9.995348680780756, 13.70157356315281], [2.983840931749982, 2.7560400271471837, 3.0017376265607423, 3.6259237648364597, 2.6096219931192803, 0.0, 6.174720830758898, 2.972863595138403, 2.7441515775463414, 2.9908259775558896, 3.616895685213832, 3.4397635853963218, 3.244136780203542, 3.455299639125741, 4.0094874941615375, 3.9148472628619735, 3.744125934953141, 3.9285049528111586, 7.760964227217168, 11.219395758376697], [7.971794559167698, 6.918892522809341, 5.908879861109087, 4.967984591972513, 6.017919932648452, 6.174720830758898, 0.0, 7.6572069737167405, 6.553959405347854, 5.477058641075621, 4.445692415230374, 7.822138251994433, 6.7459181793085685, 5.705365856170782, 4.724109360060911, 8.014915784229599, 6.968532146507187, 5.966927831618009, 8.091209251299619, 12.400657443036122], [5.5, 5.622375931144333, 5.97448277631164, 6.519202405202649, 5.580792685413434, 2.972863595138403, 7.6572069737167405, 0.0, 1.1666666666666667, 2.3333333333333335, 3.5, 0.5, 1.2692955176439848, 2.386303510546059, 3.5355339059327378, 1.0, 1.5365907428821481, 2.5385910352879697, 5.74528161234098, 8.555749744913703], [5.622375931144333, 5.5, 5.622375931144333, 5.97448277631164, 5.27022559436648, 2.7441515775463414, 6.553959405347854, 1.1666666666666667, 0.0, 1.1666666666666667, 2.333333333333333, 1.2692955176439848, 0.5, 1.2692955176439848, 2.3863035105460586, 1.5365907428821481, 1.0, 1.5365907428821481, 5.168824408448068, 8.475309132134022], [5.97448277631164, 5.622375931144333, 5.5, 5.622375931144333, 5.208409628254019, 2.9908259775558896, 5.477058641075621, 2.3333333333333335, 1.1666666666666667, 0.0, 1.1666666666666665, 2.386303510546059, 1.2692955176439848, 0.5, 1.2692955176439846, 2.5385910352879697, 1.5365907428821481, 1.0, 4.811179995370772, 8.55471205214413], [6.519202405202649, 5.97448277631164, 5.622375931144333, 5.5, 5.403888055658171, 3.616895685213832, 4.445692415230374, 3.5, 2.333333333333333, 1.1666666666666665, 0.0, 3.5355339059327378, 2.3863035105460586, 1.2692955176439846, 0.5, 3.640054944640259, 2.5385910352879693, 1.5365907428821477, 4.722328064902469, 8.789627633022228], [6.0, 6.112373606964083, 6.437735971942655, 6.946221994724902, 6.049353350724997, 3.4397635853963218, 7.822138251994433, 0.5, 1.2692955176439848, 2.386303510546059, 3.5355339059327378, 0.0, 1.1666666666666667, 2.3333333333333335, 3.5, 0.5, 1.2692955176439848, 2.386303510546059, 5.3423846978171445, 8.060740996922362], [6.112373606964083, 6.0, 6.112373606964083, 6.437735971942655, 5.764087679752901, 3.244136780203542, 6.7459181793085685, 1.2692955176439848, 0.5, 1.2692955176439848, 2.3863035105460586, 1.1666666666666667, 0.0, 1.1666666666666667, 2.333333333333333, 1.2692955176439848, 0.5, 1.2692955176439848, 4.716943843182356, 7.97530918567477], [6.437735971942655, 6.112373606964083, 6.0, 6.112373606964083, 5.707622957068278, 3.455299639125741, 5.705365856170782, 2.386303510546059, 1.2692955176439848, 0.5, 1.2692955176439846, 2.3333333333333335, 1.1666666666666667, 0.0, 1.1666666666666665, 2.386303510546059, 1.2692955176439848, 0.5, 4.322067375946759, 8.059639571157884], [6.946221994724902, 6.437735971942655, 6.112373606964083, 6.0, 5.8865469574657014, 4.0094874941615375, 4.724109360060911, 3.5355339059327378, 2.3863035105460586, 1.2692955176439846, 0.5, 3.5, 2.333333333333333, 1.1666666666666665, 0.0, 3.5355339059327378, 2.3863035105460586, 1.2692955176439846, 4.222936869873015, 8.308564596190003], [6.5, 6.60387091871965, 6.90611645170022, 7.3824115301167, 6.522584221479352, 3.9148472628619735, 8.014915784229599, 1.0, 1.5365907428821481, 2.5385910352879697, 3.640054944640259, 0.5, 1.2692955176439848, 2.386303510546059, 3.5355339059327378, 0.0, 1.1666666666666667, 2.3333333333333335, 4.957205635621563, 7.566388645935319], [6.60387091871965, 6.5, 6.60387091871965, 6.90611645170022, 6.258924487820798, 3.744125934953141, 6.968532146507187, 1.5365907428821481, 1.0, 1.5365907428821481, 2.5385910352879693, 1.2692955176439848, 0.5, 1.2692955176439848, 2.3863035105460586, 1.1666666666666667, 0.0, 1.1666666666666667, 4.275789128816262, 7.475309246377863], [6.90611645170022, 6.60387091871965, 6.5, 6.60387091871965, 6.206962927585156, 3.9285049528111586, 5.966927831618009, 2.5385910352879697, 1.5365907428821481, 1.0, 1.5365907428821477, 2.386303510546059, 1.2692955176439848, 0.5, 1.2692955176439846, 2.3333333333333335, 1.1666666666666667, 0.0, 3.835763269101823, 7.5652152473573455], [10.730671591613545, 10.433398188860957, 10.26092125249066, 10.219561358224924, 9.995348680780756, 7.760964227217168, 8.091209251299619, 5.74528161234098, 5.168824408448068, 4.811179995370772, 4.722328064902469, 5.3423846978171445, 4.716943843182356, 4.322067375946759, 4.222936869873015, 4.957205635621563, 4.275789128816262, 3.835763269101823, 0.0, 4.309560450423031], [14.02423776028404, 13.975308796038108, 14.023604720416424, 14.168131315970138, 13.70157356315281, 11.219395758376697, 12.400657443036122, 8.555749744913703, 8.475309132134022, 8.55471205214413, 8.789627633022228, 8.060740996922362, 7.97530918567477, 8.059639571157884, 8.308564596190003, 7.566388645935319, 7.475309246377863, 7.5652152473573455, 4.309560450423031, 0.0]];