totalHoles = 90;
zeroHoleID = 49;
C = [[0.0, 1.0, 2.833333333333333, 4.666666666666666, 6.5, 0.5590169943749475, 1.0307764064044151, 2.8443413609793353, 4.673358297603317, 6.504805915628844, 1.118033988749895, 2.877112750272011, 4.69337594677624, 6.519202405202649, 1.25, 2.9309175658448288, 4.72655030416241, 6.5431261641512, 1.4142135623730951, 3.0046260628866577, 4.772607021092117, 6.576473218982953, 1.6007810593582121, 3.0968173626770077, 4.831177680211914, 6.619101147436863, 1.5, 1.8027756377319946, 3.2058973436118907, 4.9018137232842465, 6.670832032063167, 2.23606797749979, 5.0771820705759385, 2.7216220462253755, 5.308955108143011, 5.6568470583374415, 4.126472801046649, 7.158910531638177, 3.221630992214968, 5.581817269293019, 4.527416961168672, 7.397278321281416, 3.730286726580143, 5.890060852001257, 4.952947004337698, 7.66510966979599, 4.244481711587412, 6.228435018347528, 5.397250859491133, 4.762422079415053, 6.592301710349563, 7.659238066150306, 5.856056930885985, 5.28300636475104, 6.977673969724995, 5.469679953780497, 6.326210701539886, 5.805523366803375, 7.38118414214669, 6.805360683151024, 6.329494450586082, 7.800017806247482, 7.291733630644894, 6.854586170039735, 8.231836328564713, 7.783975705112252, 7.3805593453342, 8.674700803357876, 8.281040353740451, 7.907238080549997, 9.12700344254771, 8.782108746068781, 8.434490203918669, 9.587408553815665, 9.286532821256692, 8.962214517768475, 10.054803172627388, 11.744927302250465, 9.7937940951287, 9.490332251823432, 10.52825645716221, 10.84644851874339, 10.30347353275961, 10.018781191467353, 11.006986614885918, 10.815229263764026, 10.547511554864494, 11.490334102095455, 11.328779914018886, 11.843892002959914], [1.0, 0.0, 1.833333333333333, 3.666666666666666, 5.5, 0.5590169943749475, 0.25, 1.8503002759312095, 3.675179511866657, 5.50567888638631, 0.5, 1.9002923751652296, 3.700600551862419, 5.522680508593631, 0.75, 1.980810720667452, 3.742585262147603, 5.55090082779363, 1.0, 2.0883273476902775, 3.8005847503304593, 5.5901699437494745, 1.25, 2.2189211592823908, 3.8738797663898192, 5.640257086339239, 1.8027756377319946, 1.5, 2.3687784005919825, 3.961621441334904, 5.70087712549569, 2.0, 4.176654695380555, 2.53125, 4.455521406855143, 4.82558510684112, 3.515837184954831, 6.264982043070834, 3.0625, 4.777379061205468, 3.9787985213643466, 6.536032937684754, 3.59375, 5.134148761668719, 4.457018887228448, 6.837682812912573, 4.125, 5.519064181946468, 4.946074218368656, 4.65625, 5.926643949736178, 6.9104129564275905, 5.443044746381488, 5.1875, 6.35252711087835, 5.293253509981331, 5.945946112572086, 5.71875, 6.793272113418131, 6.453391926817331, 6.25, 7.2461675694427905, 6.964388894483931, 6.78125, 7.709072318180992, 7.47820908447411, 7.3125, 8.180287323465139, 7.99430814227292, 7.84375, 8.658455896229098, 8.512271574680351, 8.375, 9.142487049181117, 9.031778627358573, 8.90625, 9.631496950471638, 11.160714945016416, 9.552577459047956, 9.4375, 10.124764229079334, 10.445913734012612, 10.074467736491647, 9.96875, 10.621695768894176, 10.597288207891259, 10.5, 11.121800413801914, 11.120907682091921, 11.645218379708949], [2.833333333333333, 1.833333333333333, 0.0, 1.833333333333333, 3.666666666666667, 2.34668797338812, 1.8503002759312095, 0.25, 1.8503002759312095, 3.675179511866658, 1.9002923751652296, 0.5, 1.9002923751652296, 3.70060055186242, 1.980810720667452, 0.75, 1.980810720667452, 3.7425852621476037, 2.0883273476902775, 1.0, 2.0883273476902775, 3.80058475033046, 2.2189211592823908, 1.25, 2.2189211592823908, 3.87387976638982, 3.2058973436118907, 2.3687784005919825, 1.5, 2.3687784005919825, 3.9616214413349047, 2.7131367660166177, 2.7131367660166177, 3.1254339976411454, 3.1254339976411454, 3.5363394258345777, 3.0, 4.737556801183965, 3.5693160915098443, 3.5693160915098443, 3.53125, 5.090596331172257, 4.034371100135821, 4.034371100135821, 4.0625, 5.472508628996801, 4.514059825823215, 4.514059825823215, 4.59375, 5.004175773652551, 5.004175773652551, 5.739892337190092, 5.125, 5.501933056763878, 5.501933056763878, 5.452680321912042, 5.65625, 6.005431930645048, 6.005431930645048, 6.1875, 6.51334100988971, 6.51334100988971, 6.71875, 7.0247037427646095, 7.0247037427646095, 7.25, 7.538817371518633, 7.538817371518633, 7.78125, 8.055155192397669, 8.055155192397669, 8.3125, 8.57331535119939, 8.57331535119939, 8.84375, 9.092986317685247, 9.092986317685247, 10.257815422126939, 9.375, 9.613923099396578, 9.613923099396578, 9.933593677120541, 9.90625, 10.135930528254972, 10.135930528254972, 10.4375, 10.65885130354632, 10.65885130354632, 10.96875, 11.5], [4.666666666666666, 3.666666666666666, 1.833333333333333, 0.0, 1.833333333333334, 4.174159928789398, 3.675179511866657, 1.8503002759312095, 0.25, 1.8503002759312104, 3.700600551862419, 1.9002923751652296, 0.5, 1.9002923751652305, 3.742585262147603, 1.980810720667452, 0.75, 1.9808107206674528, 3.8005847503304593, 2.0883273476902775, 1.0, 2.0883273476902784, 3.8738797663898192, 2.2189211592823908, 1.25, 2.2189211592823916, 4.9018137232842465, 3.961621441334904, 2.3687784005919825, 1.5, 2.368778400591983, 4.176654695380555, 2.0, 4.455521406855143, 2.53125, 2.9064314318902227, 3.515837184954831, 3.5158371849548313, 4.777379061205468, 3.0625, 3.9787985213643466, 3.978798521364347, 5.134148761668719, 3.59375, 4.457018887228448, 4.457018887228448, 5.519064181946468, 4.125, 4.946074218368656, 5.926643949736178, 4.65625, 4.986094972914875, 5.443044746381488, 6.35252711087835, 5.1875, 6.1779555588581365, 5.945946112572086, 6.793272113418131, 5.71875, 6.453391926817331, 7.2461675694427905, 6.25, 6.964388894483931, 7.709072318180992, 6.78125, 7.47820908447411, 8.180287323465139, 7.3125, 7.99430814227292, 8.658455896229098, 7.84375, 8.512271574680351, 9.142487049181117, 8.375, 9.031778627358573, 9.631496950471638, 8.90625, 9.623212488933204, 9.552577459047956, 10.124764229079334, 9.4375, 9.744622884855389, 10.074467736491647, 10.621695768894176, 9.96875, 10.597288207891259, 11.121800413801914, 10.5, 11.120907682091921, 11.645218379708949], [6.5, 5.5, 3.666666666666667, 1.833333333333334, 0.0, 6.005206074732157, 5.50567888638631, 3.675179511866658, 1.8503002759312104, 0.25, 5.522680508593631, 3.70060055186242, 1.9002923751652305, 0.5, 5.55090082779363, 3.7425852621476037, 1.9808107206674528, 0.75, 5.5901699437494745, 3.80058475033046, 2.0883273476902784, 1.0, 5.640257086339239, 3.87387976638982, 2.2189211592823916, 1.25, 6.670832032063167, 5.70087712549569, 3.9616214413349047, 2.368778400591983, 1.5, 5.852349955359813, 2.713136766016618, 6.054521167070109, 3.125433997641146, 3.333348620241977, 4.737556801183965, 3.0, 6.295149422372752, 3.5693160915098447, 5.090596331172257, 3.53125, 6.570010583134551, 4.034371100135821, 5.472508628996801, 4.0625, 6.875, 4.514059825823215, 5.877668203203073, 7.206293365003953, 5.004175773652552, 4.847488456669357, 6.3015926117485925, 7.560433601983421, 5.501933056763878, 7.30238107083626, 6.740742429951203, 7.934362076594438, 6.005431930645049, 7.1923292954678075, 8.325412902673357, 6.513341009889711, 7.654152206936079, 8.731285790907316, 7.0247037427646095, 8.124465794404236, 9.150008538247382, 7.5388173715186335, 8.601877469886702, 9.579896349256604, 8.055155192397669, 9.085268333651156, 10.019512213675874, 8.57331535119939, 9.573732736343983, 10.467630537160739, 9.092986317685247, 9.311921509662595, 10.066532145900316, 10.923204944062892, 9.613923099396578, 9.897539553656136, 10.563059855313917, 11.385340423654446, 10.135930528254972, 11.062813868742637, 11.853269591129697, 10.65885130354632, 11.5653759561436, 12.070395372333271], [0.5590169943749475, 0.5590169943749475, 2.34668797338812, 4.174159928789398, 6.005206074732157, 0.0, 0.5, 2.333333333333333, 4.166666666666666, 6.0, 0.5590169943749475, 2.34668797338812, 4.174159928789398, 6.005206074732157, 0.7071067811865476, 2.3863035105460586, 4.196559437338057, 6.020797289396148, 0.9013878188659973, 2.4509068616421232, 4.233628598626845, 6.046693311223912, 1.118033988749895, 2.5385910352879693, 4.2849867107274795, 6.082762530298219, 1.346291201783626, 1.346291201783626, 2.6470633623780984, 4.350127712046062, 6.128825336065631, 1.8200274723201295, 4.5192489543187495, 2.3354017989416724, 4.750285536008452, 5.099558124314663, 3.6065141680637334, 6.600189391222043, 2.85659872050661, 5.027053546672356, 4.026294326914569, 6.838611084313832, 3.380926509479317, 5.342450296784342, 4.469854661445319, 7.1088083565390905, 3.907124902021946, 5.690055897011128, 4.930781733857669, 4.434528054088733, 6.06433427291167, 7.114280502593041, 5.404634071280353, 4.962751882776329, 6.46065146568913, 5.113061337045506, 5.8882920704517066, 5.49155957470189, 6.875197282522961, 6.37952589887716, 6.020797289396148, 7.304869000270375, 6.876712223653426, 6.550360796360763, 7.747150293728082, 7.378647873726218, 7.0801769928441765, 8.200001058604268, 7.8844258514456484, 7.610193102839113, 8.66176368724125, 8.393351576959256, 8.140370077582467, 9.131086250337969, 8.904885373037907, 8.670678408434949, 9.606860838672075, 11.243745339102384, 9.418602308434327, 9.20109538315955, 10.088174629788638, 10.407771713881079, 9.93416370445668, 9.731603237005709, 10.574271259694973, 10.451296603505444, 10.262187875886896, 11.064520374201093, 10.969778758340773, 11.489427507253982], [1.0307764064044151, 0.25, 1.8503002759312095, 3.675179511866657, 5.50567888638631, 0.5, 0.0, 1.833333333333333, 3.666666666666666, 5.5, 0.25, 1.8503002759312095, 3.675179511866657, 5.50567888638631, 0.5, 1.9002923751652296, 3.700600551862419, 5.522680508593631, 0.75, 1.980810720667452, 3.742585262147603, 5.55090082779363, 1.0, 2.0883273476902775, 3.8005847503304593, 5.5901699437494745, 1.6007810593582121, 1.25, 2.2189211592823908, 3.8738797663898192, 5.640257086339239, 1.75, 4.0628739144163015, 2.28125, 4.3183962308876245, 4.679601431130285, 3.3050886691753236, 6.149186938124422, 2.8125, 4.621103839392103, 3.758684965996899, 6.404420470464131, 3.34375, 4.962369243309534, 4.230398014503022, 6.69217126574029, 3.875, 5.334797975972889, 4.714793227026092, 4.40625, 5.732319208395887, 6.738540406258147, 5.208333333333333, 4.9375, 6.150069161761064, 5.044200947470304, 5.708646965228373, 5.46875, 6.584198585017347, 6.214098274175514, 6.0, 7.031674369909662, 6.723528662362577, 6.53125, 7.4901048728936, 7.236097782030803, 7.0625, 7.957597042728693, 7.751182985429457, 7.59375, 8.432643921507918, 8.268314057963154, 8.125, 8.914037774456895, 8.787129802934011, 8.65625, 9.400803609635958, 10.953580675969333, 9.307348500572605, 9.1875, 9.892148436737312, 10.213106588232808, 9.828747385786814, 9.71875, 10.387422491019821, 10.351148118016239, 10.25, 10.886089492762975, 10.874406313615982, 11.398403884365175], [2.8443413609793353, 1.8503002759312095, 0.25, 1.8503002759312095, 3.675179511866658, 2.333333333333333, 1.833333333333333, 0.0, 1.833333333333333, 3.666666666666667, 1.8503002759312095, 0.25, 1.8503002759312095, 3.675179511866658, 1.9002923751652296, 0.5, 1.9002923751652296, 3.70060055186242, 1.980810720667452, 0.75, 1.980810720667452, 3.7425852621476037, 2.0883273476902775, 1.0, 2.0883273476902775, 3.80058475033046, 3.0968173626770077, 2.2189211592823908, 1.25, 2.2189211592823908, 3.87387976638982, 2.534484387624258, 2.534484387624258, 2.9266384596685513, 2.9266384596685513, 3.3343806719662066, 2.75, 4.583333333333334, 3.357270820340699, 3.357270820340699, 3.28125, 4.920472132523916, 3.813367956755696, 3.813367956755696, 3.8125, 5.289574717729625, 4.286809549199861, 4.286809549199861, 4.34375, 4.772436502837006, 4.772436502837006, 5.531770387583431, 4.875, 5.26687928104595, 5.26687928104595, 5.211252552937483, 5.40625, 5.76787115612087, 5.76787115612087, 5.9375, 6.27384340823957, 6.27384340823957, 6.46875, 6.783681719657189, 6.783681719657189, 7.0, 7.296575728457227, 7.296575728457227, 7.53125, 7.811923589847196, 7.811923589847196, 8.0625, 8.329269842615926, 8.329269842615926, 8.59375, 8.848263963829917, 8.848263963829917, 10.032056059227404, 9.125, 9.36863209658225, 9.36863209658225, 9.688483668061803, 9.65625, 9.890157363440236, 9.890157363440236, 10.1875, 10.412665898371614, 10.412665898371614, 10.71875, 11.25], [4.673358297603317, 3.675179511866657, 1.8503002759312095, 0.25, 1.8503002759312104, 4.166666666666666, 3.666666666666666, 1.833333333333333, 0.0, 1.833333333333334, 3.675179511866657, 1.8503002759312095, 0.25, 1.8503002759312104, 3.700600551862419, 1.9002923751652296, 0.5, 1.9002923751652305, 3.742585262147603, 1.980810720667452, 0.75, 1.9808107206674528, 3.8005847503304593, 2.0883273476902775, 1.0, 2.0883273476902784, 4.831177680211914, 3.8738797663898192, 2.2189211592823908, 1.25, 2.2189211592823916, 4.0628739144163015, 1.75, 4.3183962308876245, 2.28125, 2.6570174254508063, 3.3050886691753236, 3.305088669175324, 4.621103839392103, 2.8125, 3.758684965996899, 3.7586849659968995, 4.962369243309534, 3.34375, 4.230398014503022, 4.230398014503022, 5.334797975972889, 3.875, 4.714793227026092, 5.732319208395887, 4.40625, 4.745025042856823, 5.208333333333333, 6.150069161761064, 4.9375, 5.965950499690454, 5.708646965228373, 6.584198585017347, 5.46875, 6.214098274175514, 7.031674369909662, 6.0, 6.723528662362577, 7.4901048728936, 6.53125, 7.236097782030803, 7.957597042728693, 7.0625, 7.751182985429457, 8.432643921507918, 7.59375, 8.268314057963154, 8.914037774456895, 8.125, 8.787129802934011, 9.400803609635958, 8.65625, 9.382195379985218, 9.307348500572605, 9.892148436737312, 9.1875, 9.494635728253003, 9.828747385786814, 10.387422491019821, 9.71875, 10.351148118016239, 10.886089492762975, 10.25, 10.874406313615982, 11.398403884365175], [6.504805915628844, 5.50567888638631, 3.675179511866658, 1.8503002759312104, 0.25, 6.0, 5.5, 3.666666666666667, 1.833333333333334, 0.0, 5.50567888638631, 3.675179511866658, 1.8503002759312104, 0.25, 5.522680508593631, 3.70060055186242, 1.9002923751652305, 0.5, 5.55090082779363, 3.7425852621476037, 1.9808107206674528, 0.75, 5.5901699437494745, 3.80058475033046, 2.0883273476902784, 1.0, 6.619101147436863, 5.640257086339239, 3.87387976638982, 2.2189211592823916, 1.25, 5.771698190307598, 2.534484387624259, 5.9543346868059075, 2.9266384596685517, 3.1182705070180927, 4.583333333333334, 2.75, 6.177390731530587, 3.3572708203406996, 4.920472132523916, 3.28125, 6.436665601264369, 3.8133679567556964, 5.289574717729625, 3.8125, 6.727973320398944, 4.286809549199861, 5.684418044702944, 7.047342695122751, 4.772436502837007, 4.599159044429109, 6.100005692164921, 7.39113700657754, 5.266879281045951, 7.1239174462677735, 6.532379620547511, 7.756108983407853, 5.767871156120871, 6.978420358107159, 8.139410298049853, 6.27384340823957, 7.435668833867229, 8.538572864507277, 6.783681719657189, 7.9021797274197985, 8.951475087939418, 7.296575728457227, 8.376405613802644, 9.376301992923436, 7.811923589847197, 8.85710735479956, 9.811504726595203, 8.329269842615926, 9.343285477119087, 10.255762480795857, 8.848263963829917, 9.062629515939228, 9.834127792765582, 10.707948274529533, 9.36863209658225, 9.651513956906387, 10.328969382612403, 11.167099066566035, 9.890157363440236, 10.827261920469295, 11.632390124131842, 10.412665898371614, 11.32855003991881, 11.83245301889868], [1.118033988749895, 0.5, 1.9002923751652296, 3.700600551862419, 5.522680508593631, 0.5590169943749475, 0.25, 1.8503002759312095, 3.675179511866657, 5.50567888638631, 0.0, 1.833333333333333, 3.666666666666666, 5.5, 0.25, 1.8503002759312095, 3.675179511866657, 5.50567888638631, 0.5, 1.9002923751652296, 3.700600551862419, 5.522680508593631, 0.75, 1.980810720667452, 3.742585262147603, 5.55090082779363, 1.4142135623730951, 1.0, 2.0883273476902775, 3.8005847503304593, 5.5901699437494745, 1.5, 3.961621441334904, 2.03125, 4.191708602341585, 4.54269385773534, 3.100179206289712, 6.041522986797286, 2.5625, 4.4733489350199855, 3.5425397208233402, 6.2800060957374875, 3.09375, 4.797471574375865, 4.006559292099783, 6.552969269728036, 3.625, 5.156071124843454, 4.485521170790649, 4.15625, 5.542459608057098, 6.571685201315193, 4.975111668205158, 4.6875, 5.95122682263451, 4.795246988007077, 5.472478887452295, 5.21875, 6.378071495910378, 5.975681330284531, 5.75, 6.819600020854922, 6.483360446065845, 6.28125, 7.273138662705699, 6.994541522581098, 6.8125, 7.736575514686355, 7.508509350970478, 7.34375, 8.208234189333565, 8.02472849142643, 7.875, 8.686775549330399, 8.542790830496267, 8.40625, 9.171122259949675, 10.748269682419807, 9.062380267408289, 8.9375, 9.660401166330747, 9.981131129625313, 9.583248414478836, 9.46875, 10.153899300610798, 10.105197541914315, 10.0, 10.651030205780305, 10.628068388640108, 11.151731305546736], [2.877112750272011, 1.9002923751652296, 0.5, 1.9002923751652296, 3.70060055186242, 2.34668797338812, 1.8503002759312095, 0.25, 1.8503002759312095, 3.675179511866658, 1.833333333333333, 0.0, 1.833333333333333, 3.666666666666667, 1.8503002759312095, 0.25, 1.8503002759312095, 3.675179511866658, 1.9002923751652296, 0.5, 1.9002923751652296, 3.70060055186242, 1.980810720667452, 0.75, 1.980810720667452, 3.7425852621476037, 3.0046260628866577, 2.0883273476902775, 1.0, 2.0883273476902775, 3.80058475033046, 2.3687784005919825, 2.3687784005919825, 2.7362543144984, 2.7362543144984, 3.1393458548639703, 2.5, 4.437842318564782, 3.1507963058742963, 3.1507963058742963, 3.03125, 4.757406962510612, 3.5961646477339038, 3.5961646477339038, 3.5625, 5.112323414499952, 4.062232897202118, 4.062232897202118, 4.09375, 4.542634166825578, 4.542634166825578, 5.327250998343926, 4.625, 5.033266072950158, 5.033266072950158, 4.970672353719169, 5.15625, 5.531406934371319, 5.531406934371319, 5.6875, 6.035197686166635, 6.035197686166635, 6.21875, 6.543333452729664, 6.543333452729664, 6.75, 7.054875432005239, 7.054875432005239, 7.28125, 7.569133052973181, 7.569133052973181, 7.8125, 8.085588173479472, 8.085588173479472, 8.34375, 8.603845080753786, 8.603845080753786, 9.807472677328104, 8.875, 9.123596733805758, 9.123596733805758, 9.443630034603821, 9.40625, 9.644601478216252, 9.644601478216252, 9.9375, 10.166666666666666, 10.166666666666666, 10.46875, 11.0], [4.69337594677624, 3.700600551862419, 1.9002923751652296, 0.5, 1.9002923751652305, 4.174159928789398, 3.675179511866657, 1.8503002759312095, 0.25, 1.8503002759312104, 3.666666666666666, 1.833333333333333, 0.0, 1.833333333333334, 3.675179511866657, 1.8503002759312095, 0.25, 1.8503002759312104, 3.700600551862419, 1.9002923751652296, 0.5, 1.9002923751652305, 3.742585262147603, 1.980810720667452, 0.75, 1.9808107206674528, 4.772607021092117, 3.8005847503304593, 2.0883273476902775, 1.0, 2.0883273476902784, 3.961621441334904, 1.5, 4.191708602341585, 2.03125, 2.407724969762745, 3.100179206289712, 3.100179206289713, 4.4733489350199855, 2.5625, 3.5425397208233402, 3.542539720823341, 4.797471574375865, 3.09375, 4.006559292099783, 4.006559292099783, 5.156071124843454, 3.625, 4.485521170790649, 5.542459608057098, 4.15625, 4.504928660450663, 4.975111668205158, 5.95122682263451, 4.6875, 5.756995383208797, 5.472478887452295, 6.378071495910378, 5.21875, 5.975681330284531, 6.819600020854922, 5.75, 6.483360446065845, 7.273138662705699, 6.28125, 6.994541522581098, 7.736575514686355, 6.8125, 7.508509350970478, 8.208234189333565, 7.34375, 8.02472849142643, 8.686775549330399, 7.875, 8.542790830496267, 9.171122259949675, 8.40625, 9.141660773036373, 9.062380267408289, 9.660401166330747, 8.9375, 9.24464926627233, 9.583248414478836, 10.153899300610798, 9.46875, 10.105197541914315, 10.651030205780305, 10.0, 10.628068388640108, 11.151731305546736], [6.519202405202649, 5.522680508593631, 3.70060055186242, 1.9002923751652305, 0.5, 6.005206074732157, 5.50567888638631, 3.675179511866658, 1.8503002759312104, 0.25, 5.5, 3.666666666666667, 1.833333333333334, 0.0, 5.50567888638631, 3.675179511866658, 1.8503002759312104, 0.25, 5.522680508593631, 3.70060055186242, 1.9002923751652305, 0.5, 5.55090082779363, 3.7425852621476037, 1.9808107206674528, 0.75, 6.576473218982953, 5.5901699437494745, 3.80058475033046, 2.0883273476902784, 1.0, 5.70087712549569, 2.368778400591983, 5.863102980717634, 2.736254314498401, 2.908781340322551, 4.437842318564782, 2.5, 6.067652449671125, 3.1507963058742967, 4.757406962510612, 3.03125, 6.310411164298251, 3.596164647733904, 5.112323414499952, 3.5625, 6.587156063127699, 4.062232897202118, 5.495746856155626, 6.893795330766645, 4.542634166825578, 4.351020971492264, 5.902124146817351, 7.226524493143298, 5.033266072950159, 6.9498654849406245, 6.327033942294323, 7.581909493161996, 5.5314069343713195, 6.766986086467479, 7.956915231419774, 6.035197686166636, 7.219230984457032, 8.348898224466508, 6.543333452729665, 7.68159777939749, 8.755578578826187, 7.05487543200524, 8.152364442721169, 9.175002128746348, 7.569133052973181, 8.630156469870315, 9.605499726719064, 8.085588173479472, 9.113869019628515, 10.045647767192516, 8.603845080753786, 8.813377631999487, 9.60260742946646, 10.494232046700702, 9.123596733805758, 9.405697959456802, 10.09564180757937, 10.950215822644775, 9.644601478216252, 10.592372288323538, 11.412712210513327, 10.166666666666666, 11.092302331208993, 11.595018087284059], [1.25, 0.75, 1.980810720667452, 3.742585262147603, 5.55090082779363, 0.7071067811865476, 0.5, 1.9002923751652296, 3.700600551862419, 5.522680508593631, 0.25, 1.8503002759312095, 3.675179511866657, 5.50567888638631, 0.0, 1.833333333333333, 3.666666666666666, 5.5, 0.25, 1.8503002759312095, 3.675179511866657, 5.50567888638631, 0.5, 1.9002923751652296, 3.700600551862419, 5.522680508593631, 1.25, 0.75, 1.980810720667452, 3.742585262147603, 5.55090082779363, 1.25, 3.8738797663898192, 1.78125, 4.076431773861111, 4.415706672320544, 2.9023457945446665, 5.942432162002357, 2.3125, 4.334985662541969, 3.33113534303413, 6.16322574326951, 2.84375, 4.640189490413558, 3.7859962177888016, 6.4204872283963, 3.375, 4.983479652255484, 4.258582531032023, 3.90625, 5.357539874508116, 6.410239150265498, 4.743599488901978, 4.4375, 5.756374787524214, 4.546407829652061, 5.237594884449456, 4.96875, 6.175185908694931, 5.7382503745576585, 5.5, 6.610177338350647, 6.243964099321128, 6.03125, 7.058358237362598, 6.75359986311827, 6.5625, 7.517369931993798, 7.26633247750274, 7.09375, 7.985344920975201, 7.781549804576921, 7.625, 8.460796029006044, 8.298789078751858, 8.15625, 8.942530878165556, 10.544888463472754, 8.817694489554007, 8.6875, 9.429586454052185, 9.750046721475059, 9.33798828300888, 9.21875, 9.92117916413893, 9.859450662238293, 9.75, 10.416666666666666, 10.381905541547328, 10.905210273585334], [2.9309175658448288, 1.980810720667452, 0.75, 1.980810720667452, 3.7425852621476037, 2.3863035105460586, 1.9002923751652296, 0.5, 1.9002923751652296, 3.70060055186242, 1.8503002759312095, 0.25, 1.8503002759312095, 3.675179511866658, 1.833333333333333, 0.0, 1.833333333333333, 3.666666666666667, 1.8503002759312095, 0.25, 1.8503002759312095, 3.675179511866658, 1.9002923751652296, 0.5, 1.9002923751652296, 3.70060055186242, 2.9309175658448288, 1.980810720667452, 0.75, 1.980810720667452, 3.7425852621476037, 2.2189211592823908, 2.2189211592823908, 2.5561617072499754, 2.5561617072499754, 2.952607377780082, 2.25, 4.301969833046769, 2.9510620734086754, 2.9510620734086754, 2.78125, 4.602151236861349, 3.3834930432337393, 3.3834930432337393, 3.3125, 4.94136627811018, 3.840798889698745, 3.840798889698745, 3.84375, 4.315078234935157, 4.315078234935157, 5.126765332816372, 4.375, 4.80130371473323, 4.80130371473323, 4.731069025659918, 4.90625, 5.296186144161769, 5.296186144161769, 5.4375, 5.7975090436420285, 5.7975090436420285, 5.96875, 6.303736009194159, 6.303736009194159, 6.5, 6.813774090847972, 6.813774090847972, 7.03125, 7.326827428949798, 7.326827428949798, 7.5625, 7.842304260299463, 7.842304260299463, 8.09375, 8.359756286735344, 8.359756286735344, 9.584147946353564, 8.625, 8.878838176310632, 8.878838176310632, 9.199053248820904, 9.15625, 9.399279901865414, 9.399279901865414, 9.6875, 9.92086745759216, 9.92086745759216, 10.21875, 10.75], [4.72655030416241, 3.742585262147603, 1.980810720667452, 0.75, 1.9808107206674528, 4.196559437338057, 3.700600551862419, 1.9002923751652296, 0.5, 1.9002923751652305, 3.675179511866657, 1.8503002759312095, 0.25, 1.8503002759312104, 3.666666666666666, 1.833333333333333, 0.0, 1.833333333333334, 3.675179511866657, 1.8503002759312095, 0.25, 1.8503002759312104, 3.700600551862419, 1.9002923751652296, 0.5, 1.9002923751652305, 4.72655030416241, 3.742585262147603, 1.980810720667452, 0.75, 1.9808107206674528, 3.8738797663898192, 1.25, 4.076431773861111, 1.78125, 2.1585961782808734, 2.9023457945446665, 2.902345794544667, 4.334985662541969, 2.3125, 3.33113534303413, 3.3311353430341306, 4.640189490413558, 2.84375, 3.7859962177888016, 3.785996217788802, 4.983479652255484, 3.375, 4.258582531032023, 5.357539874508116, 3.90625, 4.265970207837979, 4.743599488901978, 5.756374787524214, 4.4375, 5.551434618170156, 5.237594884449456, 6.175185908694931, 4.96875, 5.7382503745576585, 6.610177338350647, 5.5, 6.243964099321128, 7.058358237362598, 6.03125, 6.75359986311827, 7.517369931993798, 6.5625, 7.26633247750274, 7.985344920975201, 7.09375, 7.781549804576921, 8.460796029006044, 7.625, 8.298789078751858, 8.942530878165556, 8.15625, 8.90164778174962, 8.817694489554007, 9.429586454052185, 8.6875, 8.994663556829716, 9.33798828300888, 9.92117916413893, 9.21875, 9.859450662238293, 10.416666666666666, 9.75, 10.381905541547328, 10.905210273585334], [6.5431261641512, 5.55090082779363, 3.7425852621476037, 1.9808107206674528, 0.75, 6.020797289396148, 5.522680508593631, 3.70060055186242, 1.9002923751652305, 0.5, 5.50567888638631, 3.675179511866658, 1.8503002759312104, 0.25, 5.5, 3.666666666666667, 1.833333333333334, 0.0, 5.50567888638631, 3.675179511866658, 1.8503002759312104, 0.25, 5.522680508593631, 3.70060055186242, 1.9002923751652305, 0.5, 6.5431261641512, 5.55090082779363, 3.7425852621476037, 1.9808107206674528, 0.75, 5.640257086339239, 2.2189211592823916, 5.78125, 2.5561617072499763, 2.706179376293899, 4.301969833046769, 2.25, 5.966377146141534, 2.951062073408676, 4.602151236861349, 2.78125, 6.1916810368832795, 3.38349304323374, 4.94136627811018, 3.3125, 6.452954749570154, 3.8407988896987453, 5.312142553334243, 6.746020238814882, 4.315078234935157, 4.1031089520967985, 5.708333333333333, 7.066923393528474, 4.80130371473323, 6.780564927518916, 6.125008857703346, 7.412049417165269, 5.29618614416177, 6.558265829809313, 7.7781745930520225, 5.797509043642029, 7.005028265963275, 8.16247367913061, 6.30373600919416, 7.4628710590793705, 8.5625, 6.813774090847972, 7.929875220137101, 8.976151127432068, 7.326827428949798, 8.404513709575614, 9.401628848236884, 7.842304260299463, 8.885563207076096, 9.83739874471397, 8.359756286735344, 8.564169359913713, 9.37203656866769, 10.282152316028002, 8.878838176310632, 9.160108435422636, 9.863131272924662, 10.734773009360747, 9.399279901865414, 10.358190029848092, 11.194306588619055, 9.92086745759216, 10.856670576513983, 11.358122399606568], [1.4142135623730951, 1.0, 2.0883273476902775, 3.8005847503304593, 5.5901699437494745, 0.9013878188659973, 0.75, 1.980810720667452, 3.742585262147603, 5.55090082779363, 0.5, 1.9002923751652296, 3.700600551862419, 5.522680508593631, 0.25, 1.8503002759312095, 3.675179511866657, 5.50567888638631, 0.0, 1.833333333333333, 3.666666666666666, 5.5, 0.25, 1.8503002759312095, 3.675179511866657, 5.50567888638631, 1.118033988749895, 0.5, 1.9002923751652296, 3.700600551862419, 5.522680508593631, 1.0, 3.8005847503304593, 1.53125, 3.973558984958502, 4.299518966913154, 2.7131367660166177, 5.852349955359813, 2.0625, 4.206940776198833, 3.1254339976411454, 6.054521167070109, 2.59375, 4.491323135440651, 3.5693160915098443, 6.295149422372752, 3.125, 4.817682995428865, 4.034371100135821, 3.65625, 5.1780892718206815, 6.254621134969562, 4.514059825823215, 4.1875, 5.565932149644338, 4.297703413574766, 5.004175773652551, 4.71875, 5.975871987161743, 5.501933056763878, 5.25, 6.403666484479375, 6.005431930645048, 5.78125, 6.8459693255918435, 6.51334100988971, 6.3125, 7.300143881763184, 7.0247037427646095, 6.84375, 7.764107064366414, 7.538817371518633, 7.375, 8.236204796169437, 8.055155192397669, 7.90625, 8.71511523199461, 10.343550852977751, 8.57331535119939, 8.4375, 9.199774491499475, 9.519918251493424, 9.092986317685247, 8.96875, 9.689319945535107, 9.613923099396578, 9.5, 10.183046913593419, 10.135930528254972, 10.65885130354632], [3.0046260628866577, 2.0883273476902775, 1.0, 2.0883273476902775, 3.80058475033046, 2.4509068616421232, 1.980810720667452, 0.75, 1.980810720667452, 3.7425852621476037, 1.9002923751652296, 0.5, 1.9002923751652296, 3.70060055186242, 1.8503002759312095, 0.25, 1.8503002759312095, 3.675179511866658, 1.833333333333333, 0.0, 1.833333333333333, 3.666666666666667, 1.8503002759312095, 0.25, 1.8503002759312095, 3.675179511866658, 2.877112750272011, 1.9002923751652296, 0.5, 1.9002923751652296, 3.70060055186242, 2.0883273476902775, 2.0883273476902775, 2.388689530602734, 2.388689530602734, 2.775840099535842, 2.0, 4.176654695380556, 2.759532090973234, 2.759532090973234, 2.53125, 4.455521406855144, 3.176263555439175, 3.176263555439175, 3.0625, 4.777379061205469, 3.6230837847213953, 3.6230837847213953, 3.59375, 4.0901436617325695, 4.0901436617325695, 4.9308054470014495, 4.125, 4.5712435245905585, 4.5712435245905585, 4.492598869595339, 4.65625, 5.062382114539667, 5.062382114539667, 5.1875, 5.560900206900957, 5.560900206900957, 5.71875, 6.064978373713389, 6.064978373713389, 6.25, 6.573337611983056, 6.573337611983056, 6.78125, 7.085056469331144, 7.085056469331144, 7.3125, 7.59945630365167, 7.59945630365167, 7.84375, 8.116027364025525, 8.116027364025525, 9.362171938105455, 8.375, 8.634379963906564, 8.634379963906564, 8.954775994898673, 8.90625, 9.154211471973493, 9.154211471973493, 9.4375, 9.675283515799995, 9.675283515799995, 9.96875, 10.5], [4.772607021092117, 3.8005847503304593, 2.0883273476902775, 1.0, 2.0883273476902784, 4.233628598626845, 3.742585262147603, 1.980810720667452, 0.75, 1.9808107206674528, 3.700600551862419, 1.9002923751652296, 0.5, 1.9002923751652305, 3.675179511866657, 1.8503002759312095, 0.25, 1.8503002759312104, 3.666666666666666, 1.833333333333333, 0.0, 1.833333333333334, 3.675179511866657, 1.8503002759312095, 0.25, 1.8503002759312104, 4.69337594677624, 3.700600551862419, 1.9002923751652296, 0.5, 1.9002923751652305, 3.8005847503304593, 1.0, 3.973558984958502, 1.53125, 1.9096951043971844, 2.7131367660166177, 2.713136766016618, 4.206940776198833, 2.0625, 3.1254339976411454, 3.125433997641146, 4.491323135440651, 2.59375, 3.5693160915098443, 3.5693160915098447, 4.817682995428865, 3.125, 4.034371100135821, 5.1780892718206815, 3.65625, 4.028352193214071, 4.514059825823215, 5.565932149644338, 4.1875, 5.349659502935553, 5.004175773652551, 5.975871987161743, 4.71875, 5.501933056763878, 6.403666484479375, 5.25, 6.005431930645048, 6.8459693255918435, 5.78125, 6.51334100988971, 7.300143881763184, 6.3125, 7.0247037427646095, 7.764107064366414, 6.84375, 7.538817371518633, 8.236204796169437, 7.375, 8.055155192397669, 8.71511523199461, 7.90625, 8.66219976515111, 8.57331535119939, 9.199774491499475, 8.4375, 8.744678664463986, 9.092986317685247, 9.689319945535107, 8.96875, 9.613923099396578, 10.183046913593419, 9.5, 10.135930528254972, 10.65885130354632], [6.576473218982953, 5.5901699437494745, 3.80058475033046, 2.0883273476902784, 1.0, 6.046693311223912, 5.55090082779363, 3.7425852621476037, 1.9808107206674528, 0.75, 5.522680508593631, 3.70060055186242, 1.9002923751652305, 0.5, 5.50567888638631, 3.675179511866658, 1.8503002759312104, 0.25, 5.5, 3.666666666666667, 1.833333333333334, 0.0, 5.50567888638631, 3.675179511866658, 1.8503002759312104, 0.25, 6.519202405202649, 5.522680508593631, 3.70060055186242, 1.9002923751652305, 0.5, 5.5901699437494745, 2.0883273476902784, 5.709179149623876, 2.388689530602735, 2.5121315147794743, 4.176654695380556, 2.0, 5.874002574905803, 2.759532090973235, 4.455521406855144, 2.53125, 6.080915972326866, 3.1762635554391756, 4.777379061205469, 3.0625, 6.325790464439997, 3.6230837847213957, 5.13414876166872, 6.604404898437103, 4.0901436617325695, 3.8554665931879493, 5.519064181946469, 6.912680829461173, 4.5712435245905585, 6.616380522145793, 5.926643949736178, 7.246833899193495, 5.062382114539667, 6.35252711087835, 7.603453162872775, 5.560900206900958, 6.793272113418131, 7.97952702624034, 6.06497837371339, 7.2461675694427905, 8.372434308491169, 6.573337611983057, 7.709072318180992, 8.779915379005654, 7.085056469331145, 8.180287323465139, 9.200033967328599, 7.599456303651671, 8.658455896229098, 9.631136436708806, 8.116027364025525, 8.315008620942065, 9.142487049181117, 10.071812461022098, 8.634379963906564, 8.914764101919467, 9.631496950471638, 10.520859117130122, 9.154211471973493, 10.124764229079334, 10.977249200050075, 9.675283515799995, 10.621695768894176, 11.121800413801914], [1.6007810593582121, 1.25, 2.2189211592823908, 3.8738797663898192, 5.640257086339239, 1.118033988749895, 1.0, 2.0883273476902775, 3.8005847503304593, 5.5901699437494745, 0.75, 1.980810720667452, 3.742585262147603, 5.55090082779363, 0.5, 1.9002923751652296, 3.700600551862419, 5.522680508593631, 0.25, 1.8503002759312095, 3.675179511866657, 5.50567888638631, 0.0, 1.833333333333333, 3.666666666666666, 5.5, 1.0307764064044151, 0.25, 1.8503002759312095, 3.675179511866657, 5.50567888638631, 0.75, 3.742585262147603, 1.28125, 3.8840759527774993, 4.1950281617309475, 2.534484387624258, 5.771698190307598, 1.8125, 4.0901834548641505, 2.9266384596685513, 5.9543346868059075, 2.34375, 4.351736263486615, 3.357270820340699, 6.177390731530587, 2.875, 4.659406554964316, 3.813367956755696, 3.40625, 5.004696145316361, 6.105276825862963, 4.286809549199861, 3.9375, 5.380367152383231, 4.049158567972218, 4.772436502837006, 4.46875, 5.780499200496826, 5.26687928104595, 5.0, 6.200358412579424, 5.76787115612087, 5.53125, 6.636201549602336, 6.27384340823957, 6.0625, 7.0850794416466805, 6.783681719657189, 6.59375, 7.544665897635523, 7.296575728457227, 7.125, 8.013118584199566, 7.811923589847196, 7.65625, 8.488969814232139, 10.144378531442563, 8.329269842615926, 8.1875, 8.971042341581297, 9.290816754155077, 8.848263963829917, 8.71875, 9.458384957641787, 9.36863209658225, 9.25, 9.950223336410316, 9.890157363440236, 10.412665898371614], [3.0968173626770077, 2.2189211592823908, 1.25, 2.2189211592823908, 3.87387976638982, 2.5385910352879693, 2.0883273476902775, 1.0, 2.0883273476902775, 3.80058475033046, 1.980810720667452, 0.75, 1.980810720667452, 3.7425852621476037, 1.9002923751652296, 0.5, 1.9002923751652296, 3.70060055186242, 1.8503002759312095, 0.25, 1.8503002759312095, 3.675179511866658, 1.833333333333333, 0.0, 1.833333333333333, 3.666666666666667, 2.8443413609793353, 1.8503002759312095, 0.25, 1.8503002759312095, 3.675179511866658, 1.980810720667452, 1.980810720667452, 2.2366744675099928, 2.2366744675099928, 2.6110699318595305, 1.75, 4.062873914416302, 2.578035562421727, 2.578035562421727, 2.28125, 4.318396230887625, 2.975613411317255, 2.975613411317255, 2.8125, 4.621103839392104, 3.409800010427461, 3.409800010427461, 3.34375, 3.8682877573431775, 3.8682877573431775, 4.739932693044341, 3.875, 4.343387774665199, 4.343387774665199, 4.255452394354794, 4.40625, 4.830200583165373, 4.830200583165373, 4.9375, 5.325515102890153, 5.325515102890153, 5.46875, 5.827163776110219, 5.827163776110219, 6.0, 6.333641713983441, 6.333641713983441, 6.53125, 6.843876837992565, 6.843876837992565, 7.0625, 7.357087474749169, 7.357087474749169, 7.59375, 7.872691736224092, 7.872691736224092, 9.14164290156344, 8.125, 8.390248349191525, 8.390248349191525, 8.710823472151446, 8.65625, 8.909417078216235, 8.909417078216235, 9.1875, 9.429931659938534, 9.429931659938534, 9.71875, 10.25], [4.831177680211914, 3.8738797663898192, 2.2189211592823908, 1.25, 2.2189211592823916, 4.2849867107274795, 3.8005847503304593, 2.0883273476902775, 1.0, 2.0883273476902784, 3.742585262147603, 1.980810720667452, 0.75, 1.9808107206674528, 3.700600551862419, 1.9002923751652296, 0.5, 1.9002923751652305, 3.675179511866657, 1.8503002759312095, 0.25, 1.8503002759312104, 3.666666666666666, 1.833333333333333, 0.0, 1.833333333333334, 4.673358297603317, 3.675179511866657, 1.8503002759312095, 0.25, 1.8503002759312104, 3.742585262147603, 0.75, 3.8840759527774993, 1.28125, 1.6611241141553372, 2.534484387624258, 2.534484387624259, 4.0901834548641505, 1.8125, 2.9266384596685513, 2.9266384596685517, 4.351736263486615, 2.34375, 3.357270820340699, 3.3572708203406996, 4.659406554964316, 2.875, 3.813367956755696, 5.004696145316361, 3.40625, 3.7923265907598234, 4.286809549199861, 5.380367152383231, 3.9375, 5.152114835179752, 4.772436502837006, 5.780499200496826, 4.46875, 5.26687928104595, 6.200358412579424, 5.0, 5.76787115612087, 6.636201549602336, 5.53125, 6.27384340823957, 7.0850794416466805, 6.0625, 6.783681719657189, 7.544665897635523, 6.59375, 7.296575728457227, 8.013118584199566, 7.125, 7.811923589847196, 8.488969814232139, 7.65625, 8.423364904385892, 8.329269842615926, 8.971042341581297, 8.1875, 8.494694661310831, 8.848263963829917, 9.458384957641787, 8.71875, 9.36863209658225, 9.950223336410316, 9.25, 9.890157363440236, 10.412665898371614], [6.619101147436863, 5.640257086339239, 3.87387976638982, 2.2189211592823916, 1.25, 6.082762530298219, 5.5901699437494745, 3.80058475033046, 2.0883273476902784, 1.0, 5.55090082779363, 3.7425852621476037, 1.9808107206674528, 0.75, 5.522680508593631, 3.70060055186242, 1.9002923751652305, 0.5, 5.50567888638631, 3.675179511866658, 1.8503002759312104, 0.25, 5.5, 3.666666666666667, 1.833333333333334, 0.0, 6.504805915628844, 5.50567888638631, 3.675179511866658, 1.8503002759312104, 0.25, 5.55090082779363, 1.9808107206674528, 5.6472649630152825, 2.2366744675099937, 2.3287770778711296, 4.062873914416302, 1.75, 5.790954692449251, 2.5780355624217277, 4.318396230887625, 2.28125, 5.978558694409548, 2.9756134113172554, 4.621103839392104, 2.8125, 6.206095793653205, 3.4098000104274613, 4.962369243309535, 6.469353836551221, 3.868287757343178, 3.6081494189680807, 5.33479797597289, 6.764163381379844, 4.343387774665199, 6.457702508737985, 5.732319208395887, 7.086587794030354, 4.830200583165373, 6.150069161761064, 7.433034373659253, 5.325515102890153, 6.584198585017347, 7.800302978891269, 5.827163776110219, 7.031674369909662, 8.185591380590653, 6.333641713983442, 7.4901048728936, 8.586474192734757, 6.843876837992565, 7.957597042728693, 9.000868013697346, 7.35708747474917, 8.432643921507918, 9.42699125185231, 7.872691736224092, 8.065899820069479, 8.914037774456895, 9.863323793225081, 8.390248349191525, 8.669685774988796, 9.400803609635958, 10.308569326657313, 8.909417078216235, 9.892148436737312, 10.761621625015442, 9.429931659938534, 10.387422491019821, 10.886089492762975], [1.5, 1.8027756377319946, 3.2058973436118907, 4.9018137232842465, 6.670832032063167, 1.346291201783626, 1.6007810593582121, 3.0968173626770077, 4.831177680211914, 6.619101147436863, 1.4142135623730951, 3.0046260628866577, 4.772607021092117, 6.576473218982953, 1.25, 2.9309175658448288, 4.72655030416241, 6.5431261641512, 1.118033988749895, 2.877112750272011, 4.69337594677624, 6.519202405202649, 1.0307764064044151, 2.8443413609793353, 4.673358297603317, 6.504805915628844, 0.0, 1.0, 2.833333333333333, 4.666666666666666, 6.5, 1.118033988749895, 4.69337594677624, 1.4364806168201505, 4.779252487604915, 5.054632155423345, 3.2058973436118907, 6.670832032063167, 1.8551027599569787, 4.921299018326134, 3.4862235069309278, 6.809990937035085, 2.3202993476058213, 5.1148379094823495, 3.8202335043525517, 6.986873853877713, 2.809025631780529, 5.354288260616697, 4.195124174595763, 3.3108781406901704, 5.633799059274104, 6.816424665793228, 4.600913254754731, 3.8206879288944813, 5.947725113669744, 4.042892734413318, 5.030128411907372, 4.335648920576942, 6.29091641498103, 5.477265196042436, 4.8541219597369, 6.658849583657658, 5.938276630494556, 5.375090842255599, 7.0476506255828095, 6.410169871210729, 5.89789422166929, 7.454054871529842, 6.890709639817787, 6.422084090270074, 7.875337569925353, 7.378206694568659, 6.9473466157951265, 8.309235992422996, 