totalHoles = 90;
zeroHoleID = 39;
C = [[0.0, 3.0, 3.333333333333333, 5.0, 3.4626604455405543, 5.087131436281158, 1.8027756377319946, 2.692582403567252, 4.28498671072748, 4.6097722286464435, 4.177447664103183, 3.8244916147262122, 5.340002340823457, 3.1628952322199986, 4.595107981441907, 4.6301942329890755, 4.36133779488715, 5.736737422089319, 3.8099376635320428, 5.062285660757511, 5.01733107449679, 6.25, 4.559074056209221, 5.647678050412498, 4.5, 4.743416490252569, 5.408326913195984, 6.363961030678928, 5.751849038449384, 6.853660062331659, 5.367727638395972, 6.318513362422455, 4.818181818181818, 5.04627347981239, 5.675815010468351, 6.5927897003512745, 5.136363636363637, 5.350909399808474, 5.948296512864728, 6.828779642436757, 5.454545454545455, 5.657036867097693, 6.2251157511890876, 7.07121390679864, 6.5384811776980065, 7.525996611745184, 6.212701203985268, 7.050444479684321, 5.772727272727273, 5.964426222637787, 6.505719035225027, 7.319452176583249, 6.090909090909091, 6.2728919609474385, 6.789637218122851, 7.572923712392659, 6.409090909090909, 6.582282756080275, 7.076471315634067, 7.831120372015216, 7.3605378445539635, 8.250236739027553, 7.826348836533618, 6.7272727272727275, 6.892474036738002, 7.3658806905289635, 8.093589954223493, 7.045454545454545, 7.2033623921100975, 7.657573359235033, 8.359930008801875, 10.883898248708109, 7.363636363636363, 7.514861309157194, 7.95129803842541, 8.629782181252768, 8.207381501496753, 9.013878188659973, 8.634379963906564, 7.681818181818182, 7.826897889873893, 8.246837610776169, 8.90282711157037, 8.0, 8.139410298049853, 8.54400374531753, 9.17877987534291, 8.388680864641056, 9.466314547441952, 12.727405154149066], [3.0, 0.0, 0.33333333333333304, 2.0, 0.9949961613549627, 2.2088246308840365, 1.8027756377319946, 1.118033988749895, 1.5365907428821481, 1.8027756377319946, 1.7214151771584665, 1.9043991470044064, 2.7414640249326636, 2.000976324197765, 2.261640413750849, 2.6424978786602273, 2.832184203245105, 3.4511094230696306, 2.918154382482188, 3.102698198521911, 3.7647856660255057, 4.25, 3.845147103818006, 3.9870123352092994, 5.408326913195984, 4.743416490252569, 4.5, 4.743416490252569, 4.699336906533848, 5.096337532974047, 4.7762432936357, 4.891176863609729, 5.675815010468351, 5.04627347981239, 4.818181818181818, 5.04627347981239, 5.948296512864728, 5.350909399808474, 5.136363636363637, 5.350909399808474, 6.2251157511890876, 5.657036867097693, 5.454545454545455, 5.657036867097693, 5.634867887635974, 5.969976968129776, 5.70943572080464, 5.805925194240029, 6.505719035225027, 5.964426222637787, 5.772727272727273, 5.964426222637787, 6.789637218122851, 6.2728919609474385, 6.090909090909091, 6.2728919609474385, 7.076471315634067, 6.582282756080275, 6.409090909090909, 6.582282756080275, 6.5709601551912575, 6.8604960644256625, 6.7269410664217295, 7.3658806905289635, 6.892474036738002, 6.7272727272727275, 6.892474036738002, 7.657573359235033, 7.2033623921100975, 7.045454545454545, 7.2033623921100975, 8.908688787945842, 7.95129803842541, 7.514861309157194, 7.363636363636363, 7.514861309157194, 7.507403753036805, 7.762087348130012, 7.651961667514489, 8.246837610776169, 7.826897889873893, 7.681818181818182, 7.826897889873893, 8.54400374531753, 8.139410298049853, 8.0, 8.139410298049853, 8.228846074246546, 8.579691784155834, 12.433822052831147], [3.333333333333333, 0.33333333333333304, 0.0, 1.666666666666667, 0.9375, 1.9122458073631063, 2.0883273476902775, 1.3017082793177757, 1.301708279317776, 1.5365907428821481, 1.5699127058248956, 1.875, 2.5086655372483952, 2.1091113518362286, 2.109111351836229, 2.5470953337311006, 2.8125, 3.2692405888490033, 2.9933375092769685, 2.9933375092769685, 3.75, 4.103690750748377, 3.902512100486614, 3.902512100486614, 5.600099205470481, 4.85912657903775, 4.512328790226961, 4.648775226993784, 4.6875, 4.974980806774814, 4.822545432076762, 4.822545432076763, 5.858838378396264, 5.155190311149431, 4.82969845271617, 4.957417386519816, 6.123180751543252, 5.453745732619902, 5.147168397873708, 5.267194938111726, 6.39243124537242, 5.754405028047087, 5.464721148129481, 5.577918718197101, 5.625, 5.866719933470302, 5.748225873645228, 5.748225873645228, 6.665995145242785, 6.056854899731409, 5.782343061112889, 5.88943896108962, 6.943362633827367, 6.360839933910467, 6.100023333138171, 6.201635644314338, 7.224095610670089, 6.6661501177293365, 6.417753297852984, 6.514411515409726, 6.5625, 6.770833333333333, 6.677205212096184, 7.507816557310025, 6.972611380122841, 6.735525922911926, 6.827686977170128, 7.794199180363382, 7.280078355565771, 7.053335442411429, 7.14139628246306, 8.725366073928031, 8.082960571905499, 7.588428796989458, 7.371177084223311, 7.45548466613532, 7.5, 7.68295371441074, 7.608275145816195, 8.37385464942063, 7.897559223559106, 7.689046864834647, 7.769906157066732, 8.666666666666666, 8.207381501496753, 8.006941432976209, 8.08462189042327, 8.278278876994454, 8.540751983545972, 12.445492117660923], [5.0, 2.0, 1.666666666666667, 0.0, 1.9122458073631063, 0.9375, 3.640054944640259, 2.692582403567252, 1.3017082793177757, 1.118033988749895, 1.817893752681501, 2.5086655372483952, 1.875, 3.1628952322199986, 2.1091113518362286, 2.7102630821384857, 3.2692405888490033, 2.8125, 3.8099376635320428, 2.9933375092769685, 4.103690750748377, 3.75, 4.559074056209221, 3.902512100486614, 6.726812023536855, 5.70087712549569, 4.924428900898052, 4.527692569068709, 4.974980806774814, 4.6875, 5.367727638395972, 4.822545432076762, 6.943693255973931, 5.95523937663784, 5.216787903783118, 4.844055742150151, 7.16814002408984, 6.215483199636106, 5.5120079286008545, 5.160642537994535, 7.399463907318049, 6.480900100734656, 5.80965283951653, 5.477414181500472, 5.866719933470302, 5.625, 6.212701203985268, 5.748225873645228, 7.637040013335616, 6.7508799548865674, 6.10936822963629, 5.794340356355438, 7.8803028846433945, 7.024896693455285, 6.410863713550539, 6.111397021444361, 8.128741986371061, 7.302495893938711, 6.713899483980359, 6.428564869470614, 6.770833333333333, 6.5625, 6.677205212096184, 8.381897061352367, 7.583284139942762, 7.018276023861376, 6.745828218025378, 8.639353549431005, 7.866919966039194, 7.323826168886459, 7.063174198054732, 7.956238588384525, 8.900738199490409, 8.15310618696137, 7.630408933724834, 7.380592150760518, 7.68295371441074, 7.5, 7.608275145816195, 9.16571495184704, 8.441583416546472, 7.937904671795473, 7.6980731731071765, 9.433981132056603, 8.73212459828649, 8.246211251235321, 8.0156097709407, 8.714539675558008, 8.540751983545972, 12.636270155015817], [3.4626604455405543, 0.9949961613549627, 0.9375, 1.9122458073631063, 0.0, 1.666666666666667, 1.834398364890001, 0.8356737966721488, 0.8356737966721497, 1.1683395744008296, 0.7804933006135067, 0.9375, 1.9122458073631063, 1.3017082793177757, 1.301708279317776, 1.6475764577059064, 1.875, 2.5086655372483952, 2.1091113518362286, 2.109111351836229, 2.8125, 3.2692405888490033, 2.9933375092769685, 2.9933375092769685, 4.878782364597862, 4.006559292099783, 3.578060558614277, 3.7486687451828966, 3.75, 4.103690750748377, 3.902512100486614, 3.902512100486614, 5.115740658504695, 4.291946235110367, 3.894971435720428, 4.0522589360846695, 5.3611162035426885, 4.58165548114303, 4.212073948530341, 4.357931498760389, 5.613805371540847, 4.874916486417061, 4.529327847433973, 4.665277135341572, 4.6875, 4.974980806774814, 4.822545432076762, 4.822545432076763, 5.872864198160616, 5.171125012029465, 4.846703404380831, 4.9739857146997055, 6.137486160422325, 5.469802223972597, 5.1641781891580365, 5.283818351284947, 6.406981987453796, 5.770564806633524, 5.481734961447643, 5.594588294732454, 5.625, 5.866719933470302, 5.748225873645228, 6.6807618835415905, 6.073102942037306, 5.799360253043623, 5.906147589129668, 6.958320188123707, 6.3771639339482205, 6.1170433904338095, 6.218377589086236, 7.950230117152893, 7.239222311489038, 6.682539911976635, 6.434775806130365, 6.531182103965613, 6.5625, 6.770833333333333, 6.677205212096184, 7.523093701976229, 6.9890585094642335, 6.752550543958513, 6.844482365286247, 7.809610576790056, 7.296575728457227, 7.070361897464027, 7.158213279940122, 7.3557878921749, 7.608275145816195, 11.509179570709582], [5.087131436281158, 2.2088246308840365, 1.9122458073631063, 0.9375, 1.666666666666667, 0.0, 3.5005579912351115, 2.5007811279678194, 0.8356737966721488, 0.5038911092686593, 1.203861115091999, 1.9122458073631063, 0.9375, 2.692582403567252, 1.3017082793177757, 1.890063363825351, 2.5086655372483952, 1.875, 3.1628952322199986, 2.1091113518362286, 3.2692405888490033, 2.8125, 3.8099376635320428, 2.9933375092769685, 6.139332720255516, 4.994137187743244, 4.085511748851054, 3.59741660778954, 4.103690750748377, 3.75, 4.559074056209221, 3.902512100486614, 6.329272578580175, 5.225867523576056, 4.365740644377188, 3.9127600710964816, 6.529200244806163, 5.466301842816298, 4.650855387643961, 4.228528802878947, 6.738226742877518, 5.714341575232422, 4.940010084851018, 4.544634158920799, 4.974980806774814, 4.6875, 5.367727638395972, 4.822545432076762, 6.95553181136609, 5.969038681305863, 5.232535024147055, 4.8610104689175095, 7.180363866703725, 6.2295766516083955, 5.527895192409536, 5.177608063407702, 7.412037984012648, 6.495252656859953, 5.825659368384516, 5.494388689967819, 5.866719933470302, 5.625, 5.748225873645228, 7.649932563981926, 6.765461420588479, 6.125476980078456, 5.811322416926381, 7.89348520802686, 7.039681010481855, 6.427060660157085, 6.128385491247988, 7.097596654285846, 8.142188192620555, 7.3174605269895086, 6.730172996591513, 6.445558824807169, 6.770833333333333, 6.5625, 6.677205212096184, 8.395583823511222, 7.5984095531633, 7.034616388802115, 6.762826904305869, 8.653259862618249, 7.882189178775145, 7.3402252179343925, 7.0801769928441765, 7.8435270195396765, 7.608275145816195, 11.715215054390683], [1.8027756377319946, 1.8027756377319946, 2.0883273476902775, 3.640054944640259, 1.834398364890001, 3.5005579912351115, 0.0, 1.0, 2.666666666666667, 3.0, 2.4577462060841953, 2.0314369572081508, 3.607717422415453, 1.3707320124663318, 2.826661875978645, 2.8281645316638393, 2.578035562421727, 3.9414662563568905, 2.125, 3.259867499011442, 3.3050886691753236, 4.451123453691214, 2.984988484064888, 3.875727978214043, 3.8078865529319543, 3.5, 3.8078865529319543, 4.6097722286464435, 4.1181023980847185, 5.084059032898812, 3.881043674065006, 4.601479230759508, 4.102256988133997, 3.8181818181818183, 4.102256988133997, 4.855771040390415, 4.399943651029114, 4.136363636363637, 4.399943651029114, 5.109745994883837, 4.7003165006849885, 4.454545454545455, 4.7003165006849885, 5.370565631906157, 4.975111668205158, 5.800053879060091, 4.792979892509461, 5.392936802996222, 5.002891725775675, 4.772727272727273, 5.002891725775675, 5.637279984162106, 5.307292659341561, 5.090909090909091, 5.307292659341561, 5.909090909090909, 5.6132222887402135, 5.409090909090909, 5.6132222887402135, 6.185326544557686, 5.856835097653946, 6.572016908834, 6.225089245232643, 5.920443639843385, 5.7272727272727275, 5.920443639843385, 6.465419776979836, 6.228765580848023, 6.045454545454545, 6.228765580848023, 6.748890328132249, 9.106970444779705, 6.538032408041049, 6.363636363636363, 6.538032408041049, 7.035329968707583, 6.75359986311827, 7.3824115301167, 7.08360906326084, 6.848116106994392, 6.681818181818182, 6.848116106994392, 7.324390364724973, 7.158910531638177, 7.0, 7.158910531638177, 7.615773105863909, 7.174305946957622, 7.959969290839703, 11.497023792953941], [2.692582403567252, 1.118033988749895, 1.3017082793177757, 2.692582403567252, 0.8356737966721488, 2.5007811279678194, 1.0, 0.0, 1.666666666666667, 2.0, 1.4870272880699646, 1.208333333333333, 2.6487025125521364, 0.9375, 1.9122458073631063, 2.0444755038886737, 1.9948936549210947, 3.087904831758906, 1.875, 2.5086655372483952, 2.873489941594445, 3.7165171868296265, 2.8125, 3.2692405888490033, 4.301162633521313, 3.640054944640259, 3.5355339059327378, 4.031128874149275, 3.7804894781555, 4.455070846799184, 3.75, 4.103690750748377, 4.563826508172086, 3.9469624265622567, 3.8507807515741814, 4.3102798513198906, 4.833167091279941, 4.255526304962925, 4.166473824738541, 4.594508040283682, 5.108128346724618, 4.565410737996262, 4.482518846208187, 4.882926909816649, 4.699475443540954, 5.257435211203273, 4.6875, 4.974980806774814, 5.387849814149863, 4.876363975323696, 4.798846280079694, 5.174835806074886, 5.671627224342307, 5.1881938448655545, 5.115403734985229, 5.469675984178663, 5.958881141859596, 5.5007512634920985, 5.4321509977917515, 5.766997872620547, 5.624575601273793, 6.098475731689026, 5.866719933470302, 6.249132171154807, 5.813918892843448, 5.749056695890378, 6.066436589346499, 6.541981401774008, 6.127603174256392, 6.066095998346632, 6.36769351187359, 8.420534956848321, 6.837094980223329, 6.4417286320206815, 6.383248997853291, 6.670522301034233, 6.553201083779166, 6.96419413859206, 6.770833333333333, 7.134191910432185, 6.75623373003599, 6.700499549651207, 6.974718217596753, 7.433034373659253, 7.0710678118654755, 7.0178344238090995, 7.280109889280518, 7.182291614949049, 7.68295371441074, 11.433252047877092], [4.28498671072748, 1.5365907428821481, 1.301708279317776, 1.3017082793177757, 0.8356737966721497, 0.8356737966721488, 2.666666666666667, 1.666666666666667, 0.0, 0.33333333333333304, 0.5230527409496313, 1.2083333333333337, 1.208333333333333, 1.9122458073631063, 0.9375, 1.5033075678353804, 1.9948936549210952, 1.9948936549210947, 2.5086655372483952, 1.875, 2.873489941594445, 2.873489941594445, 3.2692405888490033, 2.8125, 5.441609239104836, 4.400126260814695, 3.689323936863109, 3.515837184954831, 3.7804894781555, 3.7804894781555, 4.103690750748377, 3.75, 5.651515151515151, 4.657211988712273, 3.9924458052433636, 3.8327044639269183, 5.871168132777542, 4.921444426521803, 4.297745367438899, 4.149772914671659, 6.09951525268383, 5.191732496741592, 4.6047894976559665, 4.466999699767472, 4.699475443540954, 4.699475443540954, 4.974980806774814, 4.6875, 6.335616523350023, 5.467178132359127, 4.9132511365638365, 4.784353324216955, 6.5786371296045765, 5.747039801759854, 5.222879137316116, 5.101810118282719, 6.827838279713502, 6.030702742957991, 5.533477710619338, 5.419351951471784, 5.624575601273793, 5.624575601273793, 5.625, 7.08256761377349, 6.317654944967563, 5.844892129344484, 5.736964703017886, 7.342249775938444, 6.607467879019022, 6.156998600963632, 6.054637212275243, 7.436218833047581, 7.606377513620143, 6.899781074766515, 6.46969696969697, 6.372360542193619, 6.553201083779166, 6.553201083779166, 6.5625, 7.874503497109335, 7.19428977217259, 6.782905374984023, 6.6901274521482135, 8.146232939899958, 7.490735018081411, 7.096556285347924, 7.007932013876213, 7.498055458315292, 7.5, 11.520699804798804], [4.6097722286464435, 1.8027756377319946, 1.5365907428821481, 1.118033988749895, 1.1683395744008296, 0.5038911092686593, 3.0, 2.0, 0.33333333333333304, 0.0, 0.7434498230221258, 1.4583333333333335, 1.0077822185373186, 2.2088246308840365, 0.9949961613549627, 1.5945566850005206, 2.1555202066116457, 1.8802011195614154, 2.7414640249326636, 1.9043991470044064, 2.9872413881558204, 2.7950849718747373, 3.4511094230696306, 2.832184203245105, 5.70087712549569, 4.6097722286464435, 3.8078865529319543, 3.5, 3.8676565722813487, 3.721243911651049, 4.25, 3.7647856660255057, 5.901568638649746, 4.855771040390415, 4.102256988133997, 3.8181818181818183, 6.112242152617271, 5.109745994883837, 4.399943651029114, 4.136363636363637, 6.331901389520494, 5.370565631906157, 4.7003165006849885, 4.454545454545455, 4.769877997508019, 4.651948516482099, 5.096337532974047, 4.699336906533848, 6.559643711348561, 5.637279984162106, 5.002891725775675, 4.772727272727273, 6.794656383651849, 5.909090909090909, 5.307292659341561, 5.090909090909091, 7.036210945019338, 6.185326544557686, 5.6132222887402135, 5.409090909090909, 5.683530360709892, 5.584926700503776, 5.634867887635974, 7.283656560585623, 6.465419776979836, 5.920443639843385, 5.7272727272727275, 7.53641298371825, 6.748890328132249, 6.228765580848023, 6.045454545454545, 7.269278197615743, 7.7939635467838215, 7.035329968707583, 6.538032408041049, 6.363636363636363, 6.60387091871965, 6.519202405202649, 6.5709601551912575, 8.055848447859233, 7.324390364724973, 6.848116106994392, 6.681818181818182, 8.32165848854662, 7.615773105863909, 7.158910531638177, 7.0, 7.603591709540911, 7.507403753036805, 11.566963515951755], [4.177447664103183, 1.7214151771584665, 1.5699127058248956, 1.817893752681501, 0.7804933006135067, 1.203861115091999, 2.4577462060841953, 1.4870272880699646, 0.5230527409496313, 0.7434498230221258, 0.0, 0.7152105848592332, 1.1625996614581786, 1.4935842941919397, 0.5414130199829356, 1.022803330827255, 1.4736672178910701, 1.735455807911798, 2.0020365711567196, 1.4389178039760169, 2.3642496605644094, 2.5357027131757603, 2.746510389683803, 2.367626096956883, 4.957431759550838, 3.8835847182105483, 3.1762132920245914, 3.097487932074777, 3.281077619604731, 3.4066966606962574, 3.5827783505309387, 3.3013080321871513, 5.158776954862902, 4.137521031117515, 3.48212304433013, 3.4104664649824836, 5.371434541003806, 4.39981927369795, 3.7900541228482667, 3.724326901204341, 5.5941145613399765, 4.66907039337716, 4.09955106703482, 4.0388636476293085, 4.207027066024554, 4.305715797215505, 4.459494881421585, 4.236676599856959, 5.825667838226457, 4.944138587687577, 4.410284229749427, 4.3539301326608, 6.0650781640585025, 5.224105066808519, 4.722009568178534, 4.669419126067483, 6.3114514851795676, 5.508222985926637, 5.034542787146192, 4.985250413822854, 5.137168054741376, 5.218295451082017, 5.172816930857658, 6.5640038012065824, 5.795881858282624, 5.347742245853369, 5.301362819219226, 6.822048907298782, 6.086579655807661, 5.66149737431776, 5.617708886398625, 7.188803082095259, 7.08498666362482, 6.379900989565336, 5.975720646882008, 5.934251246997141, 6.069573873926192, 6.138390571084198, 6.109374263258044, 7.352292165899664, 6.6755000341296356, 6.290341907923602, 6.250960080779203, 7.623505984820932, 6.973087129350655, 6.605304287194568, 6.5678113050959475, 6.986383906819022, 7.046182319309647, 11.036227961520567], [3.8244916147262122, 1.9043991470044064, 1.875, 2.5086655372483952, 0.9375, 1.9122458073631063, 2.0314369572081508, 1.208333333333333, 1.2083333333333337, 1.4583333333333335, 0.7152105848592332, 0.0, 1.666666666666667, 0.8356737966721488, 0.8356737966721497, 0.8361424692352009, 0.9375, 1.9122458073631063, 1.3017082793177757, 1.301708279317776, 1.875, 2.5086655372483952, 2.1091113518362286, 2.109111351836229, 4.242845284842603, 3.2018332422396876, 2.646079384884571, 2.872583525523864, 2.8125, 3.2692405888490033, 2.9933375092769685, 2.9933375092769685, 4.446732544912853, 3.467481842200063, 2.961997691759253, 3.1659801524941917, 4.663432628408622, 3.7413371780295552, 3.27835383686785, 3.4637557476973106, 4.891242865802938, 4.021723109845845, 3.5950322352196147, 3.7648714151041256, 3.75, 4.103690750748377, 3.902512100486614, 3.902512100486614, 5.128682969698273, 4.307364507871733, 3.911954626995704, 4.06858562693144, 5.374476772107312, 4.597281868008642, 4.229066158612445, 4.374357161220495, 5.627529785173237, 4.890714823316929, 4.546327252080732, 4.681782938476744, 4.6875, 4.974980806774814, 4.822545432076763, 5.886905955673645, 5.187066775254182, 4.863708639602687, 4.990557256554204, 6.151805533152253, 5.485864682775421, 5.1811882148521375, 5.300444445301043, 7.213745019566158, 6.4215450043850435, 5.786729667380576, 5.498748970751667, 5.611260129716186, 5.625, 5.866719933470302, 5.748225873645228, 6.6955394486034745, 6.08935534418918, 5.816377610489654, 5.9228581367280215, 6.973287324577348, 6.393491699463691, 6.134063588773034, 6.235121178542652, 6.4376348423967915, 6.677205212096184, 10.573077472094745], [5.340002340823457, 2.7414640249326636, 2.5086655372483952, 1.875, 1.9122458073631063, 0.9375, 3.607717422415453, 2.6487025125521364, 1.208333333333333, 1.0077822185373186, 1.1625996614581786, 1.666666666666667, 0.0, 2.5007811279678194, 0.8356737966721488, 1.2477842618605177, 1.9122458073631063, 0.9375, 2.692582403567252, 1.3017082793177757, 2.5086655372483952, 1.875, 3.1628952322199986, 2.1091113518362286, 5.647178499038259, 4.375, 3.3000946956110213, 2.6721947908039936, 3.2692405888490033, 2.8125, 3.8099376635320428, 2.9933375092769685, 5.801923751211837, 4.572998930119713, 3.5584152673452873, 2.9853507691519323, 5.969630873730389, 4.783982939831104, 3.825766951683681, 3.2994685585098464, 6.14923943761804, 5.006310583768952, 4.100383599269345, 3.6142973952287085, 4.103690750748377, 3.75, 4.559074056209221, 3.902512100486614, 6.33973799873165, 5.238537762826759, 4.3808992105002815, 3.929666384384556, 6.540175033040776, 5.479405940684621, 4.666250042894178, 4.245455153786213, 6.749665204430574, 5.7278250996255835, 4.955600909264267, 4.561576522640043, 4.974980806774814, 4.6875, 4.822545432076762, 6.967391952505235, 5.98285472160529, 5.248290256820283, 4.877965828071647, 7.192607330211456, 6.243684826015129, 5.543789336420673, 5.194574112149288, 6.261616129926864, 7.424629898670465, 6.509618201725152, 5.841671775462175, 5.511363636363636, 5.866719933470302, 5.625, 5.748225873645228, 7.66284133965295, 6.780054380069102, 6.141590787140919, 5.828304847611715, 7.906682300434235, 7.054475529761231, 6.443261984429936, 6.145374276640927, 6.989738403947837, 6.677205212096184, 10.79699109060949], [3.1628952322199986, 2.000976324197765, 2.1091113518362286, 3.1628952322199986, 1.3017082793177757, 2.692582403567252, 1.3707320124663318, 0.9375, 1.9122458073631063, 2.2088246308840365, 1.4935842941919397, 0.8356737966721488, 2.5007811279678194, 0.0, 1.666666666666667, 1.5105276001691734, 1.208333333333333, 2.6487025125521364, 0.9375, 1.9122458073631063, 1.9948936549210947, 3.087904831758906, 1.875, 2.5086655372483952, 3.5800008729049213, 2.7507101355831733, 2.6108248217756778, 3.250600905986461, 2.873489941594445, 3.7165171868296265, 2.8125, 3.2692405888490033, 3.8142270170512016, 3.0493159458480696, 2.9237523386229736, 3.506897166670746, 4.059892678883222, 3.3515263036487704, 3.2377042119454935, 3.772628866460308, 4.315044464352464, 3.6564475559398972, 3.552408862918069, 4.045937311592809, 3.7804894781555, 4.455070846799184, 3.75, 4.103690750748377, 4.578096573191863, 3.963454078637859, 3.867682540420178, 4.325386483711147, 4.847763100281023, 4.272096332767589, 4.183396595644056, 4.609859767546761, 5.122999634810104, 4.58204378615749, 4.499458329428606, 4.898481934055128, 4.699475443540954, 5.257435211203273, 4.974980806774814, 5.402955004340275, 4.893048413711602, 4.8157992876495195, 5.190560931048361, 5.686932357469161, 5.2049207139426965, 5.132367839353464, 5.485544607277362, 7.736572545458048, 5.974358194549174, 5.517513555649579, 5.449124318344816, 5.782988486654358, 5.624575601273793, 6.098475731689026, 5.866719933470302, 6.2647578863007105, 5.830711052175964, 5.7660377534288605, 6.082531658279054, 6.557736366308118, 6.144420741615925, 6.083083613595986, 6.383878621183206, 6.248041868581047, 6.770833333333333, 10.495960781670458], [4.595107981441907, 2.261640413750849, 2.109111351836229, 2.1091113518362286, 1.301708279317776, 1.3017082793177757, 2.826661875978645, 1.9122458073631063, 0.9375, 0.9949961613549627, 0.5414130199829356, 0.8356737966721497, 0.8356737966721488, 1.666666666666667, 0.0, 0.6014542280033645, 1.2083333333333337, 1.208333333333333, 1.9122458073631063, 0.9375, 1.9948936549210952, 1.9948936549210947, 2.5086655372483952, 1.875, 4.891576163274075, 3.698312772212636, 2.815584728100206, 2.5840892711187653, 2.873489941594445, 2.873489941594445, 3.2692405888490033, 2.8125, 5.0655146677030185, 3.925485810535356, 3.1079637785396437, 2.8999032481643967, 5.252983883009799, 4.164593578629336, 3.40497278625846, 3.216184023833322, 5.452588361544447, 4.413696845100483, 3.7054985953917132, 3.5328062274132668, 3.7804894781555, 3.7804894781555, 4.103690750748377, 3.75, 5.663045059381234, 4.671196778619178, 4.008750347001194, 3.8496856163305324, 5.883189457051115, 4.9357793900819145, 4.31415324108421, 4.166763514714675, 6.111974833830354, 5.206364986185234, 4.621280814814825, 4.483997811035993, 4.699475443540954, 4.699475443540954, 4.6875, 6.348467050401753, 5.482064746975973, 4.92981073572168, 4.801357504918451, 6.59183667497465, 5.762144631084928, 5.239495276220874, 5.118819272990682, 6.65180399024221, 6.841349789909004, 6.0459959434230495, 5.5501411646811265, 5.436365233121112, 5.624575601273793, 5.624575601273793, 5.625, 7.0963583960421595, 6.333111595817498, 5.861595557958435, 5.753981446361993, 7.356291005738633, 6.623067066028481, 6.17373609422294, 6.071656887630518, 6.608596674434449, 6.5625, 10.591150283721305], [4.6301942329890755, 2.6424978786602273, 2.5470953337311006, 2.7102630821384857, 1.6475764577059064, 1.890063363825351, 2.8281645316638393, 2.0444755038886737, 1.5033075678353804, 1.5945566850005206, 1.022803330827255, 0.8361424692352009, 1.2477842618605177, 1.5105276001691734, 0.6014542280033645, 0.0, 0.6645094233573628, 1.1399140796651268, 1.4633248701996555, 0.4705031702923151, 1.3934933866376011, 1.6732170074114086, 1.938751717115122, 1.3560279414994056, 4.399847003088957, 3.1433583716067326, 2.2142154488914088, 2.1035204434159023, 2.280326152872594, 2.461243323761953, 2.670956619918944, 2.283432246202876, 4.5546281532118, 3.356588419182307, 2.5077348379659345, 2.4105564128033357, 4.725791036039485, 3.585407803593673, 2.8066345183920296, 2.7201554223222084, 4.911623311842608, 3.827021264533947, 3.1093632725936446, 3.0315323126619504, 3.196210789098041, 3.327701119937724, 3.5024381237019484, 3.2166949447952176, 5.110524976693034, 4.079156008191227, 3.4149029182279604, 3.3441905063379824, 5.321030619740303, 4.339978693262575, 3.722561384279967, 3.657801451895884, 5.5418180693584125, 4.60801429203802, 4.031853657734357, 3.972139488883184, 4.121826288578731, 4.224604512674148, 4.15186734045575, 5.7717075038816645, 4.882074939216231, 4.342430645834475, 4.28704468318697, 6.009654469743113, 5.161200930739146, 4.65403515771227, 4.602400618262292, 6.3789564539296695, 6.254739444604054, 5.444613275673956, 4.966473791675974, 4.918120588717156, 5.05182669913475, 5.136028069761571, 5.08789651600886, 6.506155818370112, 5.731676171476413, 5.27959846356044, 5.2341387198075875, 6.76319753406476, 6.021867574643178, 5.593293956900367, 5.550404083493149, 6.010375903545486, 6.024383122153429, 10.019310092439913], [4.36133779488715, 2.832184203245105, 2.8125, 3.2692405888490033, 1.875, 2.5086655372483952, 2.578035562421727, 1.9948936549210947, 1.9948936549210952, 2.1555202066116457, 1.4736672178910701, 0.9375, 1.9122458073631063, 1.208333333333333, 1.2083333333333337, 0.6645094233573628, 0.0, 1.666666666666667, 0.8356737966721488, 0.8356737966721497, 0.9375, 1.9122458073631063, 1.3017082793177757, 1.301708279317776, 3.736143380695006, 2.491739826127742, 1.7201067877056677, 2.051528055160619, 1.875, 2.5086655372483952, 2.1091113518362286, 2.109111351836229, 3.8902275854885704, 2.717327854142049, 2.0331922355980594, 2.320316932424585, 4.063428762944459, 2.9599752214375603, 2.34764846421357, 2.600279467965768, 4.253412194344137, 3.215822646694841, 2.6629899164276627, 2.8881681555954133, 2.8125, 3.2692405888490033, 2.9933375092769685, 2.9933375092769685, 4.458032819227497, 3.4819616048011586, 2.978935483911906, 3.1818322735979443, 4.675369213063978, 3.756205169911048, 3.295311408420528, 3.479809948613068, 4.90373095494303, 4.036901940655294, 3.6120046066507836, 3.781081495877401, 3.75, 4.103690750748377, 3.902512100486614, 5.141649211810297, 4.322795000611232, 3.9289383575349537, 4.084918189793948, 5.387858136123798, 4.612918305692764, 4.246058795517957, 4.390787548378468, 6.52900359924439, 5.641272313186479, 4.9065215083116, 4.563327000284368, 4.698292595350393, 4.6875, 4.974980806774814, 4.822545432076763, 5.90096353716037, 5.203015535907637, 4.880714155417856, 5.007131980175501, 6.166138772449993, 5.501933056763878, 5.19819847265484, 5.3170731950116235, 5.525982420657478, 5.748225873645228, 9.637247146929255], [5.736737422089319, 3.4511094230696306, 3.2692405888490033, 2.8125, 2.5086655372483952, 1.875, 3.9414662563568905, 3.087904831758906, 1.9948936549210947, 1.8802011195614154, 1.735455807911798, 1.9122458073631063, 0.9375, 2.6487025125521364, 1.208333333333333, 1.1399140796651268, 1.666666666666667, 0.0, 2.5007811279678194, 0.8356737966721488, 1.9122458073631063, 0.9375, 2.692582403567252, 1.3017082793177757, 5.277087856952924, 3.885570260592388, 2.61680267693229, 1.7600159800410904, 2.5086655372483952, 1.875, 3.1628952322199986, 2.1091113518362286, 5.387277564390489, 4.033950861845633, 2.832447626309289, 2.067065445452834, 5.513650533032831, 4.201231033924845, 3.0659977495773254, 2.3770448461089715, 5.655121942441586, 4.385248474588903, 3.313669293077434, 2.688941089701353, 3.2692405888490033, 2.8125, 3.8099376635320428, 2.9933375092769685, 5.810589084266616, 4.583987947867921, 3.5725264878231977, 3.00215680906217, 5.9789602915018065, 4.79561947691384, 3.8403080823490416, 3.3163181643737643, 6.159177393723562, 5.018512346039947, 4.115272307801195, 3.631179721158865, 4.103690750748377, 3.75, 3.902512100486614, 6.350231925386533, 5.25123276061901, 4.39607159930299, 3.946573894683634, 6.55117578636723, 5.492531673452989, 4.68165613686912, 4.26238245396683, 5.458718471417164, 6.761127287694946, 5.7413275642845205, 4.971201283433736, 4.578519651635583, 4.974980806774814, 4.6875, 4.822545432076762, 6.979273569346965, 5.996687381862183, 5.264053528962744, 4.894921813041054, 7.204870314585822, 6.257807623281495, 5.559690301626522, 5.211540679108242, 6.160339463454719, 5.748225873645228, 9.88238746208523], [3.8099376635320428, 2.918154382482188, 2.9933375092769685, 3.8099376635320428, 2.1091113518362286, 3.1628952322199986, 2.125, 1.875, 2.5086655372483952, 2.7414640249326636, 2.0020365711567196, 1.3017082793177757, 2.692582403567252, 0.9375, 1.9122458073631063, 1.4633248701996555, 0.8356737966721488, 2.5007811279678194, 0.0, 1.666666666666667, 1.208333333333333, 2.6487025125521364, 0.9375, 1.9122458073631063, 2.981715110469141, 1.9080421903092184, 1.7001838135919305, 2.576941016011038, 1.9948936549210947, 3.087904831758906, 1.875, 2.5086655372483952, 3.1663789379214227, 2.185395977508972, 2.006478402204319, 2.788540044272701, 3.3710184656669817, 2.472602979830723, 2.315980461028929, 3.0189013723319564, 3.5922214230286693, 2.7665962394368497, 2.627556802823893, 3.2640549554298435, 2.873489941594445, 3.7165171868296265, 2.8125, 3.2692405888490033, 3.8271168452383892, 3.065423844610634, 2.9405481371858957, 3.520912289039226, 4.0733366275072, 3.3677991746824416, 3.2545462480953833, 3.7870927214674497, 4.328948897101814, 3.672846110813657, 3.56928544021335, 4.060763296933104, 3.7804894781555, 4.455070846799184, 4.103690750748377, 4.592385563657439, 3.9799503973403056, 3.8845855847553747, 4.3405074778520145, 4.86237504885241, 4.288670087066907, 4.20032035869914, 4.625223358466322, 7.110661927188346, 5.137884428921954, 4.598679854584213, 4.51639861006075, 4.9140468460280955, 4.699475443540954, 5.257435211203273, 4.974980806774814, 5.418071708002566, 4.90973533228196, 4.832752945584726, 5.206294366731279, 5.702247363978522, 5.2216496435513555, 5.149332481011495, 5.501420271166347, 5.314936880238188, 5.866719933470302, 9.558710455414108], [5.062285660757511, 3.102698198521911, 2.9933375092769685, 2.9933375092769685, 2.109111351836229, 2.1091113518362286, 3.259867499011442, 2.5086655372483952, 1.875, 1.9043991470044064, 1.4389178039760169, 1.301708279317776, 1.3017082793177757, 1.9122458073631063, 0.9375, 0.4705031702923151, 0.8356737966721497, 0.8356737966721488, 1.666666666666667, 0.0, 1.2083333333333337, 1.208333333333333, 1.9122458073631063, 0.9375, 4.472330053910502, 3.1227769870919557, 2.0004339806929674, 1.658835769782865, 1.9948936549210952, 1.9948936549210947, 2.5086655372483952, 1.875, 4.597506573091931, 3.2995555291013834, 2.2665098035577764, 1.9715645283945205, 4.740767512437083, 3.496409101775546, 2.5445778838500663, 2.28579889906765, 4.900527100545127, 3.710143644547638, 2.8311068265216046, 2.600993245507806, 2.873489941594445, 2.873489941594445, 3.2692405888490033, 2.8125, 5.075227527729034, 3.938011485282712, 3.123769270963935, 2.9168363783761597, 5.263381269878028, 4.177700610635334, 3.420991434087909, 3.233138164709768, 5.46359860026614, 4.427291459214101, 3.721681026744517, 3.5497760020640907, 3.7804894781555, 3.7804894781555, 3.75, 5.67460274172566, 4.68520183945157, 4.025061027661614, 3.866667334591944, 5.895235553123691, 4.950131536314322, 4.330566040001421, 4.183754561014973, 5.9121446714566135, 6.124456507811105, 5.221012116062344, 4.637776139063828, 4.500996280388352, 4.699475443540954, 4.699475443540954, 4.6875, 6.361337292124115, 5.496963902389115, 4.946373635722332, 4.818361977287402, 6.605053831053242, 5.77726025994252, 5.256114164581199, 5.135828668395307, 5.73446395530745, 5.625, 9.663137025440989], [5.01733107449679, 3.7647856660255057, 3.75, 4.103690750748377, 2.8125, 3.2692405888490033, 3.3050886691753236, 2.873489941594445, 2.873489941594445, 2.9872413881558204, 2.3642496605644094, 1.875, 2.5086655372483952, 1.9948936549210947, 1.9948936549210952, 1.3934933866376011, 0.9375, 1.9122458073631063, 1.208333333333333, 1.2083333333333337, 0.0, 1.666666666666667, 0.8356737966721488, 0.8356737966721497, 3.4166666666666665, 1.980810720667452, 0.8207381501496753, 1.3869430814244368, 0.9375, 1.9122458073631063, 1.3017082793177757, 1.301708279317776, 3.500303345112438, 2.1218208001160996, 1.11898324733006, 1.5818101996779914, 3.610140612682907, 2.298502826481298, 1.4258735018726298, 1.811936876202512, 3.743873170624598, 2.5033150656125334, 1.736832265281447, 2.0655716685031007, 1.875, 2.5086655372483952, 2.1091113518362286, 2.109111351836229, 3.899043053230603, 2.72993346639544, 2.0500089587476986, 2.3350667508544216, 4.0732010118593385, 2.9733762767285166, 2.364522464053141, 2.615524131605736, 4.26402105692749, 3.229841416218609, 2.6799021575275894, 2.903769201214351, 2.8125, 3.2692405888490033, 2.9933375092769685, 4.469369530892819, 3.4964645005595427, 2.9958744973167843, 3.1976966716174156, 4.687337386221322, 3.7710915889524785, 3.3122698821605905, 3.495873534936316, 5.914006365449471, 4.91624642178422, 4.052095615814877, 3.628977663158889, 3.797298892595387, 3.75, 4.103690750748377, 3.902512100486614, 5.1546392042496185, 4.338237582934704, 3.9459226203750046, 4.101256554519254, 5.4012601410329335, 4.628564692332938, 4.263051854142888, 4.407222607392451, 4.624676590075222, 4.822545432076763, 8.701776279075133], [6.25, 4.25, 4.103690750748377, 3.75, 3.2692405888490033, 2.8125, 4.451123453691214, 3.7165171868296265, 2.873489941594445, 2.7950849718747373, 2.5357027131757603, 2.5086655372483952, 1.875, 3.087904831758906, 1.9948936549210947, 1.6732170074114086, 1.9122458073631063, 0.9375, 2.6487025125521364, 1.208333333333333, 1.666666666666667, 0.0, 2.5007811279678194, 0.8356737966721488, 5.055937104039171, 3.5794552658190883, 2.1360009363293826, 0.9013878188659973, 1.9122458073631063, 0.9375, 2.692582403567252, 1.3017082793177757, 5.112828218969831, 3.6593732245692316, 2.2673800732771325, 1.1794118859390113, 5.188641838885337, 3.764572237616301, 2.4335168239055602, 1.473772076079407, 5.2825633178043, 3.8930033658618344, 2.627827088415745, 1.7763657299699214, 2.5086655372483952, 1.875, 3.1628952322199986, 2.1091113518362286, 5.393646783006346, 4.04245292116491, 2.844543130246879, 2.083608797215714, 5.520856398413278, 4.210683480374751, 3.0789373770670987, 2.3937116308989324, 5.663105549326263, 4.395539154962667, 3.3272758320899576, 2.7056911247978617, 3.2692405888490033, 2.8125, 2.9933375092769685, 5.819291442483525, 4.595013916470981, 3.586663197536393, 3.018965533516735, 5.988323693752453, 4.807288285630166, 3.8548697333576682, 3.3331697618268743, 4.705867682141264, 6.169146437603426, 5.030742268154376, 4.1301776921332385, 3.648063564220755, 4.103690750748377, 3.75, 3.902512100486614, 6.360754217455351, 5.263952337823361, 4.411257668157238, 3.9634825866750103, 6.562202374203344, 5.50567888638631, 4.697073557013984, 4.2793106921559225, 5.366650179988619, 4.822545432076762, 8.972511342475862], [4.559074056209221, 3.845147103818006, 3.902512100486614, 4.559074056209221, 2.9933375092769685, 3.8099376635320428, 2.984988484064888, 2.8125, 3.2692405888490033, 3.4511094230696306, 2.746510389683803, 2.1091113518362286, 3.1628952322199986, 1.875, 2.5086655372483952, 1.938751717115122, 1.3017082793177757, 2.692582403567252, 0.9375, 1.9122458073631063, 0.8356737966721488, 2.5007811279678194, 0.0, 1.666666666666667, 2.5928085640864427, 1.213530489934225, 0.8500919067959652, 2.114865539461079, 1.208333333333333, 2.6487025125521364, 0.9375, 1.9122458073631063, 2.6946977417553692, 1.418236905252958, 1.1231188358412871, 2.23861473224436, 2.8288893452530006, 1.6591006382031053, 1.4151377769270213, 2.3984609497938365, 2.991038828700388, 1.9225798487431907, 1.7164828210015357, 2.5877235700115633, 1.9948936549210947, 3.087904831758906, 1.875, 2.5086655372483952, 3.1768681056574892, 2.200566054619539, 2.0229905982835916, 2.8004447790920293, 3.3824766053200115, 2.4882017574017565, 2.332626842325448, 3.031690615075554, 3.6044811484003567, 2.782496064538736, 2.6442927880954397, 3.2775424252286274, 2.873489941594445, 3.7165171868296265, 3.2692405888490033, 3.8400390690268886, 3.081541830261743, 2.957346792591781, 3.534954038124526, 4.08680744505723, 3.384079652279952, 3.2713903914047315, 3.801577974075397, 6.559442341723612, 4.342875714678063, 3.6892505300047724, 3.5861636149429232, 4.075606638666261, 3.7804894781555, 4.455070846799184, 4.103690750748377, 4.606693303460602, 3.9964513248817077, 3.9014898682617076, 4.355642684168291, 4.877002793724851, 4.305247524823631, 4.217245101959334, 4.640598695211643, 4.383707721813847, 4.974980806774814, 8.621514420942622], [5.647678050412498, 3.9870123352092994, 3.902512100486614, 3.902512100486614, 2.9933375092769685, 2.9933375092769685, 3.875727978214043, 3.2692405888490033, 2.8125, 2.832184203245105, 2.367626096956883, 2.109111351836229, 2.1091113518362286, 2.5086655372483952, 1.875, 1.3560279414994056, 1.301708279317776, 1.3017082793177757, 1.9122458073631063, 0.9375, 0.8356737966721497, 0.8356737966721488, 1.666666666666667, 0.0, 4.223004541924045, 2.7538640781838004, 1.354166666666667, 0.7640467008705102, 1.2083333333333337, 1.208333333333333, 1.9122458073631063, 0.9375, 4.286316254143248, 2.850001233426505, 1.5402944622807029, 1.0594843229291309, 4.371924752188338, 2.9772010410446024, 1.7645753140053453, 1.365183518358269, 4.478551594645808, 3.131680760534908, 2.014304938658619, 1.6755370440263329, 1.9948936549210952, 1.9948936549210947, 2.5086655372483952, 1.875, 4.604736916682094, 3.3096226479547357, 2.2811405199712964, 1.9883666844560928, 4.748921887823414, 3.507457640036199, 2.5597380914164445, 2.302663478810636, 4.9095208992614205, 3.722014973140848, 2.8466463532171793, 2.6178990546399348, 2.873489941594445, 2.873489941594445, 2.8125, 5.084978973679637, 3.9505709919914116, 3.139587737707613, 2.933770809515291, 5.273813250778446, 4.1908359791438174, 3.4370199598033055, 3.2500932608290354, 5.236241534522972, 5.474639767532802, 4.4409098824735915, 3.7378711299684486, 3.566746498456486, 3.7804894781555, 3.7804894781555, 3.75, 5.68618802918615, 4.699226989969719, 4.041377772896252, 3.8836496112883134, 5.907306269452357, 4.964500716196052, 4.346983708401852, 4.200746048157531, 4.88389354962766, 4.6875, 8.737149564504842], [4.5, 5.408326913195984, 5.600099205470481, 6.726812023536855, 4.878782364597862, 6.139332720255516, 3.8078865529319543, 4.301162633521313, 5.441609239104836, 5.70087712549569, 4.957431759550838, 4.242845284842603, 5.647178499038259, 3.5800008729049213, 4.891576163274075, 4.399847003088957, 3.736143380695006, 5.277087856952924, 2.981715110469141, 4.472330053910502, 3.4166666666666665, 5.055937104039171, 2.5928085640864427, 4.223004541924045, 0.0, 1.5, 3.0, 4.5, 3.3386026060480916, 5.003514389906359, 2.5124689052802225, 4.174159928789399, 0.31818181818181834, 1.5333752539484546, 3.0168260920082033, 4.51123482756