totalHoles = 90;
zeroHoleID = 25;
C = [[0.0, 1.5, 3.0, 3.666666666666666, 4.5, 6.0, 1.5901413090401901, 3.0460711388140704, 4.530844224062007, 6.0231677199556755, 2.0883273476902775, 5.5901699437494745, 1.8341748910243532, 3.1802826180803803, 4.622142093322553, 6.092142277628141, 2.181042054717067, 3.3921887395079366, 4.770423927120571, 6.205396397043821, 2.5897471157348146, 3.6683497820487063, 4.970592532430795, 6.3605652361607605, 3.035413409718886, 3.995464249358419, 5.216678499572428, 6.5546727277493595, 3.5039660069381067, 4.362084109434134, 5.50252467307306, 6.784377479015873, 3.5, 5.068968775248516, 3.987344950350599, 4.759088122013126, 5.822277883533765, 7.0461989578131, 5.179494231469629, 6.170669371618217, 7.336699564097413, 4.85912657903775, 7.106335201775948, 4.75, 5.618051263561058, 6.000578675798231, 6.5431261641512, 7.652613932506983, 6.070826819437772, 6.935772363018047, 7.990928498716838, 6.035197686166635, 7.956915231419774, 6.534866127828631, 7.345371012320751, 8.348920607398417, 7.007932013876213, 7.769241347204444, 8.724168218868268, 7.488313941002498, 8.205171886012648, 9.114540343813964, 7.974689900701198, 8.651339723554132, 9.518176244026252, 8.46602687871419, 9.10624022915666, 9.933459171462433, 8.961508911746316, 9.56862800903602, 10.358988462939259, 9.021431596198605, 8.999960412390665, 9.460484744712518, 10.037468386248511, 10.793552316310803, 9.453051268199697, 9.5, 9.962429422585638, 10.183046913593419, 10.51189802081432, 11.236102527122116, 10.0, 10.651030205780305, 10.65885130354632, 11.853269591129697, 13.608504895035345, 10.996647410492502, 11.151731305546736, 12.298373876248844], [1.5, 0.0, 1.5, 2.166666666666666, 3.0, 4.5, 0.5277777777777777, 1.5901413090401901, 3.0460711388140704, 4.530844224062007, 1.0540925533894596, 4.123105625617661, 1.0555555555555556, 1.8341748910243532, 3.1802826180803803, 4.622142093322553, 1.5833333333333335, 2.181042054717067, 3.3921887395079366, 4.770423927120571, 2.111111111111111, 2.5897471157348146, 3.6683497820487063, 4.970592532430795, 2.638888888888889, 3.035413409718886, 3.995464249358419, 5.216678499572428, 3.166666666666667, 3.5039660069381067, 4.362084109434134, 5.50252467307306, 3.8078865529319543, 4.1163630117428225, 3.6944444444444446, 3.987344950350599, 4.759088122013126, 5.822277883533765, 4.480754455873158, 5.179494231469629, 6.170669371618217, 4.512328790226961, 6.020797289396148, 4.981214711292819, 4.981214711292819, 5.220818369225695, 5.618051263561058, 6.5431261641512, 5.486796722278394, 6.070826819437772, 6.935772363018047, 5.759653731875825, 7.00446286306095, 5.996205075599231, 6.534866127828631, 7.345371012320751, 6.508541396588879, 7.007932013876213, 7.769241347204444, 7.023164933205852, 7.488313941002498, 8.205171886012648, 7.539607351337713, 7.974689900701198, 8.651339723554132, 8.05751891782521, 8.46602687871419, 9.10624022915666, 8.576633487290257, 8.961508911746316, 9.56862800903602, 8.716027061924434, 8.859075940647761, 9.096745110474311, 9.460484744712518, 10.037468386248511, 9.342585619694804, 9.617692030835672, 9.617692030835672, 9.74394398816231, 9.962429422585638, 10.51189802081432, 10.111874208078342, 10.232030318780552, 10.505289672879616, 11.236102527122116, 12.765487319976854, 10.922450452153639, 11.00504934614612, 11.704699910719626], [3.0, 1.5, 0.0, 0.6666666666666661, 1.5, 3.0, 1.5901413090401901, 0.5277777777777777, 1.5901413090401901, 3.0460711388140704, 1.5365907428821481, 2.692582403567252, 1.8341748910243532, 1.0555555555555556, 1.8341748910243532, 3.1802826180803803, 2.181042054717067, 1.5833333333333335, 2.181042054717067, 3.3921887395079366, 2.5897471157348146, 2.111111111111111, 2.5897471157348146, 3.6683497820487063, 3.035413409718886, 2.638888888888889, 3.035413409718886, 3.995464249358419, 3.5039660069381067, 3.166666666666667, 3.5039660069381067, 4.362084109434134, 4.6097722286464435, 3.562926387738658, 3.987344950350599, 3.6944444444444446, 3.987344950350599, 4.759088122013126, 4.222222222222222, 4.480754455873158, 5.179494231469629, 4.648775226993784, 5.1478150704935, 5.618051263561058, 4.75, 4.79655547705272, 4.981214711292819, 5.618051263561058, 5.277777777777778, 5.486796722278394, 6.070826819437772, 5.867163804693978, 6.269968101992227, 5.805555555555555, 5.996205075599231, 6.534866127828631, 6.333333333333334, 6.508541396588879, 7.007932013876213, 6.861111111111112, 7.023164933205852, 7.488313941002498, 7.388888888888889, 7.539607351337713, 7.974689900701198, 7.916666666666668, 8.05751891782521, 8.46602687871419, 8.444444444444445, 8.576633487290257, 8.961508911746316, 8.66325732294197, 8.97034924736651, 8.972222222222223, 9.096745110474311, 9.460484744712518, 9.471411396589444, 9.962429422585638, 9.5, 9.523363084774434, 9.617692030835672, 9.962429422585638, 10.44030650891055, 10.022197585581939, 10.564615994493654, 10.793516572461451, 12.050889077357684, 11.053216431827025, 11.061695670696745, 11.280514172678478], [3.666666666666666, 2.166666666666666, 0.6666666666666661, 0.0, 0.8333333333333339, 2.333333333333334, 2.2300210373806997, 0.8502904369452199, 0.9864044946980396, 2.392277957755013, 2.0883273476902775, 2.0883273476902784, 2.410112440387095, 1.2484558363469014, 1.3448576041011342, 2.560984571470247, 2.6835403646841027, 1.717960677340692, 1.7892425461319912, 2.8198207192814393, 3.0251007533471066, 2.2138732050190306, 2.269633135090611, 3.1466227241125106, 3.4144075638894775, 2.721797018946431, 2.7673415062737883, 3.522524522603878, 3.8369548110737792, 3.2360813064912666, 3.274480450731417, 3.9334745737353165, 5.068968775248516, 3.5, 4.282915385287324, 3.7541129708002745, 3.787263418027701, 4.369595427214157, 4.274529791482521, 4.303673423747625, 4.824065188020536, 4.85912657903775, 4.859126579037751, 6.000578675798231, 4.79655547705272, 4.75, 4.822545432076763, 5.292158769769142, 5.3197164131229195, 5.343162239353151, 5.770561733146036, 6.035197686166635, 6.035197686166636, 5.84370770599338, 5.865059228438057, 6.25690976066352, 6.3683243915142675, 6.3879226322456, 6.74948557710553, 6.893423686634733, 6.911533123949909, 7.247019395824521, 7.418903116821928, 7.435732879601723, 7.748556217566608, 7.944687253476727, 7.960405489392834, 8.253366316573835, 8.470719356687075, 8.485463241317653, 8.760883883476204, 8.722893542529993, 9.099085710894375, 8.99695593239084, 9.010838809421836, 9.270664272282906, 9.603608209183466, 10.183046913593419, 9.523363084774434, 9.5, 9.536479667279979, 9.782353727219459, 10.651030205780305, 10.0, 10.65885130354632, 10.65885130354632, 11.780777149172403, 11.175653199082854, 11.151731305546736, 11.151731305546736], [4.5, 3.0, 1.5, 0.8333333333333339, 0.0, 1.5, 3.0460711388140704, 1.5901413090401901, 0.5277777777777777, 1.5901413090401901, 2.8480012484391772, 1.4142135623730951, 3.1802826180803803, 1.8341748910243532, 1.0555555555555556, 1.8341748910243532, 3.3921887395079366, 2.181042054717067, 1.5833333333333335, 2.181042054717067, 3.6683497820487063, 2.5897471157348146, 2.111111111111111, 2.5897471157348146, 3.995464249358419, 3.035413409718886, 2.638888888888889, 3.035413409718886, 4.362084109434134, 3.5039660069381067, 3.166666666666667, 3.5039660069381067, 5.70087712549569, 3.5978388574871505, 4.759088122013126, 3.987344950350599, 3.6944444444444446, 3.987344950350599, 4.480754455873158, 4.222222222222222, 4.480754455873158, 5.230784942158405, 4.6097722286464435, 6.5431261641512, 4.981214711292819, 4.822545432076763, 4.75, 4.981214711292819, 5.486796722278394, 5.277777777777778, 5.486796722278394, 6.338265623268807, 5.836308764964376, 5.996205075599231, 5.805555555555555, 5.996205075599231, 6.508541396588879, 6.333333333333334, 6.508541396588879, 7.023164933205852, 6.861111111111112, 7.023164933205852, 7.539607351337713, 7.388888888888889, 7.539607351337713, 8.05751891782521, 7.916666666666668, 8.05751891782521, 8.576633487290257, 8.444444444444445, 8.576633487290257, 8.867633683391317, 9.324757622442194, 9.096745110474311, 8.972222222222223, 9.096745110474311, 9.830125209047983, 10.51189802081432, 9.617692030835672, 9.536479667279979, 9.5, 9.617692030835672, 10.965856099730654, 10.03466214899358, 10.833333333333334, 10.547511554864494, 11.488698298461301, 11.381883108601613, 11.31861789756643, 11.045361017187261], [6.0, 4.5, 3.0, 2.333333333333334, 1.5, 0.0, 4.530844224062007, 3.0460711388140704, 1.5901413090401901, 0.5277777777777777, 4.28498671072748, 1.118033988749895, 4.622142093322553, 3.1802826180803803, 1.8341748910243532, 1.0555555555555556, 4.770423927120571, 3.3921887395079366, 2.181042054717067, 1.5833333333333335, 4.970592532430795, 3.6683497820487063, 2.5897471157348146, 2.111111111111111, 5.216678499572428, 3.995464249358419, 3.035413409718886, 2.638888888888889, 5.50252467307306, 4.362084109434134, 3.5039660069381067, 3.166666666666667, 6.946221994724902, 4.2064764880413215, 5.822277883533765, 4.759088122013126, 3.987344950350599, 3.6944444444444446, 5.179494231469629, 4.480754455873158, 4.222222222222222, 6.132789830991366, 4.527692569068709, 7.652613932506983, 5.618051263561058, 5.292158769769142, 4.981214711292819, 4.75, 6.070826819437772, 5.486796722278394, 5.277777777777778, 7.1009584642575625, 5.771698190307598, 6.534866127828631, 5.996205075599231, 5.805555555555555, 7.007932013876213, 6.508541396588879, 6.333333333333334, 7.488313941002498, 7.023164933205852, 6.861111111111112, 7.974689900701198, 7.539607351337713, 7.388888888888889, 8.46602687871419, 8.05751891782521, 7.916666666666668, 8.961508911746316, 8.576633487290257, 8.444444444444445, 9.312240699322844, 9.89621361000553, 9.460484744712518, 9.096745110474311, 8.972222222222223, 10.394954997866844, 11.236102527122116, 9.962429422585638, 9.782353727219459, 9.617692030835672, 9.5, 11.661903789690601, 10.268614533832908, 11.296508801887029, 10.51189802081432, 11.102092128574526, 11.892053342755004, 11.762699992395925, 11.01135777277262], [1.5901413090401901, 0.5277777777777777, 1.5901413090401901, 2.2300210373806997, 3.0460711388140704, 4.530844224062007, 0.0, 1.5, 3.0, 4.5, 0.5780181124079113, 4.027777777777778, 0.5277777777777779, 1.5901413090401901, 3.0460711388140704, 4.530844224062007, 1.0555555555555558, 1.8341748910243532, 3.1802826180803803, 4.622142093322553, 1.5833333333333335, 2.181042054717067, 3.3921887395079366, 4.770423927120571, 2.111111111111111, 2.5897471157348146, 3.6683497820487063, 4.970592532430795, 2.6388888888888893, 3.0354134097188865, 3.9954642493584194, 5.216678499572428, 3.3292799429113207, 3.678117641228465, 3.166666666666667, 3.5039660069381067, 4.362084109434134, 5.50252467307306, 3.987344950350599, 4.759088122013126, 5.822277883533765, 3.986183700461779, 5.637246613615201, 4.480754455873158, 4.480754455873158, 4.74569330427827, 5.179494231469629, 6.170669371618217, 4.981214711292819, 5.618051263561058, 6.5431261641512, 5.2328497063629404, 6.578115606940305, 5.486796722278394, 6.070826819437772, 6.935772363018047, 5.9962050755992315, 6.534866127828632, 7.345371012320752, 6.508541396588879, 7.007932013876213, 7.769241347204444, 7.023164933205852, 7.488313941002498, 8.205171886012648, 7.539607351337714, 7.974689900701199, 8.651339723554132, 8.057518917825208, 8.466026878714189, 9.106240229156658, 8.1923843708385, 8.33132628510033, 8.576633487290259, 8.961508911746318, 9.568628009036022, 8.8148185877755, 9.09674511047431, 9.09674511047431, 9.23012546227746, 9.460484744712517, 10.03746838624851, 9.59025514922103, 9.716863602603718, 9.977791697589893, 10.74454354774472, 12.318341508297488, 10.394773134589258, 10.477525918971331, 11.210148896049727], [3.0460711388140704, 1.5901413090401901, 0.5277777777777777, 0.8502904369452199, 1.5901413090401901, 3.0460711388140704, 1.5, 0.0, 1.5, 3.0, 1.2586123065787993, 2.544207897786754, 1.5901413090401901, 0.5277777777777779, 1.5901413090401901, 3.0460711388140704, 1.8341748910243532, 1.0555555555555558, 1.8341748910243532, 3.1802826180803803, 2.181042054717067, 1.5833333333333335, 2.181042054717067, 3.3921887395079366, 2.5897471157348146, 2.111111111111111, 2.5897471157348146, 3.6683497820487063, 3.0354134097188865, 2.6388888888888893, 3.0354134097188865, 3.9954642493584194, 4.223044510571918, 3.0460711388140704, 3.5039660069381067, 3.166666666666667, 3.5039660069381067, 4.362084109434134, 3.6944444444444446, 3.987344950350599, 4.759088122013126, 4.140007306011326, 4.693458147540686, 5.179494231469629, 4.222222222222222, 4.274529791482521, 4.480754455873158, 5.179494231469629, 4.75, 4.981214711292819, 5.618051263561058, 5.350954685790445, 5.789784532974574, 5.277777777777778, 5.486796722278394, 6.070826819437772, 5.805555555555556, 5.9962050755992315, 6.534866127828632, 6.333333333333334, 6.508541396588879, 7.007932013876213, 6.861111111111112, 7.023164933205852, 7.488313941002498, 7.38888888888889, 7.539607351337714, 7.974689900701199, 7.916666666666667, 8.057518917825208, 8.466026878714189, 8.136219108336961, 8.449552459531128, 8.444444444444446, 8.576633487290259, 8.961508911746318, 8.95124318279359, 9.460484744712517, 8.972222222222221, 8.996955932390838, 9.09674511047431, 9.460484744712517, 9.935944536236123, 9.495653651624249, 10.040235413599316, 10.280817868700073, 11.57617374408892, 10.53209277060539, 10.537008559487651, 10.766496100013454], [4.530844224062007, 3.0460711388140704, 1.5901413090401901, 0.9864044946980396, 0.5277777777777777, 1.5901413090401901, 3.0, 1.5, 0.0, 1.5, 2.708155264801412, 1.1058905131885768, 3.0460711388140704, 1.5901413090401901, 0.5277777777777779, 1.5901413090401901, 3.1802826180803803, 1.8341748910243532, 1.0555555555555558, 1.8341748910243532, 3.3921887395079366, 2.181042054717067, 1.5833333333333335, 2.181042054717067, 3.6683497820487063, 2.5897471157348146, 2.111111111111111, 2.5897471157348146, 3.9954642493584194, 3.0354134097188865, 2.6388888888888893, 3.0354134097188865, 5.392968100987767, 3.0868348486299118, 4.362084109434134, 3.5039660069381067, 3.166666666666667, 3.5039660069381067, 3.987344950350599, 3.6944444444444446, 3.987344950350599, 4.784314004518011, 4.096162763210961, 6.170669371618217, 4.480754455873158, 4.303673423747625, 4.222222222222222, 4.480754455873158, 4.981214711292819, 4.75, 4.981214711292819, 5.86367768975945, 5.317104939557955, 5.486796722278394, 5.277777777777778, 5.486796722278394, 5.9962050755992315, 5.805555555555556, 5.9962050755992315, 6.508541396588879, 6.333333333333334, 6.508541396588879, 7.023164933205852, 6.861111111111112, 7.023164933205852, 7.539607351337714, 7.38888888888889, 7.539607351337714, 8.057518917825208, 7.916666666666667, 8.057518917825208, 8.353499929860302, 8.824900898249988, 8.576633487290259, 8.444444444444446, 8.576633487290259, 9.32997761517277, 10.03746838624851, 9.09674511047431, 9.010838809421834, 8.972222222222221, 9.09674511047431, 10.486800933895926, 9.50880845698371, 10.322612419368161, 10.022236080305767, 10.989725182716015, 10.876518180819543, 10.806412419610684, 10.519859232499497], [6.0231677199556755, 4.530844224062007, 3.0460711388140704, 2.392277957755013, 1.5901413090401901, 0.5277777777777777, 4.5, 3.0, 1.5, 0.0, 4.193340546422578, 0.6877454668411083, 4.530844224062007, 3.0460711388140704, 1.5901413090401901, 0.5277777777777779, 4.622142093322553, 3.1802826180803803, 1.8341748910243532, 1.0555555555555558, 4.770423927120571, 3.3921887395079366, 2.181042054717067, 1.5833333333333335, 4.970592532430795, 3.6683497820487063, 2.5897471157348146, 2.111111111111111, 5.216678499572428, 3.9954642493584194, 3.0354134097188865, 2.6388888888888893, 6.695827427455968, 3.778696783643278, 5.50252467307306, 4.362084109434134, 3.5039660069381067, 3.166666666666667, 4.759088122013126, 3.987344950350599, 3.6944444444444446, 5.756705698038346, 4.003567082329963, 7.336699564097413, 5.179494231469629, 4.824065188020536, 4.480754455873158, 4.222222222222222, 5.618051263561058, 4.981214711292819, 4.75, 6.68077211476209, 5.246103786456345, 6.070826819437772, 5.486796722278394, 5.277777777777778, 6.534866127828632, 5.9962050755992315, 5.805555555555556, 7.007932013876213, 6.508541396588879, 6.333333333333334, 7.488313941002498, 7.023164933205852, 6.861111111111112, 7.974689900701199, 7.539607351337714, 7.38888888888889, 8.466026878714189, 8.057518917825208, 7.916666666666667, 8.824050134574524, 9.426707535587296, 8.961508911746318, 8.576633487290259, 8.444444444444446, 9.923316486021253, 10.7935523163108, 9.460484744712517, 9.270664272282904, 9.09674511047431, 8.972222222222221, 11.212626535614234, 9.755379965516717, 10.807697588316108, 9.984749173083053, 10.584910043543658, 11.409308364084032, 11.270694272435751, 10.484151766910136], [2.0883273476902775, 1.0540925533894596, 1.5365907428821481, 2.0883273476902775, 2.8480012484391772, 4.28498671072748, 0.5780181124079113, 1.2586123065787993, 2.708155264801412, 4.193340546422578, 0.0, 3.666666666666667, 0.3379312516832341, 1.167988668979369, 2.6672453075906235, 4.167037020577595, 0.6718548123582124, 1.3043729868748777, 2.7297232256932, 4.207301853788113, 1.1600340565456166, 1.6111111111111114, 2.8888888888888893, 4.312270748961119, 1.6724436914989298, 2.011732562055545, 3.1300268211685616, 4.477395213875425, 2.1921577396609844, 2.4608038433722337, 3.435921354681384, 4.696334267868457, 3.100179206289712, 3.100179206289712, 2.714984709958537, 2.936178123906764, 3.790928906654495, 4.961969566140914, 3.426926780731364, 4.182562272159714, 5.2672409438427845, 3.5, 5.068968775248517, 4.174159928789398, 3.9272905559827263, 4.174159928789398, 4.601479230759508, 5.605676686280713, 4.434015542052204, 5.04088224690485, 5.971640798571235, 4.75, 6.000578675798231, 4.945146641773323, 5.495859833423881, 6.360383267433023, 5.4594464513864, 5.96284793999944, 6.767980168082318, 5.976096934279199, 6.439234004747866, 7.191226221438264, 6.494537115582528, 6.923078242059598, 7.627516787636656, 7.014370170506323, 7.412920402168696, 8.074737697838172, 7.535307836945407, 7.907645932736927, 8.531170154060394, 7.685878304350691, 7.862439122946487, 8.057135860316924, 8.406392702676039, 8.995412067915787, 8.351575363736229, 8.695464973830388, 8.579691784155834, 8.695464973830388, 8.908485343261844, 9.466314547441952, 9.184830488969903, 9.184830488969903, 9.5, 10.183046913593419, 11.740892475642546, 9.935224431987027, 10.0, 10.651030205780305], [5.5901699437494745, 4.123105625617661, 2.692582403567252, 2.0883273476902784, 1.4142135623730951, 1.118033988749895, 4.027777777777778, 2.544207897786754, 1.1058905131885768, 0.6877454668411083, 3.666666666666667, 0.0, 4.000385783865487, 2.500617207761533, 1.0015420209622192, 0.5030769521187454, 4.042310945211635, 2.567153633458227, 1.1577036657874837, 0.7682953714410741, 4.151453709393201, 2.7357938338322514, 1.4948471163415233, 1.2184284555256284, 4.322725620499577, 2.9893070752472815, 1.9198845772919413, 1.7134633903656817, 4.549114687985393, 3.308238873546535, 2.386303510546059, 2.2236106773543893, 6.041522986797286, 3.100179206289713, 4.822865420494079, 3.6755993884259928, 2.874026942148861, 2.7404435524559765, 4.078322700496212, 3.373828100153106, 3.26078457573982, 5.068968775248517, 3.5, 6.656763477847174, 4.5069390943299865, 4.174159928789399, 3.881043674065006, 3.783186487605389, 4.954733364778511, 4.393106271882048, 4.306899431847624, 6.000578675798231, 4.75, 5.416951559459514, 4.908499179742304, 4.831497096918393, 5.890199015690764, 5.426273532033236, 5.356719559996066, 6.372018789739256, 5.945807216584652, 5.882399464231423, 6.860605019571372, 6.466676212287724, 6.408424239590253, 7.354609287907672, 6.988581957577503, 6.934715407122184, 7.85300917396763, 7.511308347180254, 7.461216595597514, 8.19876902121008, 8.778181289771076, 8.355018082595265, 8.03469521266948, 7.98788627613675, 9.27698053554574, 10.124228365658293, 8.860022573334675, 8.695464973830388, 8.558621384311845, 8.514693182963201, 10.547511554864494, 9.184830488969903, 10.183046913593419, 9.5, 10.241499173915207, 10.77599643252891, 10.651030205780305, 10.0], [1.8341748910243532, 1.0555555555555556, 1.8341748910243532, 2.410112440387095, 3.1802826180803803, 4.622142093322553, 0.5277777777777779, 1.5901413090401901, 3.0460711388140704, 4.530844224062007, 0.3379312516832341, 4.000385783865487, 0.0, 1.5, 3.0, 4.5, 0.5277777777777779, 1.5901413090401901, 3.0460711388140704, 4.530844224062007, 1.0555555555555556, 1.8341748910243532, 3.1802826180803803, 4.622142093322553, 1.5833333333333333, 2.181042054717067, 3.3921887395079366, 4.77042392712057, 2.1111111111111116, 2.5897471157348146, 3.6683497820487063, 4.970592532430795, 2.867979888697846, 3.266458799130911, 2.6388888888888893, 3.0354134097188865, 3.9954642493584194, 5.216678499572428, 3.5039660069381067, 4.362084109434134, 5.50252467307306, 3.460535889421653, 5.278654897875423, 3.987344950350599, 3.987344950350599, 4.282915385287324, 4.759088122013126, 5.822277883533765, 4.480754455873158, 5.179494231469629, 6.170669371618217, 4.706263884769576, 6.167479926353657, 4.981214711292819, 5.618051263561058, 6.5431261641512, 5.486796722278395, 6.070826819437773, 6.935772363018048, 5.9962050755992315, 6.534866127828632, 7.345371012320752, 6.508541396588879, 7.007932013876213, 7.769241347204444, 7.0231649332058526, 7.488313941002498, 8.205171886012648, 7.539607351337713, 7.974689900701198, 8.651339723554132, 7.669308598586373, 7.803580433421278, 8.05751891782521, 8.46602687871419, 9.10624022915666, 8.287052924585971, 8.576633487290257, 8.576633487290257, 8.717974903597343, 8.961508911746316, 9.56862800903602, 9.069348731841393, 9.20312614627212, 9.450324966651076, 10.256584756350309, 11.877815762126971, 9.867106562961503, 9.950029468285663, 10.718767434208187], [3.1802826180803803, 1.8341748910243532, 1.0555555555555556, 1.2484558363469014, 1.8341748910243532, 3.1802826180803803, 1.5901413090401901, 0.5277777777777779, 1.5901413090401901, 3.0460711388140704, 1.167988668979369, 2.500617207761533, 1.5, 0.0, 1.5, 3.0, 1.5901413090401901, 0.5277777777777779, 1.5901413090401901, 3.0460711388140704, 1.8341748910243532, 1.0555555555555556, 1.8341748910243532, 3.1802826180803803, 2.181042054717067, 1.5833333333333333, 2.181042054717067, 3.3921887395079366, 2.5897471157348146, 2.1111111111111116, 2.5897471157348146, 3.6683497820487063, 3.869794392726222, 2.5337231668869733, 3.0354134097188865, 2.6388888888888893, 3.0354134097188865, 3.9954642493584194, 3.166666666666667, 3.5039660069381067, 4.362084109434134, 3.636661744234032, 4.256077716732179, 4.759088122013126, 3.6944444444444446, 3.7541129708002745, 3.987344950350599, 4.759088122013126, 4.222222222222222, 4.480754455873158, 5.179494231469629, 4.837242990907778, 5.318628454966121, 4.75, 4.981214711292819, 5.618051263561058, 5.277777777777779, 5.486796722278395, 6.070826819437773, 5.805555555555556, 5.9962050755992315, 6.534866127828632, 6.333333333333334, 6.508541396588879, 7.007932013876213, 6.8611111111111125, 7.0231649332058526, 7.488313941002498, 7.388888888888889, 7.539607351337713, 7.974689900701198, 7.6092834143340635, 7.929678850901863, 7.916666666666668, 8.05751891782521, 8.46602687871419, 8.43202075169441, 8.961508911746316, 8.444444444444445, 8.470719356687075, 8.576633487290257, 8.961508911746316, 9.43414471055819, 8.969254755228972, 9.516230449884484, 9.769725219482764, 11.106249066058297, 10.011666271600234, 10.012646324511472, 10.25387611143425], [4.622142093322553, 3.1802826180803803, 1.8341748910243532, 1.3448576041011342, 1.0555555555555556, 1.8341748910243532, 3.0460711388140704, 1.5901413090401901, 0.5277777777777779, 1.5901413090401901, 2.6672453075906235, 1.0015420209622192, 3.0, 1.5, 0.0, 1.5, 3.0460711388140704, 1.5901413090401901, 0.5277777777777779, 1.5901413090401901, 3.1802826180803803, 1.8341748910243532, 1.0555555555555556, 1.8341748910243532, 3.3921887395079366, 2.181042054717067, 1.5833333333333333, 2.181042054717067, 3.6683497820487063, 2.5897471157348146, 2.1111111111111116, 2.5897471157348146, 5.121065186264993, 2.582586510926547, 3.9954642493584194, 3.0354134097188865, 2.6388888888888893, 3.0354134097188865, 3.5039660069381067, 3.166666666666667, 3.5039660069381067, 4.3560657297583685, 3.586669420348661, 5.822277883533765, 3.987344950350599, 3.787263418027701, 3.6944444444444446, 3.987344950350599, 4.480754455873158, 4.222222222222222, 4.480754455873158, 5.398973953732915, 4.799771728111172, 4.981214711292819, 4.75, 4.981214711292819, 5.486796722278395, 5.277777777777779, 5.486796722278395, 5.9962050755992315, 5.805555555555556, 5.9962050755992315, 6.508541396588879, 6.333333333333334, 6.508541396588879, 7.0231649332058526, 6.8611111111111125, 7.0231649332058526, 7.539607351337713, 7.388888888888889, 7.539607351337713, 7.841179361484345, 8.328490005757656, 8.05751891782521, 7.916666666666668, 8.05751891782521, 8.833046005717472, 9.56862800903602, 8.576633487290257, 8.485463241317653, 8.444444444444445, 8.576633487290257, 10.012646324511472, 8.983180442593676, 9.813696651889575, 9.497238065048045, 10.493570858178337, 10.373385712628133, 10.295780029689498, 9.994597305976963], [6.092142277628141, 4.622142093322553, 3.1802826180803803, 2.560984571470247, 1.8341748910243532, 1.0555555555555556, 4.530844224062007, 3.0460711388140704, 1.5901413090401901, 0.5277777777777779, 4.167037020577595, 0.5030769521187454, 4.5, 3.0, 1.5, 0.0, 4.530844224062007, 3.0460711388140704, 1.5901413090401901, 0.5277777777777779, 4.622142093322553, 3.1802826180803803, 1.8341748910243532, 1.0555555555555556, 4.77042392712057, 3.3921887395079366, 2.181042054717067, 1.5833333333333333, 4.970592532430795, 3.6683497820487063, 2.5897471157348146, 2.1111111111111116, 6.478835438717001, 3.379312516832345, 5.216678499572428, 3.9954642493584194, 3.0354134097188865, 2.6388888888888893, 4.362084109434134, 3.5039660069381067, 3.166666666666667, 5.40604371439737, 3.4805455794837967, 7.0461989578131, 4.759088122013126, 4.369595427214157, 3.987344950350599, 3.6944444444444446, 5.179494231469629, 4.480754455873158, 4.222222222222222, 6.276855881178603, 4.7209965729679695, 5.618051263561058, 4.981214711292819, 4.75, 6.070826819437773, 5.486796722278395, 5.277777777777779, 6.534866127828632, 5.9962050755992315, 5.805555555555556, 7.007932013876213, 6.508541396588879, 6.333333333333334, 7.488313941002498, 7.0231649332058526, 6.8611111111111125, 7.974689900701198, 7.539607351337713, 7.388888888888889, 8.340683034277026, 8.963687013365096, 8.46602687871419, 8.05751891782521, 7.916666666666668, 9.45761225263743, 10.358988462939259, 8.961508911746316, 8.760883883476204, 8.576633487290257, 8.444444444444445, 10.770472896755884, 9.243783363114776, 10.322724542256692, 9.457670477670362, 10.068827657373946, 10.930727366100447, 10.782072454762725, 9.957006342703712], [2.181042054717067, 1.5833333333333335, 2.181042054717067, 2.6835403646841027, 3.3921887395079366, 4.770423927120571, 1.0555555555555558, 1.8341748910243532, 3.1802826180803803, 4.622142093322553, 0.6718548123582124, 4.042310945211635, 0.5277777777777779, 1.5901413090401901, 3.0460711388140704, 4.530844224062007, 0.0, 1.5, 3.0, 4.5, 0.5277777777777777, 1.5901413090401901, 3.0460711388140704, 4.530844224062007, 1.0555555555555554, 1.834174891024353, 3.1802826180803803, 4.622142093322553, 1.5833333333333335, 2.181042054717067, 3.3921887395079366, 4.770423927120571, 2.4338469777517053, 2.8927591596182967, 2.111111111111111, 2.5897471157348146, 3.6683497820487063, 4.970592532430795, 3.035413409718886, 3.995464249358419, 5.216678499572428, 2.9356524923014224, 4.950448913426381, 3.5039660069381062, 3.5039660069381062, 3.836954811073779, 4.362084109434134, 5.50252467307306, 3.9873449503505984, 4.759088122013125, 5.822277883533765, 4.179978734661484, 5.7759078170544855, 4.480754455873157, 5.179494231469628, 6.170669371618216, 4.981214711292819, 5.618051263561058, 6.5431261641512, 5.486796722278395, 6.070826819437773, 6.935772363018048, 5.996205075599231, 6.534866127828631, 7.345371012320751, 6.508541396588879, 7.007932013876213, 7.769241347204444, 7.023164933205851, 7.488313941002496, 8.205171886012646, 7.146924222809063, 7.2758392133402205, 7.539607351337713, 7.974689900701198, 8.651339723554132, 7.759288909418015, 8.057518917825208, 8.057518917825208, 8.207804551495823, 8.466026878714189, 9.106240229156658, 8.549285220284663, 8.691071408187957, 8.922895020987053, 9.772765445074615, 11.444674561054635, 9.339452558663677, 9.422564524704631, 10.23101222319234], [3.3921887395079366, 2.181042054717067, 1.5833333333333335, 1.717960677340692, 2.181042054717067, 3.3921887395079366, 1.8341748910243532, 1.0555555555555558, 1.8341748910243532, 3.1802826180803803, 1.3043729868748777, 2.567153633458227, 1.5901413090401901, 0.5277777777777779, 1.5901413090401901, 3.0460711388140704, 1.5, 0.0, 1.5, 3.0, 1.5901413090401901, 0.5277777777777777, 1.5901413090401901, 3.0460711388140704, 1.834174891024353, 1.0555555555555554, 1.834174891024353, 3.1802826180803803, 2.181042054717067, 1.5833333333333335, 2.181042054717067, 3.3921887395079366, 3.5600015605489714, 2.0292992769809866, 2.5897471157348146, 2.111111111111111, 2.5897471157348146, 3.6683497820487063, 2.638888888888889, 3.035413409718886, 3.995464249358419, 3.1413461374951273, 3.8414768572053695, 4.362084109434134, 3.1666666666666665, 3.236081306491266, 3.5039660069381062, 4.362084109434134, 3.694444444444444, 3.9873449503505984, 4.759088122013125, 4.32691832858239, 4.85912657903775, 4.222222222222221, 4.480754455873157, 5.179494231469628, 4.75, 4.981214711292819, 5.618051263561058, 5.277777777777779, 5.486796722278395, 6.070826819437773, 5.805555555555555, 5.996205075599231, 6.534866127828631, 6.333333333333334, 6.508541396588879, 7.007932013876213, 6.861111111111111, 7.023164933205851, 7.488313941002496, 7.0824731235553235, 7.410922706110496, 7.388888888888889, 7.539607351337713, 7.974689900701198, 7.913930260113092, 8.466026878714189, 7.916666666666666, 7.944687253476725, 8.057518917825208, 8.466026878714189, 8.935338705263375, 8.443028024484, 8.992666765512638, 9.260504545889734, 10.641749707954043, 9.49205160671755, 9.488662825826525, 9.742874889431308], [4.770423927120571, 3.3921887395079366, 2.181042054717067, 1.7892425461319912, 1.5833333333333335, 2.181042054717067, 3.1802826180803803, 1.8341748910243532, 1.0555555555555558, 1.8341748910243532, 2.7297232256932, 1.1577036657874837, 3.0460711388140704, 1.5901413090401901, 0.5277777777777779, 1.5901413090401901, 3.0, 1.5, 0.0, 1.5, 3.0460711388140704, 1.5901413090401901, 0.5277777777777777, 1.5901413090401901, 3.1802826180803803, 1.834174891024353, 1.0555555555555554, 1.834174891024353, 3.3921887395079366, 2.181042054717067, 1.5833333333333335, 2.181042054717067, 4.891176863609729, 2.0899893673307424, 3.6683497820487063, 2.5897471157348146, 2.111111111111111, 2.5897471157348146, 3.035413409718886, 2.638888888888889, 3.035413409718886, 3.9519685671264586, 3.083333333333333, 5.50252467307306, 3.5039660069381062, 3.2744804507314167, 3.1666666666666665, 3.5039660069381062, 3.9873449503505984, 3.694444444444444, 3.9873449503505984, 4.94694069321861, 4.2849867107274795, 4.480754455873157, 4.222222222222221, 4.480754455873157, 4.981214711292819, 4.75, 4.981214711292819, 5.486796722278395, 5.277777777777779, 5.486796722278395, 5.996205075599231, 5.805555555555555, 5.996205075599231, 6.508541396588879, 6.333333333333334, 6.508541396588879, 7.023164933205851, 6.861111111111111, 7.023164933205851, 7.331052124026407, 7.836179838001996, 7.539607351337713, 7.388888888888889, 7.539607351337713, 8.33990527188708, 9.106240229156658, 8.057518917825208, 7.960405489392833, 7.916666666666666, 8.057518917825208, 9.544122682456349, 8.457820181478334, 9.306882160828918, 8.972566212876027, 10.000654872808521, 9.872827017306086, 9.786966957245856, 9.469615151161694], [6.205396397043821, 4.770423927120571, 3.3921887395079366, 2.8198207192814393, 2.181042054717067, 1.5833333333333335, 4.622142093322553, 3.1802826180803803, 1.8341748910243532, 1.0555555555555558, 4.207301853788113, 0.7682953714410741, 4.530844224062007, 3.0460711388140704, 1.5901413090401901, 0.5277777777777779, 4.5, 3.0, 1.5, 0.0, 4.530844224062007, 3.0460711388140704, 1.5901413090401901, 0.5277777777777777, 4.622142093322553, 3.1802826180803803, 1.834174891024353, 1.0555555555555554, 4.770423927120571, 3.3921887395079366, 2.181042054717067, 1.5833333333333335, 6.298699160232303, 3.0196118219989065, 4.970592532430795, 3.6683497820487063, 2.5897471157348146, 2.111111111111111, 3.995464249358419, 3.035413409718886, 2.638888888888889, 5.086064839889043, 2.959213484094117, 6.784377479015873, 4.362084109434134, 3.933474573735316, 3.5039660069381062, 3.1666666666666665, 4.759088122013125, 3.9873449503505984, 3.694444444444444, 5.892556509887896, 4.196559437338057, 5.179494231469628, 4.480754455873157, 4.222222222222221, 5.618051263561058, 4.981214711292819, 4.75, 6.070826819437773, 5.486796722278395, 5.277777777777779, 6.534866127828631, 5.996205075599231, 5.805555555555555, 7.007932013876213, 6.508541396588879, 6.333333333333334, 7.488313941002496, 7.023164933205851, 6.861111111111111, 7.863028992983598, 8.50821094890541, 7.974689900701198, 7.539607351337713, 7.388888888888889, 8.99876367764851, 9.933459171462431, 8.466026878714189, 8.253366316573834, 8.057518917825208, 7.916666666666666, 10.336357084475061, 8.734112560656762, 9.842157058061792, 8.930674355525703, 9.55402317996548, 10.456882084192628, 10.297316263096041, 9.429931659938534], [2.5897471157348146, 2.111111111111111, 2.5897471157348146, 3.0251007533471066, 3.6683497820487063, 4.970592532430795, 1.5833333333333335, 2.181042054717067, 3.3921887395079366, 4.770423927120571, 1.1600340565456166, 4.151453709393201, 1.0555555555555556, 1.8341748910243532, 3.1802826180803803, 4.622142093322553, 0.5277777777777777, 1.5901413090401901, 3.0460711388140704, 4.530844224062007, 0.0, 1.5, 3.0, 4.5, 0.5277777777777777, 1.5901413090401901, 3.0460711388140704, 4.530844224062007, 1.0555555555555558, 1.8341748910243532, 3.1802826180803803, 4.622142093322553, 2.044263276997122, 2.5736077382001037, 1.5833333333333335, 2.181042054717067, 3.3921887395079366, 4.770423927120571, 2.5897471157348146, 3.6683497820487063, 4.970592532430795, 2.4120325940102676, 4.659054638385001, 3.035413409718886, 3.035413409718886, 3.4144075638894775, 3.995464249358419, 5.216678499572428, 3.5039660069381062, 4.362084109434134, 5.50252467307306, 3.654124170959455, 5.407542172344013, 3.9873449503505984, 4.759088122013125, 5.822277883533765, 4.480754455873159, 5.179494231469629, 6.170669371618217, 4.981214711292819, 5.618051263561058, 6.5431261641512, 5.486796722278395, 6.070826819437773, 6.935772363018048, 5.996205075599232, 6.534866127828633, 7.3453710123207525, 6.508541396588879, 7.007932013876213, 7.769241347204444, 6.625394786594312, 6.748103711511492, 7.0231649332058526, 7.488313941002498, 8.205171886012648, 7.231526903094397, 7.539607351337713, 7.539607351337713, 7.700008016670511, 7.974689900701198, 8.651339723554132, 8.03022838412673, 8.18101536153545, 8.395508793470148, 9.293732123863021, 11.019788705020728, 8.811813379302421, 8.89513669316686, 9.747427644205027], [3.6683497820487063, 2.5897471157348146, 2.111111111111111, 2.2138732050190306, 2.5897471157348146, 3.6683497820487063, 2.181042054717067, 1.5833333333333335, 2.181042054717067, 3.3921887395079366, 1.6111111111111114, 2.7357938338322514, 1.8341748910243532, 1.0555555555555556, 1.8341748910243532, 3.1802826180803803, 1.5901413090401901, 0.5277777777777777, 1.5901413090401901, 3.0460711388140704, 1.5, 0.0, 1.5, 3.0, 1.5901413090401901, 0.5277777777777777, 1.5901413090401901, 3.0460711388140704, 1.8341748910243532, 1.0555555555555558, 1.8341748910243532, 3.1802826180803803, 3.305905677069298, 1.5406027359846717, 2.181042054717067, 1.5833333333333335, 2.181042054717067, 3.3921887395079366, 2.111111111111111, 2.5897471157348146, 3.6683497820487063, 2.6585524697789773, 3.457859182132319, 3.995464249358419, 2.638888888888889, 2.721797018946431, 3.035413409718886, 3.995464249358419, 3.1666666666666665, 3.5039660069381062, 4.362084109434134, 3.8213379144993347, 4.414919290958671, 3.694444444444444, 3.9873449503505984, 4.759088122013125, 4.222222222222223, 4.480754455873159, 5.179494231469629, 4.75, 4.981214711292819, 5.618051263561058, 5.277777777777779, 5.486796722278395, 6.070826819437773, 5.805555555555557, 5.996205075599232, 6.534866127828633, 6.333333333333334, 6.508541396588879, 7.007932013876213, 6.555818467402806, 6.893536305763542, 6.8611111111111125, 7.0231649332058526, 7.488313941002498, 7.3972095503841375, 7.974689900701198, 7.388888888888889, 7.418903116821928, 7.539607351337713, 7.974689900701198, 8.440057339925753, 7.917007789921582, 8.469626196074687, 8.753482552111672, 10.183418097161251, 8.973389807687667, 8.965124471535432, 9.233761188108145], [4.970592532430795, 3.6683497820487063, 2.5897471157348146, 2.269633135090611, 2.111111111111111, 2.5897471157348146, 3.3921887395079366, 2.181042054717067, 1.5833333333333335, 2.181042054717067, 2.8888888888888893, 1.4948471163415233, 3.1802826180803803, 1.8341748910243532, 1.0555555555555556, 1.8341748910243532, 3.0460711388140704, 1.5901413090401901, 0.5277777777777777, 1.5901413090401901, 3.0, 1.5, 0.0, 1.5, 3.0460711388140704, 1.5901413090401901, 0.5277777777777777, 1.5901413090401901, 3.1802826180803803, 1.8341748910243532, 1.0555555555555558, 1.8341748910243532, 4.709459878338387, 1.6197088596792504, 3.3921887395079366, 2.181042054717067, 1.5833333333333335, 2.181042054717067, 2.5897471157348146, 2.111111111111111, 2.5897471157348146, 3.580209663492894, 2.589747115734814, 5.216678499572428, 3.035413409718886, 2.7673415062737883, 2.638888888888889, 3.035413409718886, 3.5039660069381062, 3.1666666666666665, 3.5039660069381062, 4.511388196197499, 3.7737928329041877, 3.9873449503505984, 3.694444444444444, 3.9873449503505984, 4.480754455873159, 4.222222222222223, 4.480754455873159, 4.981214711292819, 4.75, 4.981214711292819, 5.486796722278395, 5.277777777777779, 5.486796722278395, 5.996205075599232, 5.805555555555557, 5.996205075599232, 6.508541396588879, 6.333333333333334, 6.508541396588879, 6.8236101498289194, 7.348794587988219, 7.0231649332058526, 6.8611111111111125, 7.0231649332058526, 7.851269764465525, 8.651339723554132, 7.539607351337713, 7.435732879601723, 7.388888888888889, 7.539607351337713, 9.082101513484343, 7.932780870897608, 8.802531902880817, 8.448281292080862, 9.511480703858897, 9.375254356537356, 9.280272452364935, 8.944962027812771], [6.3605652361607605, 4.970592532430795, 3.6683497820487063, 3.1466227241125106, 2.5897471157348146, 2.111111111111111, 4.770423927120571, 3.3921887395079366, 2.181042054717067, 1.5833333333333335, 4.312270748961119, 1.2184284555256284, 4.622142093322553, 3.1802826180803803, 1.8341748910243532, 1.0555555555555556, 4.530844224062007, 3.0460711388140704, 1.5901413090401901, 0.5277777777777777, 4.5, 3.0, 1.5, 0.0, 4.530844224062007, 3.0460711388140704, 1.5901413090401901, 0.5277777777777777, 4.622142093322553, 3.1802826180803803, 1.8341748910243532, 1.0555555555555558, 6.1586534523123655, 2.715410979966653, 4.770423927120571, 3.3921887395079366, 2.181042054717067, 1.5833333333333335, 3.6683497820487063, 2.5897471157348146, 2.111111111111111, 4.802905499233553, 2.4406536262765326, 6.5546727277493595, 3.995464249358419, 3.522524522603878, 3.035413409718886, 2.638888888888889, 4.362084109434134, 3.5039660069381062, 3.1666666666666665, 5.531963797494532, 3.673079409116962, 4.759088122013125, 3.9873449503505984, 3.694444444444444, 5.179494231469629, 4.480754455873159, 4.222222222222223, 5.618051263561058, 4.981214711292819, 4.75, 6.070826819437773, 5.486796722278395, 5.277777777777779, 6.534866127828633, 5.996205075599232, 5.805555555555557, 7.007932013876213, 6.508541396588879, 6.333333333333334, 7.392195558571001, 8.06155822369409, 7.488313941002498, 7.0231649332058526, 6.8611111111111125, 8.547874864346506, 9.518176244026252, 7.974689900701198, 7.748556217566608, 7.539607351337713, 7.388888888888889, 9.911335323821639, 8.226725493516787, 9.366673256884463, 8.403776341034039, 9.040714917426, 9.988446518795223, 9.816998359484607, 8.902940282794912], [3.035413409718886, 2.63