totalHoles = 90;
zeroHoleID = 47;
C = [[0.0, 2.5, 5.0, 7.5, 8.0, 0.5, 2.5495097567963922, 3.0413812651491097, 5.024937810560445, 7.516648189186454, 8.0156097709407, 1.0454545454545454, 2.709792465597978, 5.108128346724617, 7.572514457339224, 5.373010203456772, 5.70087712549569, 2.090909090909091, 3.259125776407882, 5.419584931195956, 7.786006731723668, 3.686710828732554, 8.282018880363282, 3.1363636363636362, 4.010832439719233, 5.902268789161006, 8.129377396793934, 6.3346310879488605, 4.830282875056204, 8.850515954059471, 4.181818181818182, 4.872125132402196, 6.518251552815764, 8.587060224884015, 7.290614598543103, 5.227272727272727, 5.794340356355437, 7.233559301290703, 9.141902436872167, 5.273755777432247, 6.202369527454975, 9.667956751822075, 6.848495798797035, 7.2684960380694035, 6.2727272727272725, 6.752563027326478, 8.021664879438466, 9.777377329223647, 8.460291402324444, 7.681477855257823, 10.67731717431005, 7.318181818181818, 7.733420014713215, 8.86317015090915, 10.478825560336757, 9.767187885142452, 8.363636363636363, 8.729284805935736, 9.744250264804393, 11.233895727802555, 9.216223495022465, 11.82957207637724, 10.19602997320102, 9.409090909090908, 9.735552975334127, 10.655092291272618, 12.032497319157697, 11.16321400577699, 11.672349209037975, 10.782875690800916, 13.0870320609092, 10.454545454545453, 10.749303263986787, 11.588680712710874, 12.866527140652872, 11.368143818475865, 12.618822998899343, 11.5, 11.76860229593982, 12.539936203984453, 13.729530217745982, 14.0089257261219, 12.0, 12.257650672131263, 12.36931687685298, 13.0, 14.150971698084906, 14.422205101855956, 13.009611831257688, 14.115594213493104], [2.5, 0.0, 2.5, 5.0, 5.5, 2.5495097567963922, 0.5, 0.7071067811865476, 2.5495097567963922, 5.024937810560445, 5.522680508593631, 2.709792465597978, 1.0454545454545454, 2.709792465597978, 5.108128346724617, 3.028851434122654, 3.3541019662496847, 3.259125776407882, 2.090909090909091, 3.259125776407882, 5.419584931195956, 2.2004174001070513, 5.902697411751163, 4.010832439719233, 3.1363636363636362, 4.010832439719233, 5.902268789161006, 4.344830378784443, 3.8185904013210465, 6.676947854601026, 4.872125132402196, 4.181818181818182, 4.872125132402196, 6.518251552815764, 5.648279492419777, 5.794340356355437, 5.227272727272727, 5.794340356355437, 7.233559301290703, 5.618051263561058, 5.451549115169196, 7.7278320216670116, 5.736577786805648, 6.336247065250772, 6.752563027326478, 6.2727272727272725, 6.752563027326478, 8.021664879438466, 7.094119438820078, 7.08908330045686, 8.958521197207512, 7.733420014713215, 7.318181818181818, 7.733420014713215, 8.86317015090915, 8.61092092541056, 8.729284805935736, 8.363636363636363, 8.729284805935736, 9.744250264804393, 8.72861819019506, 10.304793812115024, 9.23180198239766, 9.735552975334127, 9.409090909090908, 9.735552975334127, 10.655092291272618, 10.166973342090335, 10.747913149975567, 10.369204798983638, 11.726909574276817, 10.749303263986787, 10.454545454545453, 10.749303263986787, 11.588680712710874, 11.531898971008678, 11.746688634570638, 11.76860229593982, 11.5, 11.76860229593982, 12.539936203984453, 12.747548783981962, 12.257650672131263, 12.0, 12.010412149464313, 12.257650672131263, 13.0, 13.200378782444085, 13.152946437965905, 13.341664064126334], [5.0, 2.5, 0.0, 2.5, 3.0, 5.024937810560445, 2.5495097567963922, 2.0615528128088303, 0.5, 2.5495097567963922, 3.0413812651491097, 5.108128346724617, 2.709792465597978, 1.0454545454545454, 2.709792465597978, 1.4066425891189018, 1.5811388300841898, 5.419584931195956, 3.259125776407882, 2.090909090909091, 3.259125776407882, 2.931183504097598, 3.686710828732554, 5.902268789161006, 4.010832439719233, 3.1363636363636362, 4.010832439719233, 3.182381344277923, 4.28154559161306, 4.830282875056204, 6.518251552815764, 4.872125132402196, 4.181818181818182, 4.872125132402196, 4.8117627980283695, 7.233559301290703, 5.794340356355437, 5.227272727272727, 5.794340356355437, 6.914658342969665, 5.78527335180474, 6.202369527454975, 5.604886680567532, 6.321789231567866, 8.021664879438466, 6.752563027326478, 6.2727272727272725, 6.752563027326478, 6.447986554905717, 7.348816370056904, 7.681477855257823, 8.86317015090915, 7.733420014713215, 7.318181818181818, 7.733420014713215, 8.086900468268016, 9.744250264804393, 8.729284805935736, 8.363636363636363, 8.729284805935736, 8.940848701896487, 9.216223495022465, 8.887817981371418, 10.655092291272618, 9.735552975334127, 9.409090909090908, 9.735552975334127, 9.727144850302967, 10.358162872879824, 10.548478950221464, 10.782875690800916, 11.588680712710874, 10.749303263986787, 10.454545454545453, 10.749303263986787, 12.216165268919335, 11.368143818475865, 12.539936203984453, 11.76860229593982, 11.5, 11.76860229593982, 11.884864324004713, 13.0, 12.257650672131263, 12.165525060596439, 12.0, 12.257650672131263, 12.36931687685298, 13.756816492197604, 13.009611831257688], [7.5, 5.0, 2.5, 0.0, 0.5, 7.516648189186454, 5.024937810560445, 4.527692569068709, 2.5495097567963922, 0.5, 0.7071067811865476, 7.572514457339224, 5.108128346724617, 2.709792465597978, 1.0454545454545454, 2.6987674477545114, 2.5, 7.786006731723668, 5.419584931195956, 3.259125776407882, 2.090909090909091, 4.984158578405574, 2.2004174001070513, 8.129377396793934, 5.902268789161006, 4.010832439719233, 3.1363636363636362, 3.725258517258656, 5.880614989357936, 3.8185904013210465, 8.587060224884015, 6.518251552815764, 4.872125132402196, 4.181818181818182, 5.186816097037739, 9.141902436872167, 7.233559301290703, 5.794340356355437, 5.227272727272727, 8.75, 7.05119761140631, 5.451549115169196, 6.513154742514157, 7.230630076614059, 9.777377329223647, 8.021664879438466, 6.752563027326478, 6.2727272727272725, 6.732498095970388, 8.381831663831976, 7.08908330045686, 10.478825560336757, 8.86317015090915, 7.733420014713215, 7.318181818181818, 8.315525189888698, 11.233895727802555, 9.744250264804393, 8.729284805935736, 8.363636363636363, 9.807587649886393, 8.72861819019506, 9.233658489340879, 12.032497319157697, 10.655092291272618, 9.735552975334127, 9.409090909090908, 9.91803140440559, 10.562454218731283, 11.292493443135813, 10.369204798983638, 12.866527140652872, 11.588680712710874, 10.749303263986787, 10.454545454545453, 13.341090430603902, 11.531898971008678, 13.729530217745982, 12.539936203984453, 11.76860229593982, 11.5, 11.510864433221338, 14.150971698084906, 13.0, 12.816005617976296, 12.257650672131263, 12.0, 12.010412149464313, 14.7648230602334, 13.152946437965905], [8.0, 5.5, 3.0, 0.5, 0.0, 8.0156097709407, 5.522680508593631, 5.024937810560445, 3.0413812651491097, 0.7071067811865476, 0.5, 8.068021765377903, 5.5984797228007865, 3.1769443190921005, 1.1588680712710875, 3.137560550772949, 2.9154759474226504, 8.268730303163013, 5.884037799542614, 3.6567609747488663, 2.1498606527973574, 5.439837932759934, 2.1428571428571423, 8.592832877433619, 6.33141191674528, 4.340135580774422, 3.1759686490115313, 4.015912227677314, 6.27149365407167, 3.7857142857142865, 9.027048427131934, 6.909240429004126, 5.146610856261149, 4.211603412690364, 5.399357482561217, 9.556379030013892, 7.587778341865901, 6.026971060598288, 5.251131322418937, 9.154916711800277, 7.380337916051138, 5.428571428571429, 6.791352641375717, 7.499693976965294, 10.165977938103964, 8.342488084379656, 6.9532084276265245, 6.292623255687292, 6.897574255652845, 8.660548599298796, 7.071428571428571, 10.842314564887284, 9.154549968401884, 7.909221524522305, 7.3352426765558985, 8.449731308371495, 11.573694882065126, 10.010015645499285, 8.885404505318848, 8.378568685828176, 10.04682912715271, 8.714285714285715, 9.381571148977896, 12.35034379017593, 10.898669264434863, 9.87577803190904, 9.422366567669567, 10.030819853769458, 10.673341525835848, 11.500887277217585, 10.357142857142858, 13.164251617967388, 11.813023349725379, 10.876466368318205, 10.46649514695139, 13.610095292743216, 11.62904526939125, 14.0089257261219, 12.747548783981962, 11.884864324004713, 11.510864433221338, 11.5, 14.422205101855956, 13.200378782444085, 13.0, 12.36931687685298, 12.010412149464313, 12.0, 15.008331019803634, 13.238202294873727], [0.5, 2.5495097567963922, 5.024937810560445, 7.516648189186454, 8.0156097709407, 0.0, 2.5, 3.0, 5.0, 7.5, 8.0, 0.5454545454545454, 2.5588123536431944, 5.0296640704083835, 7.51980855216122, 5.265487557223159, 5.5901699437494745, 1.5909090909090908, 2.9632738205466587, 5.246998354825089, 7.666876269742273, 3.420377112517965, 8.166944324031892, 2.6363636363636362, 3.633237292435012, 5.652469656985387, 7.94986875508901, 6.102023752621012, 4.449260429256411, 8.648463352951607, 3.6818181818181817, 4.450369099745204, 6.209330489188584, 8.354985644749304, 6.972614067821015, 4.727272727272727, 5.347626336798086, 6.880923443696822, 8.865500969376548, 4.7762432936357, 5.76981943621554, 9.396319296752884, 6.452001716138701, 6.846662504931892, 5.7727272727272725, 6.29081713017389, 7.637040013335615, 9.464374261687313, 8.086900468268016, 7.223826788440303, 10.352954818281964, 6.818181818181818, 7.262066049395663, 8.455034198971942, 10.1359559640808, 9.358233306145177, 7.863636363636363, 8.251471193642024, 9.318625266610098, 10.86677398584806, 8.744969399370039, 11.466232589474119, 9.763258159762772, 8.909090909090908, 9.253210298401646, 10.216256693449234, 11.645681638549384, 10.730939438114904, 11.231345236202003, 10.30355595443255, 12.695009464593655, 9.954545454545453, 10.263672598373914, 11.139702653419953, 12.463666202470746, 10.868649917096795, 12.170766246231508, 11.0, 11.280514172678478, 12.083045973594572, 13.313526955694348, 13.601470508735444, 11.5, 11.76860229593982, 11.884864324004713, 12.539936203984453, 13.729530217745982, 14.0089257261219, 12.509996003196804, 13.656500283747663], [2.5495097567963922, 0.5, 2.5495097567963922, 5.024937810560445, 5.522680508593631, 2.5, 0.0, 0.5, 2.5, 5.0, 5.5, 2.5588123536431944, 0.5454545454545454, 2.5588123536431944, 5.0296640704083835, 2.833736328384874, 3.1622776601683795, 2.9632738205466587, 1.5909090909090908, 2.9632738205466587, 5.246998354825089, 1.7172593257387578, 5.740120172246983, 3.633237292435012, 2.6363636363636362, 3.633237292435012, 5.652469656985387, 3.9980862769018652, 3.3235400354662414, 6.40670885614033, 4.450369099745204, 3.6818181818181817, 4.450369099745204, 6.209330489188584, 5.231380978171588, 5.347626336798086, 4.727272727272727, 5.347626336798086, 6.880923443696822, 5.153882032022076, 4.953868824114201, 7.3851754431787615, 5.256877033276324, 5.847544755956012, 6.29081713017389, 5.7727272727272725, 6.29081713017389, 7.637040013335615, 6.6443930636043405, 6.590422859679624, 8.56934498485081, 7.262066049395663, 6.818181818181818, 7.262066049395663, 8.455034198971942, 8.144110179279556, 8.251471193642024, 7.863636363636363, 8.251471193642024, 9.318625266610098, 8.229489036138173, 9.885569775987543, 8.751477048016644, 9.253210298401646, 8.909090909090908, 9.253210298401646, 10.216256693449234, 9.69035918965287, 10.267278940227818, 9.869815869919886, 11.28774846043809, 10.263672598373914, 9.954545454545453, 10.263672598373914, 11.139702653419953, 11.03981662077809, 11.263993564469406, 11.280514172678478, 11.0, 11.280514172678478, 12.083045973594572, 12.298373876248844, 11.76860229593982, 11.5, 11.510864433221338, 11.76860229593982, 12.539936203984453, 12.747548783981962, 12.658988901172163, 12.854960132182441], [3.0413812651491097, 0.7071067811865476, 2.0615528128088303, 4.527692569068709, 5.024937810560445, 3.0, 0.5, 0.0, 2.0, 4.5, 5.0, 3.0491836056815314, 0.7399463907318048, 2.073046227452978, 4.532937310525817, 2.364529985328044, 2.692582403567252, 3.395731399203593, 1.6676305752585583, 2.5555805085219268, 4.772943718035777, 1.6428571428571423, 5.262982005653899, 3.993796842997963, 2.6833585714809893, 3.3091408587638718, 5.215401539971826, 3.6379518794990977, 3.2857142857142865, 5.9829690261062645, 4.749293118345817, 3.7156136941246922, 4.189962425125904, 5.814274255998503, 4.961587139089216, 5.598848760059207, 4.7536414923736645, 5.132943350361128, 6.526645956233303, 5.367727638395972, 4.928571428571429, 7.020741864399418, 5.1318653667623, 5.758226994153872, 6.505719035225027, 5.794340356355438, 6.10936822963629, 7.3194521765832485, 6.434124585650597, 6.571428571428571, 8.257340580924813, 7.449000154771453, 6.836490569421209, 7.105462919879685, 8.169308618590996, 7.973489236980564, 8.416458688754085, 7.879516283345326, 8.113986496137649, 9.060175321675851, 8.214285714285715, 9.6163657270259, 8.622167862406744, 9.400633001369975, 8.923110490543433, 9.130821475992523, 9.981077137586217, 9.547411231558522, 10.137642578074221, 9.857142857142858, 11.052749219362685, 10.39677715480194, 9.967094622135958, 10.15347109153375, 10.924421046747124, 11.141254463497734, 11.141254463497734, 11.40175425099138, 11.01135777277262, 11.180339887498949, 11.884864324004713, 12.083045973594572, 11.884864324004713, 11.510864433221338, 11.5, 11.672617529928752, 12.349089035228468, 12.539936203984453, 12.747548783981962, 12.747548783981962], [5.024937810560445, 2.5495097567963922, 0.5, 2.5495097567963922, 3.0413812651491097, 5.0, 2.5, 2.0, 0.0, 2.5, 3.0, 5.0296640704083835, 2.5588123536431944, 0.5454545454545454, 2.5588123536431944, 0.9136541699923764, 1.118033988749895, 5.246998354825089, 2.9632738205466587, 1.5909090909090908, 2.9632738205466587, 2.588238704570491, 3.420377112517965, 5.652469656985387, 3.633237292435012, 2.6363636363636362, 3.633237292435012, 2.689738626251818, 3.8465462908103607, 4.449260429256411, 6.209330489188584, 4.450369099745204, 3.6818181818181817, 4.450369099745204, 4.3147823744397025, 6.880923443696822, 5.347626336798086, 4.727272727272727, 5.347626336798086, 6.5431261641512, 5.318911197466133, 5.76981943621554, 5.112845209951052, 5.831875503590338, 7.637040013335615, 6.29081713017389, 5.7727272727272725, 6.29081713017389, 5.949618406559657, 6.869037302955032, 7.223826788440303, 8.455034198971942, 7.262066049395663, 6.818181818181818, 7.262066049395663, 7.587920045193208, 9.318625266610098, 8.251471193642024, 7.863636363636363, 8.251471193642024, 8.45425867808162, 8.744969399370039, 8.38781802078168, 10.216256693449234, 9.253210298401646, 8.909090909090908, 9.253210298401646, 9.22784163412495, 9.858545423039544, 10.057995093761106, 10.30355595443255, 11.139702653419953, 10.263672598373914, 9.954545454545453, 10.263672598373914, 11.75276780253946, 10.868649917096795, 12.083045973594572, 11.280514172678478, 11.0, 11.280514172678478, 11.40175425099138, 12.539936203984453, 11.76860229593982, 11.672617529928752, 11.5, 11.76860229593982, 11.884864324004713, 13.285330255586423, 12.509996003196804], [7.516648189186454, 5.024937810560445, 2.5495097567963922, 0.5, 0.7071067811865476, 7.5, 5.0, 4.5, 2.5, 0.0, 0.5, 7.51980855216122, 5.0296640704083835, 2.5588123536431944, 0.5454545454545454, 2.477794645623549, 2.23606797749979, 7.666876269742273, 5.246998354825089, 2.9632738205466587, 1.5909090909090908, 4.7905093248877755, 1.7172593257387578, 7.94986875508901, 5.652469656985387, 3.633237292435012, 2.6363636363636362, 3.314316502320051, 5.571886428073255, 3.3235400354662414, 8.354985644749304, 6.209330489188584, 4.450369099745204, 3.6818181818181817, 4.729412959213386, 8.865500969376548, 6.880923443696822, 5.347626336798086, 4.727272727272727, 8.459462157844316, 6.673890643884616, 4.953868824114201, 6.0948844237483915, 6.806450183895087, 9.464374261687313, 7.637040013335615, 6.29081713017389, 5.7727272727272725, 6.256832999503301, 7.964525941284124, 6.590422859679624, 10.1359559640808, 8.455034198971942, 7.262066049395663, 6.818181818181818, 7.831125756380426, 10.86677398584806, 9.318625266610098, 8.251471193642024, 7.863636363636363, 9.366135264660572, 8.229489036138173, 8.75343542716445, 11.645681638549384, 10.216256693449234, 9.253210298401646, 8.909090909090908, 9.428841987460062, 10.072974678803785, 10.835740182660457, 9.869815869919886, 12.463666202470746, 11.139702653419953, 10.263672598373914, 9.954545454545453, 12.918109421289486, 11.03981662077809, 13.313526955694348, 12.083045973594572, 11.280514172678478, 11.0, 11.01135777277262, 13.729530217745982, 12.539936203984453, 12.349089035228468, 11.76860229593982, 11.5, 11.510864433221338, 14.326548781894402, 12.658988901172163], [8.0156097709407, 5.522680508593631, 3.0413812651491097, 0.7071067811865476, 0.5, 8.0, 5.5, 5.0, 3.0, 0.5, 0.0, 8.018573480436343, 5.526981152596508, 3.0491836056815314, 0.7399463907318048, 2.9496451953731624, 2.692582403567252, 8.156653219031515, 5.725468691341975, 3.395731399203593, 1.6676305752585583, 5.262982005653899, 1.6428571428571423, 8.42320682538073, 6.099214147998125, 3.993796842997963, 2.6833585714809893, 3.6379518794990977, 5.9829690261062645, 3.2857142857142865, 8.806576243011069, 6.618593893265166, 4.749293118345817, 3.7156136941246922, 4.961587139089216, 9.29231442849501, 7.252386327135126, 5.598848760059207, 4.7536414923736645, 8.877640452282352, 7.020741864399418, 4.928571428571429, 6.391314586095495, 7.091626227399407, 9.865311964924842, 7.973354386034102, 6.505719035225027, 5.794340356355438, 6.434124585650597, 8.257340580924813, 6.571428571428571, 10.51130835366298, 8.760000188686364, 7.449000154771453, 6.836490569421209, 7.973489236980564, 11.217699267653066, 9.596185536946653, 8.416458688754085, 7.879516283345326, 9.6163657270259, 8.214285714285715, 8.90932432360026, 11.973800600746877, 10.470047794850139, 9.400633001369975, 8.923110490543433, 9.547411231558522, 10.189190305620947, 11.052749219362685, 9.857142857142858, 12.770786005826404, 11.372905310720366, 10.39677715480194, 9.967094622135958, 13.195739881507524, 11.141254463497734, 13.601470508735444, 12.298373876248844, 11.40175425099138, 11.01135777277262, 11.0, 14.0089257261219, 12.747548783981962, 12.539936203984453, 11.884864324004713, 11.510864433221338, 11.5, 14.577379737113251, 12.747548783981962], [1.0454545454545454, 2.709792465597978, 5.108128346724617, 7.572514457339224, 8.068021765377903, 0.5454545454545454, 2.5588123536431944, 3.0491836056815314, 5.0296640704083835, 7.51980855216122, 8.018573480436343, 0.0, 2.5, 5.0, 7.5, 5.200744050496955, 5.518750906704155, 1.0454545454545454, 2.709792465597978, 5.108128346724617, 7.572514457339224, 3.19441582465182, 8.074917489410401, 2.090909090909091, 3.259125776407882, 5.419584931195956, 7.786006731723668, 5.886348414389957, 4.063129759691214, 8.45630081324502, 3.1363636363636362, 4.010832439719233, 5.902268789161006, 8.129377396793934, 6.651281299464628, 4.181818181818182, 4.872125132402196, 6.518251552815764, 8.587060224884015, 4.234170813670469, 5.311470004722258, 9.122045472977224, 6.0370183198431855, 6.399335355443247, 5.227272727272727, 5.794340356355437, 7.233559301290703, 9.141902436872167, 7.695969554078163, 6.73144582996206, 10.015605970769498, 6.272727272727273, 6.752563027326478, 8.021664879438466, 9.777377329223647, 8.922685190774224, 7.318181818181818, 7.733420014713215, 8.86317015090915, 10.478825560336757, 8.234741738271847, 11.082011166572448, 9.29883779769266, 8.363636363636363, 8.729284805935736, 9.744250264804393, 11.233895727802555, 10.266383678476993, 10.756138029133092, 9.78302300999199, 12.276299899156616, 9.409090909090908, 9.735552975334127, 10.655092291272618, 12.032497319157697, 10.323803361039445, 11.686783810673035, 10.454545454545455, 10.74930326398679, 11.588680712710875, 12.866527140652874, 13.16425161796739, 10.954545454545455, 11.236194467688003, 11.357907646908496, 12.041680369271662, 13.275995861542835, 13.564736124071949, 11.964997159414347, 13.15907128276131], [2.709792465597978, 1.0454545454545454, 2.709792465597978, 5.108128346724617, 5.5984797228007865, 2.5588123536431944, 0.5454545454545454, 0.7399463907318048, 2.5588123536431944, 5.0296640704083835, 5.526981152596508, 2.5, 0.0, 2.5, 5.0, 2.711538500983483, 3.0342398669597523, 2.709792465597978, 1.0454545454545454, 2.709792465597978, 5.108128346724617, 1.2059404880780669, 5.608412650722659, 3.259125776407882, 2.090909090909091, 3.259125776407882, 5.419584931195956, 3.6604777906157495, 2.785502368350884, 6.1448371373119715, 4.010832439719233, 3.1363636363636362, 4.010832439719233, 5.902268789161006, 4.794741173891232, 4.872125132402196, 4.181818181818182, 4.872125132402196, 6.518251552815764, 4.655985661418949, 4.41154322330228, 7.032902218221455, 4.73835627533996, 5.316811564076195, 5.794340356355437, 5.227272727272727, 5.794340356355437, 7.233559301290703, 6.162625039485855, 6.04668197954164, 8.158576037625291, 6.752563027326478, 6.272727272727273, 6.752563027326478, 8.021664879438466, 7.639653854309216, 7.733420014713215, 7.318181818181818, 7.733420014713215, 8.86317015090915, 7.6851136293509965, 9.437212061622672, 8.230159476923, 8.729284805935736, 8.363636363636363, 8.729284805935736, 9.744250264804393, 9.173256446524254, 9.74517348862766, 9.325102638257272, 10.814690897757213, 9.735552975334127, 9.409090909090908, 9.735552975334127, 10.655092291272618, 10.503852428390708, 10.739223241808942, 10.74930326398679, 10.454545454545455, 10.74930326398679, 11.588680712710875, 11.813023349725379, 11.236194467688003, 10.954545454545455, 10.965950306093061, 11.236194467688003, 12.041680369271662, 12.257734950458934, 12.120691276688529, 12.325224420869317], [5.108128346724617, 2.709792465597978, 1.0454545454545454, 2.709792465597978, 3.1769443190921005, 5.0296640704083835, 2.5588123536431944, 2.073046227452978, 0.5454545454545454, 2.5588123536431944, 3.0491836056815314, 5.0, 2.5, 0.0, 2.5, 0.3964131756791459, 0.6757303976053867, 5.108128346724617, 2.709792465597978, 1.0454545454545454, 2.709792465597978, 2.2812918403365154, 3.19441582465182, 5.419584931195956, 3.259125776407882, 2.090909090909091, 3.259125776407882, 2.156176629033707, 3.3924951649322046, 4.063129759691214, 5.902268789161006, 4.010832439719233, 3.1363636363636362, 4.010832439719233, 3.773531889968318, 6.518251552815764, 4.872125132402196, 4.181818181818182, 4.872125132402196, 6.158587701684441, 4.817853631137445, 5.311470004722258, 4.578039994362753, 5.29957332474632, 7.233559301290703, 5.794340356355437, 5.227272727272727, 5.794340356355437, 5.406287763086426, 6.349201757836461, 6.73144582996206, 8.021664879438466, 6.752563027326478, 6.272727272727273, 6.752563027326478, 7.043742685083099, 8.86317015090915, 7.733420014713215, 7.318181818181818, 7.733420014713215, 7.925337311183446, 8.234741738271847, 7.842363524051485, 9.744250264804393, 8.729284805935736, 8.363636363636363, 8.729284805935736, 8.683238671929892, 9.313555032593069, 9.52405056759112, 9.78302300999199, 10.655092291272618, 9.735552975334127, 9.409090909090908, 9.735552975334127, 11.250818451890927, 10.323803361039445, 11.588680712710875, 10.74930326398679, 10.454545454545455, 10.74930326398679, 10.876466368318207, 12.041680369271662, 11.236194467688003, 11.135621496607294, 10.954545454545455, 11.236194467688003, 11.357907646908496, 12.773455171753389, 11.964997159414347], [7.572514457339224, 5.108128346724617, 2.709792465597978, 1.0454545454545454, 1.1588680712710875, 7.51980855216122, 5.0296640704083835, 4.532937310525817, 2.5588123536431944, 0.5454545454545454, 0.7399463907318048, 7.5, 5.0, 2.5, 0.0, 2.3370592139242636, 2.051002576850632, 7.572514457339224, 5.108128346724617, 2.709792465597978, 1.0454545454545454, 4.631877854691979, 1.2059404880780669, 7.786006731723668, 5.419584931195956, 3.259125776407882, 2.090909090909091, 2.898119675857289, 5.268683274224062, 2.785502368350884, 8.129377396793934, 5.902268789161006, 4.010832439719233, 3.1363636363636362, 4.241408129926648, 8.587060224884015, 6.518251552815764, 4.872125132402196, 4.181818181818182, 8.165672200090992, 6.28185590499052, 4.41154322330228, 5.653749215159464, 6.356293703159976, 9.141902436872167, 7.233559301290703, 5.794340356355437, 5.227272727272727, 5.742642891326087, 7.520795367626592, 6.04668197954164, 9.777377329223647, 8.021664879438466, 6.752563027326478, 6.272727272727273, 7.305088022307579, 10.478825560336757, 8.86317015090915, 7.733420014713215, 7.318181818181818, 8.891623670401062, 7.6851136293509965, 8.232241873946672, 11.233895727802555, 9.744250264804393, 8.729284805935736, 8.363636363636363, 8.896551794583045, 9.540241525602376, 10.342027809575486, 9.325102638257272, 12.032497319157697, 10.655092291272618, 9.735552975334127, 9.409090909090908, 12.463182412105239, 10.503852428390708, 12.866527140652874, 11.588680712710875, 10.74930326398679, 10.454545454545455, 10.466495146951392, 13.275995861542835, 12.041680369271662, 11.84280651347908, 11.236194467688003, 10.954545454545455, 10.965950306093061, 13.853200244881808, 12.120691276688529], [5.373010203456772, 3.028851434122654, 1.4066425891189018, 2.6987674477545114, 3.137560550772949, 5.265487557223159, 2.833736328384874, 2.364529985328044, 0.9136541699923764, 2.477794645623549, 2.9496451953731624, 5.200744050496955, 2.711538500983483, 0.3964131756791459, 2.3370592139242636, 0.0, 0.32855068512236196, 5.235665108114873, 2.7779293525696063, 0.7222145466577529, 2.413772196156948, 2.313644144336432, 2.909012539281122, 5.473809458056309, 3.204261591481409, 1.7527106749772599, 2.8942524205251194, 1.7764028297420262, 3.2423534022994094, 3.6908346362950337, 5.890580723078584, 3.8734537067894963, 2.79434177977168, 3.621194325870103, 3.406057494818615, 6.4514527775010855, 4.682514848226617, 3.838052587888683, 4.476086463746571, 6.0709921011134425, 4.590285517030102, 4.917329138356396, 4.284240916467047, 5.010641318320755, 7.1224641128454325, 5.570834533739747, 4.882509576625899, 5.398481465132568, 5.04428463572171, 6.084944194812598, 6.335294040615327, 7.875512526206712, 6.5060279675063715, 5.927318304048751, 6.3590726242941775, 6.68478470094734, 8.689295165623601, 7.4705122206489945, 6.972320646843649, 7.342884825866364, 7.64070217740387, 7.841539038406733, 7.496409579365118, 9.548295859128146, 8.454268518149869, 8.017440897226262, 8.341706114701747, 8.32621430744697, 8.959113127196197, 9.22670433346915, 9.393693500659417, 10.441360426916642, 9.45128086178361, 9.062638263323402, 9.350728028094373, 11.011534740700341, 9.968114268642944, 11.360458253492293, 10.457758559695163, 10.107888822915184, 10.366972500202264, 10.489759734744036, 11.807460874301576, 10.941701634649831, 10.829671053841203, 10.607805476404394, 10.854963813333113, 10.972291459010675, 12.517560221884793, 11.610285036793238], [5.70087712549569, 3.3541019662496847, 1.5811388300841898, 2.5, 2.9154759474226504, 5.5901699437494745, 3.1622776601683795, 2.692582403567252, 1.118033988749895, 2.23606797749979, 2.692582403567252, 5.518750906704155, 3.0342398669597523, 0.6757303976053867, 2.051002576850632, 0.32855068512236196, 0.0, 5.531651973300472, 3.0576418288803886, 0.7740630166330181, 2.085467226718993, 2.5813301427989503, 2.5813301427989503, 5.73826506449582, 3.417262932584091, 1.7110482022471554, 2.58412189155489, 1.6428571428571423, 3.387401628965536, 3.387401628965536, 6.118998999863505, 4.023946913209787, 2.728030197840665, 3.3454668972104, 3.2857142857142865, 6.643986904221822, 4.784617224342097, 3.760659780340555, 4.229960045138851, 6.25, 4.65657314657332, 4.65657314657332, 4.27730464408813, 5.006563285796954, 7.282096238023411, 5.637279984162106, 4.798846280079693, 5.174835806074886, 4.928571428571429, 6.106620696140428, 6.106620696140428, 8.00632497900388, 6.546085828143524, 5.8396266720931305, 6.152336114795866, 6.571428571428571, 8.795425182004074, 7.490627752881022, 6.88182418637903, 7.149091140294086, 7.635176380893041, 7.635176380893041, 7.404950008935172, 9.633468690366126, 8.458943137784084, 7.924879747243137, 8.158046273971756, 8.214285714285715, 8.851240454113057, 9.20320485438832, 9.20320485438832, 10.508752746997173, 9.443721951514702, 8.96849398157353, 9.175177616674276, 11.052749219362685, 9.857142857142858, 11.412712210513327, 10.44030650891055, 10.012492197250394, 10.198039027185569, 10.307764064044152, 11.853269591129697, 10.920164833920778, 10.793516572461451, 10.51189802081432, 10.688779163215974, 10.793516572461451, 12.539936203984453, 11.5], [2.090909090909091, 3.259125776407882, 5.419584931195956, 7.786006731723668, 8.268730303163013, 1.5909090909090908, 2.9632738205466587, 3.395731399203593, 5.246998354825089, 7.666876269742273, 8.156653219031515, 1.0454545454545454, 2.709792465597978, 5.108128346724617, 7.572514457339224, 5.235665108114873, 5.531651973300472, 0.0, 2.5, 5.0, 7.5, 3.000449732973575, 8.000168660728422, 1.0454545454545454, 2.709792465597978, 5.108128346724617, 7.572514457339224, 5.599695947459764, 3.4456297897973136, 8.177552485208436, 2.090909090909091, 3.259125776407882, 5.419584931195956, 7.786006731723668, 6.1247020366666876, 3.136363636363636, 4.010832439719232, 5.902268789161006, 8.129377396793934, 3.198414509081152, 4.4877600069800545, 8.668332589388205, 5.308035050310706, 5.59087665224734, 4.181818181818182, 4.872125132402196, 6.518251552815764, 8.587060224884015, 7.00466377177194, 5.814256125751086, 9.423670956470946, 5.2272727272727275, 5.794340356355438, 7.233559301290704, 9.141902436872167, 8.125060815579968, 6.2727272727272725, 6.752563027326478, 8.021664879438466, 9.777377329223647, 7.2711153130102355, 10.386005868238856, 8.435857512689799, 7.3181818181818175, 7.733420014713214, 8.86317015090915, 10.478825560336755, 9.400312289591511, 9.865658871004001, 8.79378306976146, 11.50350471282658, 8.363636363636363, 8.729284805935736, 9.744250264804393, 11.233895727802555, 9.279713800031272, 10.775578323713805, 9.40909090909091, 9.735552975334128, 10.65509229127262, 12.032497319157699, 12.350343790175932, 9.90909090909091, 10.219593076274032, 10.3532643472785, 11.099102785569116, 12.427392431424547, 12.735387023747183, 10.920543231122247, 12.217129960134251], [3.259125776407882, 2.090909090909091, 3.259125776407882, 5.419584931195956, 5.884037799542614, 2.9632738205466587, 1.5909090909090908, 1.6676305752585583, 2.9632738205466587, 5.246998354825089, 5.725468691341975, 2.709792465597978, 1.0454545454545454, 2.709792465597978, 5.108128346724617, 2.7779293525696063, 3.0576418288803886, 2.5, 0.0, 2.5, 5.0, 0.5026913567003092, 5.500245321810764, 2.709792465597978, 1.0454545454545454, 2.709792465597978, 5.108128346724617, 3.179087086570184, 1.7670214057386733, 5.7552032673345845, 3.259125776407882, 2.090909090909091, 3.259125776407882, 5.419584931195956, 4.03261392126113, 4.010832439719232, 3.136363636363636, 4.010832439719232, 5.902268789161006, 3.738964478555637, 3.3749059068734972, 6.433505256098702, 3.7658552937225718, 4.3098600855611116, 4.872125132402196, 4.181818181818182, 4.872125132402196, 6.518251552815764, 5.274022616141715, 5.005554344509111, 7.419944359348932, 5.794340356355438, 5.2272727272727275, 5.794340356355438, 7.233559301290704, 6.690785698023289, 6.752563027326478, 6.2727272727272725, 6.752563027326478, 8.021664879438466, 6.64222236115985, 8.609246070074425, 7.240913796075237, 7.733420014713214, 7.3181818181818175, 7.733420014713214, 8.86317015090915, 8.192427670833913, 8.752435431393264, 8.281341719674614, 9.928777400970539, 8.729284805935736, 8.363636363636363, 8.729284805935736, 9.744250264804393, 9.479614349249173, 9.739768385875037, 9.735552975334128, 9.40909090909091, 9.735552975334128, 10.65509229127262, 10.898669264434865, 10.219593076274032, 9.90909090909091, 9.921697568693984, 10.219593076274032, 11.099102785569116, 11.333140899354783, 11.090909090909092, 11.314073734195386], [5.419584931195956, 3.259125776407882, 2.090909090909091, 3.259125776407882, 3.6567609747488663, 5.246998354825089, 2.9632738205466587, 2.5555805085219268, 1.5909090909090908, 2.9632738205466587, 3.395731399203593, 5.108128346724617, 2.709792465597978, 1.0454545454545454, 2.709792465597978, 0.7222145466577529, 0.7740630166330181, 5.0, 2.5, 0.0, 2.5, 2.0006745362755027, 3.000449732973575, 5.108128346724617, 2.709792465597978, 1.0454545454545454, 2.709792465597978, 1.1647294552801952, 2.6215195304133587, 3.4456297897973136, 5.419584931195956, 3.259125776407882, 2.090909090909091, 3.259125776407882, 2.740798248311807, 5.902268789161006, 4.010832439719232, 3.136363636363636, 4.010832439719232, 5.498168365183156, 3.8910139912688084, 4.4877600069800545, 3.562035386010315, 4.288576240849781, 6.518251552815764, 4.872125132402196, 4.181818181818182, 4.872125132402196, 4.366384609213244, 5.3670824752219, 5.814256125751086, 7.233559301290704, 5.794340356355438, 5.2272727272727275, 5.794340356355438, 6.001384278387195, 8.021664879438466, 6.752563027326478, 6.2727272727272725, 6.752563027326478, 6.91875118031368, 7.2711153130102355, 6.796909093844089, 8.86317015090915, 7.733420014713214, 7.3181818181818175, 7.733420014713214, 7.63975596088286, 8.269161203072322, 8.504741070604284, 8.79378306976146, 9.744250264804393, 8.729284805935736, 8.363636363636363, 8.729284805935736, 10.301120725944864, 9.279713800031272, 10.65509229127262, 9.735552975334128, 9.40909090909091, 9.735552975334128, 9.875778031909041, 11.099102785569116, 10.219593076274032, 10.108911051375816, 9.90909090909091, 10.219593076274032, 10.3532643472785, 11.800773892538148, 10.920543231122247], [7.786006731723668, 5.419584931195956, 3.259125776407882, 2.090909090909091, 2.1498606527973574, 7.666876269742273, 5.246998354825089, 4.772943718035777, 2.9632738205466587, 1.5909090909090908, 1.6676305752585583, 7.572514457339224, 5.108128346724617, 2.709792465597978, 1.0454545454545454, 2.413772196156948, 2.085467226718993, 7.5, 5.0, 2.5, 0.0, 4.5002998344667215, 0.5026913567003092, 7.572514457339224, 5.108128346724617, 2.709792465597978, 1.0454545454545454, 2.259777578434944, 4.808571996792673, 1.7670214057386733, 7.786006731723668, 5.419584931195956, 3.259125776407882, 2.090909090909091, 3.355886624716197, 8.129377396793934, 5.902268789161006, 4.010832439719232, 3.136363636363636, 7.679834332321292, 5.6026770280152345, 3.3749059068734972, 4.867702341877633, 5.541559202070266, 8.587060224884015, 6.518251552815764, 4.872125132402196, 4.181818181818182, 4.776537925692028, 6.712344917823728, 5.005554344509111, 9.141902436872167, 7.233559301290704, 5.794340356355438, 5.2272727272727275, 6.306077485796776, 9.777377329223647, 8.021664879438466, 6.752563027326478, 6.2727272727272725, 8.007441407534115, 6.64222236115985, 7.24328060051302, 10.478825560336755, 8.86317015090915, 7.733420014713214, 7.3181818181818175, 7.881362264345244, 8.523668695115077, 9.411727826388908, 8.281341719674614, 11.233895727802555, 9.744250264804393, 8.729284805935736, 8.363636363636363, 11.613056798728353, 9.479614349249173, 12.032497319157699, 10.65509229127262, 9.735552975334128, 9.40909090909091, 9.422366567669568, 12.427392431424547, 11.099102785569116, 10.883018085284437, 10.219593076274032, 9.90909090909091, 9.921697568693984, 12.961800201469313, 11.090909090909092], [3.686710828732554, 2.2004174001070513, 2.931183504097598, 4.984158578405574, 5.439837932759934, 3.420377112517965, 1.7172593257387578, 1.6428571428571423, 2.588238704570491, 4.7905093248877755, 5.262982005653899, 3.19441582465182, 1.2059404880780669, 2.2812918403365154, 4.631877854691979, 2.313644144336432, 2.5813301427989503, 3.000449732973575, 0.5026913567003092, 2.0006745362755027, 4.5002998344667215, 0.0, 5.0, 3.160230237283285, 1.1122298110730395, 2.233171545725847, 4.608367948920699, 2.692582403567252, 1.6428571428571441, 5.262982005653899, 3.6273078334215145, 2.0993718390035343, 2.8561096124625682, 4.940380766540276, 3.637951879499099, 4.302745576650533, 3.124679103105746, 3.6760875258058983, 5.455604411738972, 3.9880241642565157, 3.2857142857142865, 5.9829690261062645, 3.539634267546939, 4.136862482252788, 5.104490894261006, 4.160027318371061, 4.5886629086906705, 6.107849645300179, 4.961587139089216, 4.928571428571429, 7.020741864399418, 5.981971706304241, 5.199421650051519, 5.5483317758606026, 6.858132799459665, 6.434124585650597, 6.906380681201879, 6.240840817844862, 6.534377867377929, 7.677766219003971, 6.571428571428573, 8.257340580924815, 7.034258101909873, 7.861180136948634, 7.283416310053664, 7.536454945500287, 8.546821230466666, 7.973489236980566, 8.550114208426722, 8.214285714285715, 9.6163657270259, 8.836524350142202, 8.326713793007183, 8.548927569622759, 9.451675120879688, 9.547411231558522, 9.547411231558522, 9.82629749442686, 9.370492113490071, 9.568496352561336, 10.382972717337728, 10.60924702554237, 10.30355595443255, 9.869815869919886, 9.857142857142858, 10.057995093761106, 10.835740182660457, 11.052749219362685, 11.141254463497734, 11.141254463497734], [8.282018880363282, 5.902697411751163, 3.686710828732554, 2.2004174001070513, 2.1428571428571423, 8.166944324031892, 5.740120172246983, 5.262982005653899, 3.420377112517965, 1.7172593257387578, 1.6428571428571423, 8.074917489410401, 5.608412650722659, 3.19441582465182, 1.2059404880780669, 2.909012539281122, 2.5813301427989503, 8.000168660728422, 5.500245321810764, 3.000449732973575, 0.5026913567003092, 5.0, 0.0, 8.061454902971272, 5.589012001475714, 3.160230237283285, 1.1122298110730395, 2.692582403567252, 5.262982005653899, 1.6428571428571441, 8.255747217448041, 5.865778901254384, 3.6273078334215145, 2.0993718390035343, 3.637951879499099, 8.5740083681663, 6.305840110356885, 4.302745576650533, 3.124679103105746, 8.118148602649121, 5.9829690261062645, 3.2857142857142865, 5.200179876105752, 5.852146241338088, 9.00310098186139, 6.877923181425737, 5.104490894261006, 4.160027318371061, 4.961587139089216, 7.020741864399418, 4.928571428571429, 9.52806305053784, 7.552084844268135, 5.981971706304241, 5.199421650051519, 6.434124585650597, 10.13400681436906, 8.303498907910962, 6.906380681201879, 6.240840817844862, 8.257340580924815, 6.571428571428573, 7.383432013627553, 10.807319424610144, 9.113075943146516, 7.861180136948634, 7.283416310053664, 7.973489236980566, 8.61117036299463, 9.6163657270259, 8.214285714285715, 11.536210928665273, 9.966652526834478, 8.836524350142202, 8.326713793007183, 11.880785379110668, 9.547411231558522, 12.310813232641442, 10.853852884988797, 9.82629749442686, 9.370492113490071, 9.357142857142858, 12.695009464593655, 11.28774846043809, 11.052749219362685, 10.30355595443255, 9.869815869919886, 9.857142857142858, 13.195739881507524, 11.141254463497734], [3.1363636363636362, 4.010832439719233, 5.902268789161006, 8.129377396793934, 8.592832877433619, 2.6363636363636362, 3.633237292435012, 3.993796842997963, 5.652469656985387, 7.94986875508901, 8.42320682538073, 2.090909090909091, 3.259125776407882, 5.419584931195956, 7.786006731723668, 5.473809458056309, 5.73826506449582, 1.0454545454545454, 2.709792465597978, 5.108128346724617, 7.572514457339224, 3.160230237283285, 8.061454902971272, 0.0, 2.5, 5.0, 7.5, 5.500003833237444, 3.0694716590664446, 8.026310252277327, 1.0454545454545454, 2.709792465597978, 5.108128346724617, 7.572514457339224, 5.741982024050007, 2.0909090909090904, 3.259125776407882, 5.419584931195956, 7.786006731723668, 2.1719711502885923, 3.775475673694392, 8.321911833386492, 4.700088553395016, 4.8734239404227955, 3.1363636363636362, 4.010832439719233, 5.902268789161006, 8.129377396793934, 6.410041508997716, 4.948205335591642, 8.915421248778859, 4.181818181818182, 4.872125132402196, 6.518251552815764, 8.587060224884015, 7.389510532728637, 5.227272727272727, 5.794340356355437, 7.233559301290703, 9.141902436872167, 6.333499404544897, 9.752600407448803, 7.618723644695042, 6.272727272727272, 6.7525630273264765, 8.021664879438465, 9.777377329223645, 8.574325563169078, 9.00854566672667, 7.819184903507332, 10.776810871275277, 7.318181818181817, 7.7334200147132135, 8.86317015090915, 10.478825560336755, 8.235970555848013, 9.890966130606019, 8.363636363636363, 8.729284805935736, 9.744250264804393, 11.233895727802555, 11.573694882065126, 8.863636363636363, 9.209454358797641, 9.357566435071506, 10.17664235329005, 11.610945249495273, 11.940018826902111, 9.876301044118167, 11.293419425225009], [4.010832439719233, 3.1363636363636362, 4.010832439719233, 5.902268789161006, 6.33141191674528, 3.633237292435012, 2.6363636363636362, 2.6833585714809893, 3.633237292435012, 5.652469656985387, 6.099214147998125, 3.259125776407882, 2.090909090909091, 3.259125776407882, 5.419584931195956, 3.204261591481409, 3.417262932584091, 2.709792465597978