totalHoles = 90;
zeroHoleID = 81;
C = [[0.0, 3.0, 4.0, 3.092329219213245, 4.0697051490249265, 3.640054944640259, 4.6097722286464435, 3.3541019662496847, 4.272001872658765, 3.0516389039334255, 3.913118960624632, 4.828301978956992, 4.685440781657391, 3.75, 4.589389937671455, 4.301162633521313, 5.1478150704935, 4.242640687119285, 5.0, 4.7762432936357, 5.55090082779363, 4.802343178074636, 5.482928049865327, 5.315072906367325, 6.020797289396148, 4.5, 5.408326913195984, 6.020797289396148, 5.900211860602973, 6.5431261641512, 5.0, 5.068968775248516, 5.270462766947299, 5.5901699437494745, 5.830951894845301, 6.4031242374328485, 5.405272509745357, 5.357142857142857, 5.421570255588429, 5.610415079975323, 5.911766199016731, 6.264982043070834, 6.519202405202649, 6.800735254367722, 7.106335201775948, 5.714285714285714, 5.7747299217309065, 5.9523809523809526, 6.237231855918922, 6.708203932499369, 6.946221994724902, 7.211102550927978, 7.5, 6.071428571428571, 6.128351274397024, 6.296032296274929, 6.56599153958937, 6.428571428571429, 6.482358757172372, 6.641107467133978, 6.897574255652845, 7.158910531638177, 7.3824115301167, 7.632168761236874, 7.905694150420948, 6.785714285714286, 6.8366923882672515, 6.987395519442471, 7.231591689755923, 11.064696909580782, 7.615773105863909, 7.826237921249264, 8.06225774829855, 8.32165848854662, 7.142857142857142, 7.191303957399502, 7.334724667023506, 7.567721464434675, 7.5, 7.54615428178118, 7.68295371441074, 7.905694150420948, 8.077747210701755, 8.276472678623424, 8.5, 8.74642784226795, 8.73212459828649, 9.192388155425117, 13.437680392308046, 13.832349204280987], [3.0, 0.0, 1.0, 0.75, 1.25, 1.118033988749895, 1.8027756377319946, 1.5, 1.8027756377319946, 1.8200274723201295, 1.8200274723201295, 2.3048861143232218, 2.2875781511696354, 2.25, 2.462214450449026, 2.5495097567963922, 2.9154759474226504, 3.0, 3.1622776601683795, 3.2882366094914763, 3.5794552658190883, 3.75, 3.881043674065006, 4.031128874149275, 4.272001872658765, 5.408326913195984, 4.5, 4.6097722286464435, 4.7762432936357, 4.981214711292819, 5.830951894845301, 5.449260908090605, 5.174724898753341, 5.024937810560445, 5.0, 5.0990195135927845, 5.23499360844089, 6.139949477954744, 5.778704356192759, 5.520575818663712, 5.380425595790423, 5.5, 5.522680508593631, 5.5901699437494745, 5.70087712549569, 6.453918284615153, 6.111260563004513, 5.867779733618805, 5.736119003689672, 6.0, 6.020797289396148, 6.082762530298219, 6.18465843842649, 6.7721669277978656, 6.446447808088081, 6.2161099311174475, 6.091982017205827, 7.094119438820078, 6.7838761085893475, 6.5653871470022755, 6.447986554905717, 6.5, 6.519202405202649, 6.576473218982953, 6.670832032063167, 7.419293656902046, 7.123226994262599, 6.915467890542527, 6.80411040234849, 8.941943914014244, 7.0, 7.0178344238090995, 7.0710678118654755, 7.158910531638177, 7.747283921689284, 7.464238246982055, 7.266236022938085, 7.160335757718719, 8.077747210701755, 7.806692285753579, 7.617596588017626, 7.516648189186454, 7.5, 7.516648189186454, 7.566372975210778, 7.648529270389178, 8.0156097709407, 8.514693182963201, 11.668411411058193, 13.814189269337076], [4.0, 1.0, 0.0, 1.25, 0.75, 1.118033988749895, 1.118033988749895, 1.8027756377319946, 1.5, 2.3048861143232218, 1.8200274723201295, 1.8200274723201295, 1.9129993790220736, 2.462214450449026, 2.25, 2.5495097567963922, 2.5495097567963922, 3.1622776601683795, 3.0, 3.2882366094914763, 3.2882366094914763, 3.881043674065006, 3.75, 4.031128874149275, 4.031128874149275, 6.020797289396148, 4.6097722286464435, 4.5, 4.7762432936357, 4.7762432936357, 6.4031242374328485, 5.918426968188235, 5.517648452415616, 5.220153254455275, 5.0990195135927845, 5.0, 5.549884726041884, 6.685729548212127, 6.223082625967175, 5.843237461911092, 5.5631807081773585, 5.5901699437494745, 5.522680508593631, 5.5, 5.522680508593631, 6.975174637562116, 6.533057400809178, 6.17231769021445, 5.907881280500633, 6.082762530298219, 6.020797289396148, 6.0, 6.020797289396148, 7.270642674341738, 6.847628982044585, 6.504359256867937, 6.253978325670723, 7.571428571428572, 7.166192042502257, 6.838930841636677, 6.601252200321156, 6.576473218982953, 6.519202405202649, 6.5, 6.519202405202649, 7.8769231535763335, 7.488237185421193, 7.175678561069425, 6.949526485117309, 8.354757649479707, 7.0710678118654755, 7.0178344238090995, 7.0, 7.0178344238090995, 8.186599303939659, 7.813333855726573, 7.5143098557159425, 7.298657970015125, 8.5, 8.14111649454654, 7.8545811119654525, 7.648529270389178, 7.566372975210778, 7.516648189186454, 7.5, 7.516648189186454, 8.0156097709407, 8.514693182963201, 11.195773683329975, 13.952221043823066], [3.092329219213245, 0.75, 1.25, 0.0, 1.0, 0.5590169943749475, 1.5206906325745548, 0.75, 1.25, 1.118033988749895, 1.118033988749895, 1.8027756377319946, 1.7200083625514588, 1.5, 1.8027756377319946, 1.8200274723201295, 2.3048861143232218, 2.25, 2.462214450449026, 2.5495097567963922, 2.9154759474226504, 3.0, 3.1622776601683795, 3.2882366094914763, 3.5794552658190883, 4.802343178074636, 3.75, 3.881043674065006, 4.031128874149275, 4.272001872658765, 5.202163011671203, 4.77042392712057, 4.454242671630922, 4.2793106921559225, 4.25, 4.366062299143245, 4.5081659746916625, 5.497796404571785, 5.091189423952608, 4.796200901119575, 4.634195216660865, 4.75, 4.7762432936357, 4.8541219597369, 4.981214711292819, 5.800356252253928, 5.4165096785204465, 5.140224745168153, 4.989402033616977, 5.25, 5.273755777432247, 5.344389581607987, 5.460082416960389, 6.108813472419691, 5.745611062825326, 5.485925611835627, 5.3448668870998395, 6.4223183874195895, 6.077879392833672, 5.833005335773793, 5.70054150668055, 5.75, 5.771698190307598, 5.836308764964376, 5.942432162002357, 6.740166684791668, 6.412822419435919, 6.181231650452302, 6.056388935560158, 8.368858324908206, 6.25, 6.269968101992227, 6.329494450586082, 6.427480066091221, 7.061771905759884, 6.750041991974867, 6.530421137013858, 6.412380404263271, 7.386643351347079, 7.089213245801289, 6.880427150822671, 6.768493185340442, 6.75, 6.768493185340442, 6.823672031978091, 6.914658342969665, 7.267220926874317, 7.766112283504533, 11.028003953583017, 13.068367810288873], [4.0697051490249265, 1.25, 0.75, 1.0, 0.0, 0.5590169943749475, 0.5590169943749475, 1.25, 0.75, 1.8027756377319946, 1.118033988749895, 1.118033988749895, 1.176852409470748, 1.8027756377319946, 1.5, 1.8200274723201295, 1.8200274723201295, 2.462214450449026, 2.25, 2.5495097567963922, 2.5495097567963922, 3.1622776601683795, 3.0, 3.2882366094914763, 3.2882366094914763, 5.482928049865327, 3.881043674065006, 3.75, 4.031128874149275, 4.031128874149275, 5.836308764964376, 5.300026205385949, 4.848396069262952, 4.5069390943299865, 4.366062299143245, 4.25, 4.870279545088112, 6.10129210136037, 5.590486837825505, 5.16432084117233, 4.845179594826433, 4.8541219597369, 4.7762432936357, 4.75, 4.7762432936357, 6.3752751041081535, 5.888285865244571, 5.485305560997096, 5.185955326944229, 5.344389581607987, 5.273755777432247, 5.25, 5.273755777432247, 6.657146689146659, 6.1923646386977325, 5.810511723184178, 5.5287975221395405, 6.945946549563116, 6.501842142590478, 6.139268516185963, 5.873344317285319, 5.836308764964376, 5.771698190307598, 5.75, 5.771698190307598, 7.240845733667823, 6.815983033763603, 6.471034800031596, 6.219312416881428, 7.73830757223753, 6.329494450586082, 6.269968101992227, 6.25, 6.269968101992227, 7.541128725129918, 7.134171306238543, 6.8053704449812304, 6.566477171892063, 7.846177413237608, 7.4558887986461935, 7.1419146203552755, 6.914658342969665, 6.823672031978091, 6.768493185340442, 6.75, 6.768493185340442, 7.267220926874317, 7.766112283504533, 10.52665163814561, 13.214192525902822], [3.640054944640259, 1.118033988749895, 1.118033988749895, 0.5590169943749475, 0.5590169943749475, 0.0, 1.0, 0.7071067811865476, 0.7071067811865476, 1.25, 0.75, 1.25, 1.1889113382873073, 1.346291201783626, 1.346291201783626, 1.5, 1.8027756377319946, 2.0615528128088303, 2.0615528128088303, 2.25, 2.462214450449026, 2.7950849718747373, 2.7950849718747373, 3.0, 3.1622776601683795, 4.949747468305833, 3.5355339059327378, 3.5355339059327378, 3.75, 3.881043674065006, 5.315072906367325, 4.8074017006186525, 4.400126260814695, 4.123105625617661, 4.031128874149275, 4.031128874149275, 4.434079285449521, 5.588800754862444, 5.108405327366078, 4.727134966199096, 4.470424350948242, 4.527692569068709, 4.5, 4.527692569068709, 4.6097722286464435, 5.87149808787488, 5.4162349383154975, 5.058221120812086, 4.819179369552286, 5.024937810560445, 5.0, 5.024937810560445, 5.0990195135927845, 6.161930521768485, 5.729790473151104, 5.392633759696012, 5.169079971823036, 6.459054710644743, 6.0481814511647345, 5.7297904731511045, 5.519908310389045, 5.522680508593631, 5.5, 5.522680508593631, 5.5901699437494745, 6.761988597736495, 6.370682923127588, 6.069233963774133, 5.87149808787488, 7.851925863939584, 6.020797289396148, 6.0, 6.020797289396148, 6.082762530298219, 7.069985422725496, 6.696701052657355, 6.410600984982775, 6.223720260226275, 7.3824115301167, 7.025746302785998, 6.75359986311827, 6.576473218982953, 6.519202405202649, 6.5, 6.519202405202649, 6.576473218982953, 7.0, 7.5, 10.553134529753141, 12.8846949784212], [4.6097722286464435, 1.8027756377319946, 1.118033988749895, 1.5206906325745548, 0.5590169943749475, 1.0, 0.0, 1.5811388300841898, 0.7071067811865476, 2.1360009363293826, 1.25, 0.75, 0.9165495058851267, 1.9525624189766635, 1.346291201783626, 1.8027756377319946, 1.5, 2.5, 2.0615528128088303, 2.462214450449026, 2.25, 3.132491021535417, 2.7950849718747373, 3.1622776601683795, 3.0, 5.70087712549569, 3.8078865529319543, 3.5355339059327378, 3.881043674065006, 3.75, 6.020797289396148, 5.426273532033235, 4.901813723284247, 4.47213595499958, 4.272001872658765, 4.031128874149275, 4.904805959626595, 6.263760362398215, 5.694658753779322, 5.197352369748351, 4.794235484157095, 4.743416490252569, 4.6097722286464435, 4.527692569068709, 4.5, 6.517245568176665, 5.972347464805009, 5.500206139200253, 5.120985236838549, 5.220153254455275, 5.0990195135927845, 5.024937810560445, 5.0, 6.780072842905306, 6.2581013254458, 5.80923106210106, 5.451549115169195, 7.05119761140631, 6.550864996284574, 6.123492919313275, 5.78527335180474, 5.70087712549569, 5.5901699437494745, 5.522680508593631, 5.5, 7.329699161351601, 6.849739720629011, 6.442225358810117, 6.121641103161665, 7.245436784139841, 6.18465843842649, 6.082762530298219, 6.020797289396148, 6.0, 7.614768143387625, 7.153959625409935, 6.764796497702558, 6.460239459768578, 7.905694150420948, 7.4628710590793705, 7.090682462060882, 6.800735254367722, 6.670832032063167, 6.576473218982953, 6.519202405202649, 6.5, 7.0710678118654755, 7.566372975210778, 10.077805907721135, 13.070884115987871], [3.3541019662496847, 1.5, 1.8027756377319946, 0.75, 1.25, 0.7071067811865476, 1.5811388300841898, 0.0, 1.0, 0.5590169943749475, 0.5590169943749475, 1.5206906325745548, 1.3449326142172389, 0.75, 1.25, 1.118033988749895, 1.8027756377319946, 1.5, 1.8027756377319946, 1.8200274723201295, 2.3048861143232218, 2.25, 2.462214450449026, 2.5495097567963922, 2.9154759474226504, 4.242640687119285, 3.0, 3.1622776601683795, 3.2882366094914763, 3.5794552658190883, 4.6097722286464435, 4.1163630117428225, 3.745367509040705, 3.5355339059327378, 3.5, 3.640054944640259, 3.7903776632834743, 4.886466107567734, 4.424024803824296, 4.081094068774443, 3.889415254303423, 4.0, 4.031128874149275, 4.123105625617661, 4.272001872658765, 5.173026588142831, 4.7386336138255185, 4.420178939750113, 4.243843079289414, 4.5, 4.527692569068709, 4.6097722286464435, 4.743416490252569, 5.467902631144182, 5.0588935181636225, 4.761904761904762, 4.598691029377106, 5.76981943621554, 5.383796130146001, 5.1057412884231015, 4.953868824114201, 5.0, 5.024937810560445, 5.0990195135927845, 5.220153254455275, 6.077727824623613, 5.712549339362289, 5.451289140009165, 5.309310266899466, 7.8257407549314095, 5.5, 5.522680508593631, 5.5901699437494745, 5.70087712549569, 6.390761827411023, 6.044524892755287, 5.798242364067895, 5.664965731113814, 6.708203932499369, 6.379219736334879, 6.146362971528592, 6.020797289396148, 6.0, 6.020797289396148, 6.082762530298219, 6.18465843842649, 6.519202405202649, 7.0178344238090995, 10.402255406534309, 12.323053569668566], [4.272001872658765, 1.8027756377319946, 1.5, 1.25, 0.75, 0.7071067811865476, 0.7071067811865476, 1.0, 0.0, 1.5206906325745548, 0.5590169943749475, 0.5590169943749475, 0.48517683705569636, 1.25, 0.75, 1.118033988749895, 1.118033988749895, 1.8027756377319946, 1.5, 1.8200274723201295, 1.8200274723201295, 2.462214450449026, 2.25, 2.5495097567963922, 2.5495097567963922, 5.0, 3.1622776601683795, 3.0, 3.2882366094914763, 3.2882366094914763, 5.315072906367325, 4.719934086168766, 4.206476488041321, 3.8078865529319543, 3.640054944640259, 3.5, 4.214620412594036, 5.5567572396504925, 4.990523900171798, 4.507992398490996, 4.138544553391707, 4.123105625617661, 4.031128874149275, 4.0, 4.031128874149275, 5.810353180455785, 5.2714307222432915, 4.817120356195919, 4.473276660528907, 4.6097722286464435, 4.527692569068709, 4.5, 4.527692569068709, 6.07436903584837, 5.561091346260304, 5.132485131797062, 4.811232605442545, 6.347504732296827, 5.858207413903027, 5.453004747015636, 5.151777977216275, 5.0990195135927845, 5.024937810560445, 5.0, 5.024937810560445, 6.628633004640103, 6.161700519173409, 5.777821384799683, 5.4944313181806255, 7.14743539904753, 5.5901699437494745, 5.522680508593631, 5.5, 5.522680508593631, 6.916779361429268, 6.470673420322775, 6.106249354484167, 5.838821519338802, 7.211102550927978, 6.784377479015873, 6.437735971942655, 6.18465843842649, 6.082762530298219, 6.020797289396148, 6.0, 6.020797289396148, 6.519202405202649, 7.0178344238090995, 9.86916617822414, 12.47759176153607], [3.0516389039334255, 1.8200274723201295, 2.3048861143232218, 1.118033988749895, 1.8027756377319946, 1.25, 2.1360009363293826, 0.5590169943749475, 1.5206906325745548, 0.0, 1.0, 2.0, 1.79230921255687, 0.7071067811865476, 1.5811388300841898, 1.25, 2.1360009363293826, 1.346291201783626, 1.9525624189766635, 1.8027756377319946, 2.5, 2.0615528128088303, 2.5, 2.462214450449026, 3.010398644698074, 3.7165171868296265, 2.7950849718747373, 3.132491021535417, 3.1622776601683795, 3.605551275463989, 4.100304866714182, 3.6524345001351874, 3.355137023199566, 3.25, 3.2882366094914763, 3.5794552658190883, 3.4180987540834984, 4.38879021962052, 3.9735698521121416, 3.7021512713935905, 3.6071428571428568, 3.783186487605389, 3.881043674065006, 4.038873605350878, 4.25, 4.686743136175674, 4.300388238550977, 4.050926519814231, 3.9642857142857144, 4.2793106921559225, 4.366062299143245, 4.5069390943299865, 4.697073557013984, 4.992468817925574, 4.631686806740818, 4.401044119570222, 4.321428571428571, 5.304623512771185, 4.966569076336569, 4.752207387802993, 4.678571428571429, 4.7762432936357, 4.8541219597369, 4.981214711292819, 5.153882032022076, 5.622136459331713, 5.304356336552505, 5.104200506621128, 5.035714285714286, 8.024247880870153, 5.273755777432247, 5.344389581607987, 5.460082416960389, 5.618051263561058, 5.944149069737846, 5.6445270785995065, 5.456862890682681, 5.392857142857142, 6.269968101992227, 5.986675018553937, 5.810072671184453, 5.75, 5.771698190307598, 5.836308764964376, 5.942432162002357, 6.0878978309429606, 6.329494450586082, 6.823672031978091, 10.49476875566902, 12.02635147732876], [3.913118960624632, 1.8200274723201295, 1.8200274723201295, 1.118033988749895, 1.118033988749895, 0.75, 1.25, 0.5590169943749475, 0.5590169943749475, 1.0, 0.0, 1.0, 0.7993279301052736, 0.7071067811865476, 0.7071067811865476, 0.75, 1.25, 1.346291201783626, 1.346291201783626, 1.5, 1.8027756377319946, 2.0615528128088303, 2.0615528128088303, 2.25, 2.462214450449026, 4.451123453691214, 2.7950849718747373, 2.7950849718747373, 3.0, 3.1622776601683795, 4.7762432936357, 4.203999418543146, 3.7314355295396853, 3.400367627183861, 3.2882366094914763, 3.2882366094914763, 3.7522608497548777, 5.02607994284181, 4.485821073443282, 4.046305809370795, 3.7431910974243263, 3.783186487605389, 3.75, 3.783186487605389, 3.881043674065006, 5.288247462486017, 4.777726691178652, 4.367685008743294, 4.088466855006874, 4.2793106921559225, 4.25, 4.2793106921559225, 4.366062299143245, 5.561002148710175, 5.077977551060096, 4.6942364671020025, 4.435622267276507, 5.84286150890511, 5.385177965801689, 5.024951912541653, 4.784248176280668, 4.7762432936357, 4.75, 4.7762432936357, 4.8541219597369, 6.132570290453012, 5.6982040572848955, 5.359060503339933, 5.134045029735027, 7.296037861319828, 5.273755777432247, 5.25, 5.273755777432247, 5.344389581607987, 6.4290674411819095, 6.016146546949835, 5.695965174961695, 5.484788798419252, 6.73145600891813, 6.338265623268807, 6.035197686166635, 5.836308764964376, 5.771698190307598, 5.75, 5.771698190307598, 5.836308764964376, 6.25, 6.75, 9.916334743522812, 12.143548770556292], [4.828301978956992, 2.3048861143232218, 1.8200274723201295, 1.8027756377319946, 1.118033988749895, 1.25, 0.75, 1.5206906325745548, 0.5590169943749475, 2.0, 1.0, 0.0, 0.2558866277798332, 1.5811388300841898, 0.7071067811865476, 1.25, 0.75, 1.9525624189766635, 1.346291201783626, 1.8027756377319946, 1.5, 2.5, 2.0615528128088303, 2.462214450449026, 2.25, 5.273755777432247, 3.132491021535417, 2.7950849718747373, 3.1622776601683795, 3.0, 5.55090082779363, 4.899688198696366, 4.311644440092176, 3.816084380618437, 3.5794552658190883, 3.2882366094914763, 4.29831640023617, 5.767276618286722, 5.143532252866815, 4.586857025198683, 4.124497495675896, 4.038873605350878, 3.881043674065006, 3.783186487605389, 3.75, 5.9971294153527985, 5.400000524901293, 4.872713720532695, 4.440220853120912, 4.5069390943299865, 4.366062299143245, 4.2793106921559225, 4.25, 6.238969858715394, 5.667379406957296, 5.167448371850169, 4.761800594098747, 6.491458280867628, 5.944196754540461, 5.469625982644763, 5.088126434380823, 4.981214711292819, 4.8541219597369, 4.7762432936357, 4.75, 6.7534005039940395, 6.229194395087649, 5.778078932060786, 5.41834092387577, 6.638959473741025, 5.460082416960389, 5.344389581607987, 5.273755777432247, 5.25, 7.023738901985559, 6.521299917018826, 6.091854064325825, 5.751774349126129, 7.301540933255117, 6.819600020854922, 6.410169871210729, 6.0878978309429606, 5.942432162002357, 5.836308764964376, 5.771698190307598, 5.75, 6.329494450586082, 6.823672031978091, 9.408890383899083, 12.340924747745236], [4.685440781657391, 2.2875781511696354, 1.9129993790220736, 1.7200083625514588, 1.176852409470748, 1.1889113382873073, 0.9165495058851267, 1.3449326142172389, 0.48517683705569636, 1.79230921255687, 0.7993279301052736, 0.2558866277798332, 0.0, 1.3357614705940133, 0.45914217052415773, 0.9946557743182544, 0.6448976165367646, 1.6984327116084836, 1.1450879888863998, 1.5699538461123344, 1.375248306798836, 2.260550518214537, 1.8805960416395022, 2.250593265888169, 2.119368508516471, 5.01805192636025, 2.9086944863526445, 2.6243201865184878, 2.9648920752701002, 2.8665550482119815, 5.295229467675598, 4.6464352194425595, 4.065483276377035, 3.585503755599117, 3.3643890373484533, 3.121804994079644, 4.055113881286441, 5.512480551941048, 4.8925808085983125, 4.344668110533835, 3.8992081121175954, 3.8311517294832673, 3.693372440945769, 3.6199829282405167, 3.614907027015752, 5.743738381623322, 5.1517410386848, 4.634568993088166, 4.219823771510877, 4.305384251610396, 4.183253514578083, 4.11860247905099, 4.114141805244447, 5.987380178204307, 5.422050030338164, 4.933297128038732, 4.5458886330869595, 6.2419559627564745, 5.7019224279296665, 5.239342840104327, 4.876309701717734, 4.784866093602514, 4.675277526192649, 4.617520585783796, 4.613542323784644, 6.506182377127519, 5.990017884579389, 5.551496039772169, 5.2102582652417615, 6.663289105798985, 5.268164150194939, 5.168832549678335, 5.1166499137452535, 5.113060018525539, 6.778931040268415, 6.285205739023255, 5.868782259027505, 5.547097269274265, 7.059214192373034, 6.5865324827967795, 6.190412277785886, 5.8863305275762645, 5.75431694409435, 5.663518332830433, 5.6159341448704225, 5.612663604095347, 6.159062419394578, 6.655273087236223, 9.387204197203578, 12.154382307711144], [3.75, 2.25, 2.462214450449026, 1.5, 1.8027756377319946, 1.346291201783626, 1.9525624189766635, 0.75, 1.25, 0.7071067811865476, 0.7071067811865476, 1.5811388300841898, 1.3357614705940133, 0.0, 1.0, 0.5590169943749475, 1.5206906325745548, 0.75, 1.25, 1.118033988749895, 1.8027756377319946, 1.5, 1.8027756377319946, 1.8200274723201295, 2.3048861143232218, 3.75, 2.25, 2.462214450449026, 2.5495097567963922, 2.9154759474226504, 4.0697051490249265, 3.5009919229333337, 3.056186803482041, 2.7950849718747373, 2.75, 2.9261749776799064, 3.087938666047134, 4.319066650874222, 3.787978508273023, 3.3811410074812986, 3.1471156214371714, 3.25, 3.2882366094914763, 3.400367627183861, 3.5794552658190883, 4.582714862415518, 4.086039641835176, 3.7120147208735395, 3.500182211000462, 3.75, 3.783186487605389, 3.881043674065006, 4.038873605350878, 4.858324436112785, 4.392921666838034, 4.047356434057716, 3.8540000423625593, 5.143973093210487, 4.70689957701648, 4.386141466192267, 4.208379638729552, 4.25, 4.2793106921559225, 4.366062299143245, 4.5069390943299865, 5.438079080119436, 5.026643863063813, 4.727629623755485, 4.563190121135942, 7.319265473010488, 4.75, 4.7762432936357, 4.8541219597369, 4.981214711292819, 5.739342385710071, 5.3511209540480955, 5.071274869121761, 4.918338237698599, 6.046693311223912, 5.679519737129579, 5.416666666666667, 5.273755777432247, 5.25, 5.273755777432247, 5.344389581607987, 5.460082416960389, 5.771698190307598, 6.269968101992227, 9.79397589772927, 11.578344498970823], [4.589389937671455, 2.462214450449026, 2.25, 1.8027756377319946, 1.5, 1.346291201783626, 1.346291201783626, 1.25, 0.75, 1.5811388300841898, 0.7071067811865476, 0.7071067811865476, 0.45914217052415773, 1.0, 0.0, 0.5590169943749475, 0.5590169943749475, 1.25, 0.75, 1.118033988749895, 1.118033988749895, 1.8027756377319946, 1.5, 1.8200274723201295, 1.8200274723201295, 4.589389937671455, 2.462214450449026, 2.25, 2.5495097567963922, 2.5495097567963922, 4.8541219597369, 4.1940765107205396, 3.6065141680637334, 3.132491021535417, 2.9261749776799064, 2.75, 3.596029421070549, 5.065011030066358, 4.436452920123423, 3.8857150151726665, 3.450266183165275, 3.400367627183861, 3.2882366094914763, 3.25, 3.2882366094914763, 5.2916231451421485, 4.693511828895487, 4.176807387784182, 3.7750861593086964, 3.881043674065006, 3.783186487605389, 3.75, 3.783186487605389, 5.532026421351457, 4.962972305414205, 4.477472587406321, 4.105279080224706, 5.784501636586636, 5.242922559169767, 4.785906771774594, 4.439646290378714, 4.366062299143245, 4.2793106921559225, 4.25, 4.2793106921559225, 6.047537026065458, 5.5317702283636505, 5.100700787742513, 4.777311386295921, 6.589025837296948, 4.8541219597369, 4.7762432936357, 4.75, 4.7762432936357, 6.319814160274665, 5.828192584171008, 5.420746762656655, 5.117621617549324, 6.600189391222043, 6.131091075638803, 5.745167051047727, 5.460082416960389, 5.344389581607987, 5.273755777432247, 5.25, 5.273755777432247, 5.771698190307598, 6.269968101992227, 9.22580551474682, 11.742687436165518], [4.301162633521313, 2.5495097567963922, 2.5495097567963922, 1.8200274723201295, 1.8200274723201295, 1.5, 1.8027756377319946, 1.118033988749895, 1.118033988749895, 1.25, 0.75, 1.25, 0.9946557743182544, 0.5590169943749475, 0.5590169943749475, 0.0, 1.0, 0.7071067811865476, 0.7071067811865476, 0.75, 1.25, 1.346291201783626, 1.346291201783626, 1.5, 1.8027756377319946, 4.031128874149275, 2.0615528128088303, 2.0615528128088303, 2.25, 2.462214450449026, 4.301162633521313, 3.655285366576885, 3.100179206289712, 2.692582403567252, 2.5495097567963922, 2.5495097567963922, 3.1020741221888715, 4.518104171676705, 3.9082446721301314, 3.394757195622915, 3.02708858577387, 3.0413812651491097, 3.0, 3.0413812651491097, 3.1622776601683795, 4.752013536708542, 4.17645109682519, 3.7003707603660927, 3.366249047985194, 3.5355339059327378, 3.5, 3.5355339059327378, 3.640054944640259, 5.000510178053468, 4.457153032141418, 4.014500361430727, 3.7087871387849054, 5.261527674486541, 4.748134852813141, 4.33529521261227, 4.053846749617918, 4.031128874149275, 4.0, 4.031128874149275, 4.123105625617661, 5.533294401961232, 5.0476190476190474, 4.661379414925009, 4.400834800214104, 6.777654253118953, 4.527692569068709, 4.5, 4.527692569068709, 4.6097722286464435, 5.814303264276777, 5.3541790743391, 4.991716494362505, 4.749328631394082, 6.103277807866851, 5.666666666666667, 5.325515102890153, 5.0990195135927845, 5.024937810560445, 5.0, 5.024937810560445, 5.0990195135927845, 5.5, 6.0, 9.296437010388832, 11.403560356257426], [5.1478150704935, 2.9154759474226504, 2.5495097567963922, 2.3048861143232218, 1.8200274723201295, 1.8027756377319946, 1.5, 1.8027756377319946, 1.118033988749895, 2.1360009363293826, 1.25, 0.75, 0.6448976165367646, 1.5206906325745548, 0.5590169943749475, 1.0, 0.0, 1.5811388300841898, 0.7071067811865476, 1.25, 0.75, 1.9525624189766635, 1.346291201783626, 1.8027756377319946, 1.5, 4.924428900898052, 2.5, 2.0615528128088303, 2.462214450449026, 2.25, 5.1478150704935, 4.437842318564782, 3.7785946829182113, 3.2015621187164243, 2.9154759474226504, 2.5495097567963922, 3.74418565932432, 5.330409487658753, 4.648409378547343, 4.023809523809524, 3.4875873187810575, 3.3541019662496847, 3.1622776601683795, 3.0413812651491097, 3.0, 5.530066243098831, 4.876071892159269, 4.284788259743881, 3.785714285714286, 3.8078865529319543, 3.640054944640259, 3.5355339059327378, 3.5, 5.745006705027969, 5.118549255918201, 4.558824389970961, 4.093299651969829, 5.973581293444306, 5.373836424178931, 4.843702225278257, 4.408364035488421, 4.272001872658765, 4.123105625617661, 4.031128874149275, 4.0, 6.214285714285714, 5.6401942682162955, 5.137618584184046, 4.729412959213385, 6.0646691249387, 4.743416490252569, 4.6097722286464435, 4.527692569068709, 4.5, 6.465765418647631, 5.916127694144543, 5.439108403659313, 5.05530636549157, 6.726812023536855, 6.200358412579424, 5.74697988318889, 5.385164807134504, 5.220153254455275, 5.0990195135927845, 5.024937810560445, 5.0, 5.5901699437494745, 6.082762530298219, 8.753128846233112, 11.613519521895057], [4.242640687119285, 3.0, 3.1622776601683795, 2.25, 2.462214450449026, 2.0615528128088303, 2.5, 1.5, 1.8027756377319946, 1.346291201783626, 1.346291201783626, 1.9525624189766635, 1.6984327116084836, 0.75, 1.25, 0.7071067811865476, 1.5811388300841898, 0.0, 1.0, 0.5590169943749475, 1.5206906325745548, 0.75, 1.25, 1.118033988749895, 1.8027756377319946, 3.3541019662496847, 1.5, 1.8027756377319946, 1.8200274723201295, 2.3048861143232218, 3.605551275463989, 2.948634335492355, 2.403700850309326, 2.0615528128088303, 2.0, 2.23606797749979, 2.414284071980681, 3.815248674592469, 3.201650651370951, 2.708117469157748, 2.4095896847761424, 2.5, 2.5495097567963922, 2.692582403567252, 2.9154759474226504, 4.0456577881446565, 3.4730089811602785, 3.0240907255823672, 2.7599541551945226, 3.0, 3.0413812651491097, 3.1622776601683795, 3.3541019662496847, 4.293445407756777, 3.7587388727912714, 3.3483505263286775, 3.1118601301131377, 4.555776776886279, 4.05580404916963, 3.6787062696815176, 3.4648379530385442, 3.5, 3.5355339059327378, 3.640054944640259, 3.8078865529319543, 4.830282875056204, 4.361889166118927, 4.013653003292512, 3.8185904013210457, 6.857556107347024, 4.0, 4.031128874149275, 4.123105625617661, 4.272001872658765, 5.115003939990901, 4.675222962658239, 4.352130867046649, 4.172920476851008, 5.408326913195984, 4.994441354590566, 4.693375946776241, 4.527692569068709, 4.5, 4.527692569068709, 4.6097722286464435, 4.743416490252569, 5.024937810560445, 5.522680508593631, 9.206628602687928, 10.834365389480581], [5.0, 3.1622776601683795, 3.0, 2.462214450449026, 2.25, 2.0615528128088303, 2.0615528128088303, 1.8027756377319946, 1.5, 1.9525624189766635, 1.346291201783626, 1.346291201783626, 1.1450879888863998, 1.25, 0.75, 0.7071067811865476, 0.7071067811865476, 1.0, 0.0, 0.5590169943749475, 0.5590169943749475, 1.25, 0.75, 1.118033988749895, 1.118033988749895, 4.272001872658765, 1.8027756377319946, 1.5, 1.8200274723201295, 1.8200274723201295, 4.47213595499958, 3.745367509040705, 3.0731814857642954, 2.5, 2.23606797749979, 2.0, 3.0372405193128267, 4.642857142857142, 3.947644896233369, 3.316710251653592, 2.7939438879439917, 2.692582403567252, 2.5495097567963922, 2.5, 2.5495097567963922, 4.8339783759110375, 4.170746302108687, 3.579356280564978, 3.1011847637274874, 3.1622776601683795, 3.0413812651491097, 3.0, 3.0413812651491097, 5.0431808880296725, 4.411513487134039, 3.857216342627439, 3.418138889715828, 5.268311118453079, 4.667213281883966, 4.147233594248191, 3.7423391135513535, 3.640054944640259, 3.5355339059327378, 3.5, 3.5355339059327378, 5.50741615034321, 4.935525344969773, 4.447030143534634, 4.072055089639778, 6.072041681804874, 4.123105625617661, 4.031128874149275, 4.0, 4.031128874149275, 5.758755534498963, 5.214503148325852, 4.754756539568234, 4.4060487180831815, 6.020797289396148, 5.50252467307306, 5.068968775248516, 4.743416490252569, 4.6097722286464435, 4.527692569068709, 4.5, 4.527692569068709, 5.024937810560445, 5.522680508593631, 8.599740329711267, 11.00981926642787], [4.7762432936357, 3.2882366094914763, 3.2882366094914763, 2.5495097567963922, 2.5495097567963922, 2.25, 2.462214450449026, 1.8200274723201295, 1.8200274723201295, 1.8027756377319946, 1.5, 1.8027756377319946, 1.5699538461123344, 1.118033988749895, 1.118033988749895, 0.75, 1.25, 0.5590169943749475, 0.5590169943749475, 0.0, 1.0, 0.7071067811865476, 0.7071067811865476, 0.75, 1.25, 3.7165171868296265, 1.346291201783626, 1.346291201783626, 1.5, 1.8027756377319946, 3.913118960624632, 3.1896098681674396, 2.534484387624258, 2.0155644370746373, 1.8200274723201295, 1.8200274723201295, 2.508239668473593, 4.085345887487149, 3.3987000649541397, 2.7930560559214115, 2.332391695322242, 2.3048861143232218, 2.25, 2.3048861143232218, 2.462214450449026, 4.280502783743127, 3.630952380952381, 3.071451642585923, 2.6594555987330666, 2.7950849718747373, 2.75, 2.7950849718747373, 2.9261749776799064, 4.495604429181182, 3.882212036298968, 3.364754120999717, 2.9934026096857513, 4.727929391026331, 4.149027288129318, 3.669390608485519, 3.332163910513799, 3.2882366094914763, 3.25, 3.2882366094914763, 3.400367627183861, 4.975065377480389, 4.428587429566587, 3.9827611805524055, 3.674408185028452, 6.306030913009423, 3.783186487605389, 3.75, 3.783186487605389, 3.881043674065006, 5.234915160219302, 4.718627750289801, 4.3029580343997065, 4.019245791774107, 5.50567888638631, 5.01733107449679, 4.628564692332938, 4.366062299143245, 4.2793106921559225, 4.25, 4.2793106921559225, 4.366062299143245, 4.75, 5.25, 8.697056250861944, 10.664970738578367], [5.55090082779363, 3.5794552658190883, 3.2882366094914763, 2.9154759474226504, 2.5495097567963922, 2.462214450449026, 2.25, 2.3048861143232218, 1.8200274723201295, 2.5, 1.8027756377319946, 1.5, 1.375248306798836, 1.8027756377319946, 1.118033988749895, 1.25, 0.75, 1.5206906325745548, 0.5590169943749475, 1.0, 0.0, 1.5811388300841898, 0.7071067811865476, 1.25, 0.75, 4.670385423067351, 1.9525624189766635, 1.346291201783626, 1.8027756377319946, 1.5, 4.828301978956992, 4.0628739144163015, 3.330206867114681, 2.6575364531836625, 2.3048861143232218, 1.8200274723201295, 3.269147997023162, 4.968908433490012, 4.229006439443266, 3.530981279784125, 2.9051765902278923, 2.704163456597992, 2.462214450449026, 2.3048861143232218, 2.25, 5.130565668776948, 4.417821694690393, 3.755060832983992, 3.1737523661484137, 3.132491021535417, 2.9261749776799064, 2.7950849718747373, 2.75, 5.311351916760315, 4.626543377957016, 3.9985293498299153, 3.458389680714634, 5.509384387255133, 4.852603504406171, 4.258062247584973, 3.7554382336194285, 3.5794552658190883, 3.400367627183861, 3.2882366094914763, 3.25, 5.722873011888703, 5.093694136346285, 4.530899832040194, 4.062176203736623, 5.53259796985049, 4.038873605350878, 3.881043674065006, 3.783186487605389, 3.75, 5.950154345451375, 5.347782828344688, 4.814780837428808, 4.376566774846909, 6.189709201569974, 5.613104706349636, 5.107864306907318, 4.697073557013984, 4.5069390943299865, 4.366062299143245, 4.2793106921559225, 4.25, 4.8541219597369, 5.344389581607987, 8.11371129270002, 10.889180306219764], [4.802343178074636, 3.75, 3.881043674065006, 3.0, 3.1622776601683795, 2.7950849718747373, 3.132491021535417, 2.25, 2.462214450449026, 2.0615528128088303, 2.0615528128088303, 2.5, 2.260550518214537, 1.5, 1.8027756377319946, 1.346291201783626, 1.9525624189766635, 0.75, 1.25, 0.7071067811865476, 1.5811388300841898, 0.0, 1.0, 0.5590169943749475, 1.5206906325745548, 3.092329219213245, 0.75, 1.25, 1.118033988749895, 1.8027756377319946, 3.25, 2.5013885033006056, 1.827642683288442, 1.346291201783626, 1.25, 1.6007810593582121, 1.8019905535740965, 3.403367180200412, 2.697656873605268, 2.088225548412595, 1.6831245239925967, 1.75, 1.8200274723201295, 2.0155644370746373, 2.3048861143232218, 3.5858636849923533, 2.924527792959298, 2.37406742640657, 2.026923374808959, 2.25, 2.3048861143232218, 2.462214450449026, 2.704163456597992, 3.793287573101319, 3.175448796105732, 2.67708953716955, 2.374664315697041, 4.021783795526456, 3.4451689860446075, 2.992076649375307, 2.724838508601782, 2.75, 2.7950849718747373, 2.9261749776799064, 3.132491021535417, 4.267969215503996, 3.729611999784192, 3.315620455098498, 3.0766152220402527, 6.450232900168916, 3.25, 3.2882366094914763, 3.400367627183861, 3.5794552658190883, 4.5289601004907, 4.025658211557605, 3.6454433707869485, 3.4295013619820494, 4.802343178074636, 4.330928820062094, 3.979984645419851, 3.783186487605389, 3.75, 3.783186487605389, 3.881043674065006, 4.038873605350878, 4.2793106921559225, 4.7762432936357, 8.644481278270032, 10.091277691586011], [5.482928049865327, 3.881043674065006, 3.75, 3.1622776601683795, 3.0, 2.7950849718747373, 2.7950849718747373, 2.462214450449026, 2.25, 2.5, 2.0615528128088303, 2.0615528128088303, 1.8805960416395022, 1.8027756377319946, 1.5, 1.346291201783626, 1.346291201783626, 1.25, 0.75, 0.7071067811865476, 0.7071067811865476, 1.0, 0.0, 0.5590169943749475, 0.5590169943749475, 4.0697051490249265, 1.25, 0.75, 1.118033988749895, 1.118033988749895, 4.190763653560053, 3.404449702635916, 2.6470633623780984, 1.9525624189766635, 1.6007810593582121, 1.25, 2.5774468660102987, 4.310789737770251, 3.5511527622791843, 2.83325830232786, 2.1983876280731987, 2.0155644370746373, 1.8200274723201295, 1.75, 1.8200274723201295, 4.456278533411813, 3.72641867550128, 3.0500594767629337, 2.471521468113708, 2.462214450449026, 2.3048861143232218, 2.25, 2.3048861143232218, 4.62482763054418, 3.92642437721939, 3.291424472274784, 2.763879630563693, 4.814015465072706, 4.1475923950813876, 3.5523498338991937, 3.0699747389773724, 2.9261749776799064, 2.7950849718747373, 2.75, 2.7950849718747373, 5.021509855062499, 4.386723036877023, 3.8288386841096136, 3.3860834638989328, 5.60795139837934, 3.400367627183861, 3.2882366094914763, 3.25, 3.2882366094914763, 5.2451386627844965, 4.641040548154531, 4.11775716091675, 3.7096468284510227, 5.482928049865327, 4.908184774209074, 4.416666666666666, 4.038873605350878, 3.881043674065006, 3.783186487605389, 3.75, 3.783186487605389, 4.2793106921559225, 4.7762432936357, 7.995034714183052, 10.279422762749526], [5.315072906367325, 4.031128874149275, 4.031128874149275, 3.2882366094914763, 3.2882366094914763, 3.0, 3.1622776601683795, 2.5495097567963922, 2.5495097567963922, 2.462214450449026, 2.25, 2.462214450449026, 2.250593265888169, 1.8200274723201295, 1.8200274723201295, 1.5, 1.8027756377319946, 1.118033988749895, 1.118033988749895, 0.75, 1.25, 0.5590169943749475, 0.5590169943749475, 0.0, 1.0, 3.5355339059327378, 0.7071067811865476, 0.7071067811865476, 0.75, 1.25, 3.640054944640259, 2.848001248439177, 2.0883273476902775, 1.4142135623730951, 1.118033988749895, 1.118033988749895, 2.0210563103127983, 3.753909526705975, 2.9921476978593464, 2.2809971165709495, 1.6857748173151348, 1.5811388300841898, 1.5, 1.5811388300841898, 1.8027756377319946, 3.89727796162964, 3.1701556146844263, 2.5099574939259814, 1.9846348556356865, 2.0615528128088303, 2.0, 2.0615528128088303, 2.23606797749979, 4.067040241567645, 3.3766740200442387, 2.7662117485184896, 2.300177455443517, 4.260042157499556, 3.606808879714114, 3.042872047060898, 2.6263966158357483, 2.5495097567963922, 2.5, 2.5495097567963922, 2.692582403567252, 4.473276660528907, 3.8563344243910906, 3.3348635943234264, 2.9597641935858086, 5.892406518294498, 3.0413812651491097, 3.0, 3.0413812651491097, 3.1622776601683795, 4.703993093150559, 4.121730477787124, 3.6384972353320912, 3.298113251604341, 4.949747468305833, 4.400126260814695, 3.9510898637098992, 3.640054944640259, 3.5355339059327378, 3.5, 3.5355339059327378, 3.640054944640259, 4.0, 4.5, 8.122735608967366, 9.928092108288459], [6.020797289396148, 4.272001872658765, 4.031128874149275, 3.5794552658190883, 3.2882366094914763, 3.1622776601683795, 3.0, 2.9154759474226504, 2.5495097567963922, 3.010398644698074, 2.462214450449026, 2.25, 2.119368508516471, 2.3048861143232218, 1.8200274723201295, 1.8027756377319946, 1.5, 1.8027756377319946, 1.118033988749895, 1.25, 0.75, 1.5206906325745548, 0.5590169943749475, 1.0, 0.0, 4.527692569068709, 1.5811388300841898, 0.7071067811865476, 1.25, 0.75, 4.6097722286464435, 3.8005847503304597, 3.0046260628866577, 2.23606797749979, 1.8027756377319946, 1.118033988749895, 2.9121694664615956, 4.7001953932463145, 3.909767407293984, 3.141594262865855, 2.4169891879555183, 2.1213203435596424, 1.8027756377319946, 1.5811388300841898, 1.5, 4.8154725116237636, 4.0476190476190474, 3.311578670057811, 2.6341555592265395, 2.5, 2.23606797749979, 2.0615528128088303, 2.0, 4.9538688241142, 4.211325298641159, 3.5097854783887277, 2.8793777672494816, 5.113507522598698, 4.397999957721455, 3.7317203755709305, 3.1461022207921774, 2.9154759474226504, 2.692582403567252, 2.5495097567963922, 2.5, 5.292466729383629, 4.604850543294222, 3.9734093495901512, 3.429315395473658, 5.056092265475659, 3.3541019662496847, 3.1622776601683795, 3.0413812651491097, 3.0, 5.488856986696607, 4.8292851919153215, 4.231468870048076, 3.725258517258656, 5.70087712549569, 5.068968775248516, 4.503085362035432, 4.031128874149275, 3.8078865529319543, 3.640054944640259, 3.5355339059327378, 3.5, 4.123105625617661, 4.6097722286464435, 7.494822031497307, 10.168562326961032], [4.5, 5.408326913195984, 6.020797289396148, 4.802343178074636, 5.482928049865327, 4.949747468305833, 5.70087712549569, 4.242640687119285, 5.0, 3.7165171868296265, 4.451123453691214, 5.273755777432247, 5.01805192636025, 3.75, 4.589389937671455, 4.031128874149275, 4.924428900898052, 3.3541019662496847, 4.272001872658765, 3.7165171868296265, 4.670385423067351, 3.092329219213245, 4.0697051490249265, 3.5355339059327378, 4.527692569068709, 0.0, 3.0, 4.0, 3.5089172119045497, 4.5069390943299865, 0.5, 0.9718253158075502, 1.7400510848184252, 2.5495097567963922, 3.0413812651491097, 4.031128874149275, 1.897995035376237, 0.8571428571428568, 1.1954657343460182, 1.8741589194432788, 2.642857142857143, 3.1622776601683795, 3.640054944640259, 4.123105625617661, 4.6097722286464435, 1.2142857142857144, 1.4727301994468682, 2.062102706873774, 2.7792966369062455, 3.3541019662496847, 3.8078865529319543, 4.272001872658765, 4.743416490252569, 1.5714285714285712, 1.778716447201882, 2.290669232534418, 2.9528609440849123, 1.9285714285714288, 2.100912230329122, 2.5489538114449664, 3.1574337293286208, 3.605551275463989, 4.031128874149275, 4.47213595499958, 4.924428900898052, 2.2857142857142856, 2.4328859900050417, 2.828827950529361, 3.3874016289655358, 8.931914123352321, 3.905124837953327, 4.301162633521313, 4.716990566028302, 5.1478150704935, 2.6428571428571423, 2.771125822115528, 3.1244954241171157, 3.6379518794990977, 3.0, 3.1135902820449006, 3.4318767136623336, 3.905124837953327, 4.242640687119285, 4.6097722286464435, 5.0, 5.408326913195984, 4.949747468305833, 5.315072906367325, 10.499358665223212, 9.3761056331898], [5.408326913195984, 4.5, 4.6097722286464435, 3.75, 3.881043674065006, 3.5355339059327378, 3.8078865529319543, 3.0, 3.1622776601683795, 2.79508497187