totalHoles = 90;
zeroHoleID = 48;
C = [[0.0, 0.33333333333333326, 1.0, 2.833333333333333, 4.666666666666666, 6.5, 1.0092546959624782, 2.8366129131589477, 4.668658567415279, 6.501430230443322, 1.036523113726489, 2.846428980857775, 4.67462917706496, 6.505719035225027, 0.30000000000000004, 0.44845413490245695, 1.0804422112731558, 2.8627142975991515, 4.684563282706147, 6.512860767120761, 1.139087644194697, 2.885359325791989, 4.6984357438337705, 6.522846055301092, 0.6000000000000001, 0.6863753427324667, 1.2103206323358497, 2.9142158140459724, 4.716211807249079, 6.5356618664874215, 1.292060945777445, 2.9491014335524444, 4.737847535050181, 6.551291589267212, 0.8999999999999999, 0.9597453365925311, 4.29891704559419, 1.3824460296132317, 2.989805144582363, 4.763290333642404, 6.569715140308094, 1.0137937550497031, 1.118033988749895, 1.4798927814636096, 3.0360929535186956, 4.792479569325869, 6.590909090909091, 1.2, 1.2454361128179603, 1.5830977061152725, 3.087713737522508, 4.825347254331569, 6.614846812066583, 1.3106402167558333, 1.392838827718412, 1.6910068397943885, 3.1444048578402213, 4.861818786216654, 6.641498636018184, 1.5, 1.536590742882148, 1.8027756377319946, 3.2058973436118907, 4.9018137232842465, 6.670832032063167, 1.608657134935154, 1.6763054614240211, 1.9072959334559956, 1.96468827043885, 2.0, 2.23606797749979, 5.0771820705759385, 2.2063040991163883, 2.2561028345356955, 2.5055493963954847, 2.5495097567963922, 3.0051624652520617, 4.126472801046649, 3.783186487605389, 4.935697631653617, 6.718548123582124, 6.485025486114574, 7.731609003162136, 9.85721259362719, 9.118052911059953, 10.5, 10.547511554864494, 13.606133124380422, 11.843892002959914, 12.415373086773462], [0.33333333333333326, 0.0, 0.6666666666666667, 2.5, 4.333333333333333, 6.166666666666667, 0.6804700476632006, 2.5037162461673477, 4.335478384111734, 6.168174188453184, 0.7202948075154372, 2.5148320352041917, 4.341907178080507, 6.172694544772731, 0.44845413490245695, 0.30000000000000004, 0.7821763332812307, 2.5332499623805043, 4.352600734007037, 6.180221124658777, 0.8613739638516301, 2.5588123536431944, 4.367527726178141, 6.190742963403892, 0.6863753427324667, 0.6000000000000001, 0.9535829683369432, 2.5913077843162227, 4.386644937858047, 6.204244821961463, 1.0553984707435151, 2.630479326587325, 4.409897874711055, 6.220707296230959, 0.9597453365925311, 0.8999999999999999, 3.9737594467295256, 1.1643029971780683, 2.676033823551823, 4.437221518312013, 6.240106954417622, 1.0137937550497031, 1.0137937550497034, 1.278486249074484, 2.727651488850454, 4.468541196230138, 6.262416500234225, 1.2454361128179603, 1.2, 1.3966541417086342, 2.7849952149164343, 4.503773542806655, 6.28760495935338, 1.3106402167558333, 1.3106402167558335, 1.5178763377415991, 2.8477191104867425, 4.542827523691515, 6.315637886232015, 1.536590742882148, 1.5, 1.6414763002993509, 2.9154759474226504, 4.585605497399201, 6.346477588219924, 1.608657134935154, 1.608657134935154, 1.9072959334559956, 1.9072959334559956, 2.0275875100994063, 2.1081851067789197, 4.772607021092117, 2.2063040991163883, 2.2063040991163883, 2.5055493963954847, 2.5055493963954847, 2.929392322558046, 3.905124837953327, 3.7537018765184027, 4.8790937227681495, 6.491447364716816, 6.3464775882199245, 7.695597587076798, 9.680358486423465, 9.020039418489873, 10.505289672879616, 10.52114273472442, 13.42208687792499, 11.76860229593982, 12.383764069727215], [1.0, 0.6666666666666667, 0.0, 1.833333333333333, 3.666666666666666, 5.5, 0.13636363636363635, 1.8383977133453533, 3.669201477946769, 5.501690198595547, 0.2727272727272727, 1.8535078301427177, 3.6767954266907066, 5.5067576817297175, 1.044030650891055, 0.731057073315377, 0.40909090909090906, 1.8784212741054485, 3.689417273275722, 5.515193140036061, 0.5454545454545454, 1.9127550214986064, 3.7070156602854354, 5.526981152596508, 1.1661903789690602, 0.8969082698049141, 0.6818181818181817, 1.9560130736191312, 3.7295201403802998, 5.542100326866868, 0.8181818181818181, 2.0076186387644483, 3.756842548210897, 5.560523490428154, 1.345362404707371, 1.120019841094096, 3.3283004008476365, 0.9545454545454546, 2.0669465730648433, 3.788878655913624, 5.582217930607277, 1.3017082793177759, 1.118033988749895, 1.0909090909090908, 2.133352703080109, 3.825510042997213, 5.607145677136282, 1.5620499351813308, 1.3727506854649334, 1.227272727272727, 2.2061979644217216, 3.86660610762874, 5.635263822316347, 1.5441646429200626, 1.392838827718412, 1.3636363636363635, 2.284866570139822, 3.9120261472382625, 5.666524872638556, 1.8027756377319946, 1.6414763002993509, 1.5, 2.3687784005919825, 3.961621441334904, 5.70087712549569, 1.8040078836979747, 1.6763054614240211, 2.0747155092793914, 1.96468827043885, 2.23606797749979, 2.0, 4.176654695380555, 2.3525399984791853, 2.2561028345356955, 2.6352313834736494, 2.5495097567963922, 2.8894085761506694, 3.515837184954831, 3.783186487605389, 4.833333333333334, 6.066758241067099, 6.114645442614714, 7.666666666666668, 9.352294248565649, 8.858454843945543, 10.547511554864494, 10.5, 13.071732782827262, 11.645218379708949, 12.347328719326674], [2.833333333333333, 2.5, 1.833333333333333, 0.0, 1.833333333333333, 3.666666666666667, 1.8383977133453533, 0.13636363636363635, 1.8383977133453533, 3.66920147794677, 1.8535078301427177, 0.2727272727272727, 1.8535078301427177, 3.6767954266907075, 2.849171419514413, 2.5179356624028344, 1.8784212741054485, 0.40909090909090906, 1.8784212741054485, 3.6894172732757236, 1.9127550214986064, 0.5454545454545454, 1.9127550214986064, 3.7070156602854367, 2.896166048032774, 2.570992026436488, 1.9560130736191312, 0.6818181818181817, 1.9560130736191312, 3.7295201403803007, 2.0076186387644483, 0.8181818181818181, 2.0076186387644483, 3.756842548210898, 2.9728400188671062, 2.6570660511172846, 1.6430673420753172, 2.0669465730648433, 0.9545454545454546, 2.0669465730648433, 3.7888786559136247, 2.848001248439177, 2.5385910352879693, 2.133352703080109, 1.0909090909090908, 2.133352703080109, 3.8255100429972138, 3.0769754269050926, 2.773084924772409, 2.2061979644217216, 1.227272727272727, 2.2061979644217216, 3.866606107628741, 2.9666666666666663, 2.671038083675417, 2.284866570139822, 1.3636363636363635, 2.284866570139822, 3.9120261472382634, 3.2058973436118907, 2.9154759474226504, 2.3687784005919825, 1.5, 2.3687784005919825, 3.9616214413349047, 3.10984101058416, 2.8292126898563925, 3.2743107841362753, 3.009060392289334, 3.4681086744474685, 2.7131367660166177, 2.7131367660166177, 3.457037909990446, 3.2069369255481845, 3.655285366576885, 3.419714088113865, 3.506024420845021, 3.0, 4.416666666666666, 5.169354139756941, 5.169354139756941, 5.833333333333334, 7.882822393590312, 8.653203226656387, 8.666666666666668, 10.8755587340503, 10.65885130354632, 12.244485746385184, 11.5, 12.432291552632591], [4.666666666666666, 4.333333333333333, 3.666666666666666, 1.833333333333333, 0.0, 1.833333333333334, 3.669201477946769, 1.8383977133453533, 0.13636363636363635, 1.8383977133453542, 3.6767954266907066, 1.8535078301427177, 0.2727272727272727, 1.8535078301427188, 4.676299581696811, 4.343705535343962, 3.689417273275722, 1.8784212741054485, 0.40909090909090906, 1.8784212741054493, 3.7070156602854354, 1.9127550214986064, 0.5454545454545454, 1.9127550214986073, 4.70507999695837, 4.374674591072778, 3.7295201403802998, 1.9560130736191312, 0.6818181818181817, 1.9560130736191321, 3.756842548210897, 2.0076186387644483, 0.8181818181818181, 2.0076186387644492, 4.752660073872081, 4.425808149680437, 1.021753025504979, 3.788878655913624, 2.0669465730648433, 0.9545454545454546, 2.0669465730648438, 4.609772228646443, 4.2849867107274795, 3.825510042997213, 2.133352703080109, 1.0909090909090908, 2.13335270308011, 4.818482933224707, 4.4964183277112655, 3.86660610762874, 2.2061979644217216, 1.227272727272727, 2.2061979644217224, 4.684015371452147, 4.364757852517263, 3.9120261472382625, 2.284866570139822, 1.3636363636363635, 2.284866570139823, 4.9018137232842465, 4.585605497399201, 3.961621441334904, 2.3687784005919825, 1.5, 2.368778400591983, 4.775981574503821, 4.463307194347159, 4.8846698967279245, 4.579422573983657, 5.0771820705759385, 4.176654695380555, 2.0, 5.008991914547277, 4.711805504380577, 5.1478150704934995, 4.85912657903775, 4.791446001095339, 3.515837184954831, 5.605676686280712, 6.066758241067099, 4.833333333333334, 6.114645442614714, 8.498365855987975, 8.307386272113579, 8.858454843945543, 11.490334102095455, 11.121800413801914, 11.649329880445535, 11.645218379708949, 12.782387970110758], [6.5, 6.166666666666667, 5.5, 3.666666666666667, 1.833333333333334, 0.0, 5.501690198595547, 3.66920147794677, 1.8383977133453542, 0.13636363636363635, 5.5067576817297175, 3.6767954266907075, 1.8535078301427188, 0.2727272727272727, 6.5069193939989765, 6.173959651453659, 5.515193140036061, 3.6894172732757236, 1.8784212741054493, 0.40909090909090906, 5.526981152596508, 3.7070156602854367, 1.9127550214986073, 0.5454545454545454, 6.527633568147036, 6.195787099132586, 5.542100326866868, 3.7295201403803007, 1.9560130736191321, 0.6818181818181817, 5.560523490428154, 3.756842548210898, 2.0076186387644492, 0.8181818181818181, 6.5620118866091675, 6.23199629154076, 2.4719446640013873, 5.582217930607277, 3.7888786559136247, 2.0669465730648438, 0.9545454545454546, 6.411794687223781, 6.082762530298219, 5.607145677136282, 3.8255100429972138, 2.13335270308011, 1.0909090909090908, 6.609841147864296, 6.282338559627122, 5.635263822316347, 3.866606107628741, 2.2061979644217224, 1.227272727272727, 6.465377878446944, 6.139218191268331, 5.666524872638556, 3.9120261472382634, 2.284866570139823, 1.3636363636363635, 6.670832032063167, 6.346477588219924, 5.70087712549569, 3.9616214413349047, 2.368778400591983, 1.5, 6.532312845471434, 6.20966987850401, 6.612194122310015, 6.293647591023825, 6.800735254367722, 5.852349955359813, 2.713136766016618, 6.704558979613134, 6.390618123468183, 6.808899405271832, 6.5, 6.351844184603837, 4.737556801183965, 7.075485849042453, 7.321960878829599, 5.169354139756942, 6.890008869531463, 9.435453236478775, 8.358805506088057, 9.410396142328738, 12.349089035228468, 11.853269591129697, 11.322922076728895, 12.070395372333271, 13.376817013379044], [1.0092546959624782, 0.6804700476632006, 0.13636363636363635, 1.8383977133453533, 3.669201477946769, 5.501690198595547, 0.0, 1.833333333333333, 3.666666666666666, 5.5, 0.13636363636363635, 1.8383977133453533, 3.669201477946769, 5.501690198595547, 1.0132999849522017, 0.6864556095980109, 0.2727272727272727, 1.8535078301427177, 3.6767954266907066, 5.5067576817297175, 0.40909090909090906, 1.8784212741054485, 3.689417273275722, 5.515193140036061, 1.1022516399107558, 0.8120364044366454, 0.5454545454545453, 1.9127550214986064, 3.7070156602854354, 5.526981152596508, 0.6818181818181818, 1.9560130736191312, 3.7295201403802998, 5.542100326866868, 1.258229111039706, 1.0136986437360036, 3.293640018230543, 0.8181818181818182, 2.0076186387644483, 3.756842548210897, 5.560523490428154, 1.2001300817159304, 0.9979317454590977, 0.9545454545454545, 2.066946573064843, 3.788878655913624, 5.582217930607277, 1.4599048989744456, 1.255295486526591, 1.0909090909090908, 2.133352703080109, 3.825510042997213, 5.607145677136282, 1.4312561025970523, 1.2665107922070225, 1.227272727272727, 2.2061979644217216, 3.86660610762874, 5.635263822316347, 1.6910068397943887, 1.5178763377415994, 1.3636363636363638, 2.284866570139822, 3.9120261472382625, 5.666524872638556, 1.6842434056285105, 1.5466840029426432, 1.9506044364721775, 1.833142990369408, 2.114980022569426, 1.8636363636363638, 4.11309918921392, 2.2255425149313055, 2.1233452477923405, 2.5062364820480485, 2.415942230166966, 2.7532613505227097, 3.400224159412377, 3.6480635642207555, 4.696969696969697, 5.958688511635429, 5.984695049816834, 7.530303030303031, 9.23179403466485, 8.725089162862933, 10.41177019904329, 10.363636363636363, 12.954385128955321, 11.510575246966148, 12.211018134948198], [2.8366129131589477, 2.5037162461673477, 1.8383977133453533, 0.13636363636363635, 1.8383977133453533, 3.66920147794677, 1.833333333333333, 0.0, 1.833333333333333, 3.666666666666667, 1.8383977133453533, 0.13636363636363635, 1.8383977133453533, 3.66920147794677, 2.838054727675615, 2.5053496481537527, 1.8535078301427177, 0.2727272727272727, 1.8535078301427177, 3.6767954266907075, 1.8784212741054485, 0.40909090909090906, 1.8784212741054485, 3.6894172732757236, 2.8710166240312383, 2.5426283011258155, 1.9127550214986064, 0.5454545454545453, 1.9127550214986064, 3.7070156602854367, 1.9560130736191312, 0.6818181818181818, 1.9560130736191312, 3.7295201403803007, 2.934436619463018, 2.6140276386962262, 1.5716714993921606, 2.0076186387644483, 0.8181818181818182, 2.0076186387644483, 3.756842548210898, 2.8030303030303028, 2.488033804641626, 2.066946573064843, 0.9545454545454545, 2.066946573064843, 3.7888786559136247, 3.026400517417905, 2.7168589058045667, 2.133352703080109, 1.0909090909090908, 2.133352703080109, 3.8255100429972138, 2.9094949214404844, 2.607392189759972, 2.2061979644217216, 1.227272727272727, 2.2061979644217216, 3.866606107628741, 3.1444048578402213, 2.847719110486743, 2.284866570139822, 1.3636363636363638, 2.284866570139822, 3.9120261472382634, 3.0419307217735563, 2.7543921016084694, 3.1971118739030087, 2.924868829124639, 3.3913003809225666, 2.614240158627145, 2.614240158627145, 3.371899487296949, 3.1149702222921425, 3.5634095990519032, 3.3213282439332277, 3.394697833962658, 2.8636363636363638, 4.301489534224102, 5.042086417879281, 5.042086417879281, 5.696969696969697, 7.7502628883994715, 8.522824617961811, 8.530303030303031, 10.743962791049851, 10.524546060937595, 12.119130633716587, 11.363636363636363, 12.296922811768159], [4.668658567415279, 4.335478384111734, 3.669201477946769, 1.8383977133453533, 0.13636363636363635, 1.8383977133453542, 3.666666666666666, 1.833333333333333, 0.0, 1.833333333333334, 3.669201477946769, 1.8383977133453533, 0.13636363636363635, 1.8383977133453542, 4.669534734562096, 4.336421870307582, 3.6767954266907066, 1.8535078301427177, 0.2727272727272727, 1.8535078301427188, 3.689417273275722, 1.8784212741054485, 0.40909090909090906, 1.8784212741054493, 4.689641399453024, 4.358065678195285, 3.7070156602854354, 1.9127550214986064, 0.5454545454545453, 1.9127550214986073, 3.7295201403802998, 1.9560130736191312, 0.6818181818181818, 1.9560130736191321, 4.728733263110274, 4.400104348040572, 0.9024745184966348, 3.756842548210897, 2.0076186387644483, 0.8181818181818182, 2.0076186387644492, 4.58212480936465, 4.255229591891153, 3.788878655913624, 2.066946573064843, 0.9545454545454545, 2.0669465730648438, 4.786345170568809, 4.4619614623870705, 3.825510042997213, 2.133352703080109, 1.0909090909090908, 2.13335270308011, 4.648015661201762, 4.326102252361584, 3.86660610762874, 2.2061979644217216, 1.227272727272727, 2.2061979644217224, 4.861818786216654, 4.542827523691515, 3.9120261472382625, 2.284866570139822, 1.3636363636363638, 2.284866570139823, 4.732043047665424, 4.41625888236523, 4.83326113748683, 4.524546865074071, 5.025029181372536, 4.11309918921392, 1.8636363636363638, 4.950615622457707, 4.649699576578407, 5.082988969051982, 4.790395387712296, 4.710596663455874, 3.400224159412377, 5.515385651040745, 5.958688511635429, 4.696969696969697, 5.984695049816834, 8.375554200925182, 8.171491911567957, 8.725089162862933, 11.365858368617117, 10.993152556120123, 11.51749898142383, 11.510575246966148, 12.650765969195568], [6.501430230443322, 6.168174188453184, 5.501690198595547, 3.66920147794677, 1.8383977133453542, 0.13636363636363635, 5.5, 3.666666666666667, 1.833333333333334, 0.0, 5.501690198595547, 3.66920147794677, 1.8383977133453542, 0.13636363636363635, 6.502059432172558, 6.16883738132899, 5.5067576817297175, 3.6767954266907075, 1.8535078301427188, 0.2727272727272727, 5.515193140036061, 3.6894172732757236, 1.8784212741054493, 0.40909090909090906, 6.516514304264661, 6.184071187774582, 5.526981152596508, 3.7070156602854367, 1.9127550214986073, 0.5454545454545453, 5.542100326866868, 3.7295201403803007, 1.9560130736191321, 0.6818181818181818, 6.5447032397097855, 6.213768443838694, 2.4250755520791696, 5.560523490428154, 3.756842548210898, 2.0076186387644492, 0.8181818181818182, 6.391946407762361, 6.061836996207918, 5.582217930607277, 3.7888786559136247, 2.0669465730648438, 0.9545454545454545, 6.586449902189311, 6.257723235476891, 5.607145677136282, 3.8255100429972138, 2.13335270308011, 1.0909090909090908, 6.439344741345036, 6.111795937920118, 5.635263822316347, 3.866606107628741, 2.2061979644217224, 1.227272727272727, 6.641498636018184, 6.315637886232015, 5.666524872638556, 3.9120261472382634, 2.284866570139823, 1.3636363636363638, 6.50025711153565, 6.175939718371503, 6.574307897737343, 6.25383188318494, 6.761888826050586, 5.807162861145516, 2.6142401586271453, 6.661058936267823, 6.344966118217048, 6.760021299568163, 6.448781036715709, 6.291080248243118, 4.652403429151963, 7.004167885523236, 7.232670622546807, 5.042086417879282, 6.774947097404927, 9.324991352714006, 8.223760871725746, 9.284961724920654, 12.233354351022697, 11.732644999218461, 11.18724543752091, 11.940547552327871, 13.251100739121695], [1.036523113726489, 0.7202948075154372, 0.2727272727272727, 1.8535078301427177, 3.6767954266907066, 5.5067576817297175, 0.13636363636363635, 1.8383977133453533, 3.669201477946769, 5.501690198595547, 0.0, 1.833333333333333, 3.666666666666666, 5.5, 1.000371831697041, 0.6672242847029304, 0.13636363636363635, 1.8383977133453533, 3.669201477946769, 5.501690198595547, 0.2727272727272727, 1.8535078301427177, 3.6767954266907066, 5.5067576817297175, 1.05219173063493, 0.7426653906443826, 0.40909090909090895, 1.8784212741054485, 3.689417273275722, 5.515193140036061, 0.5454545454545454, 1.9127550214986064, 3.7070156602854354, 5.526981152596508, 1.1804537578322012, 0.9153772549198552, 3.2643124335365745, 0.6818181818181819, 1.9560130736191312, 3.7295201403802998, 5.542100326866868, 1.1060606060606062, 0.8825676290430727, 0.8181818181818181, 2.0076186387644483, 3.756842548210897, 5.560523490428154, 1.363757570370849, 1.1420504170956052, 0.9545454545454544, 2.066946573064843, 3.788878655913624, 5.582217930607277, 1.322775000006725, 1.1424925628634732, 1.0909090909090908, 2.133352703080109, 3.825510042997213, 5.607145677136282, 1.5830977061152727, 1.3966541417086344, 1.2272727272727273, 2.2061979644217216, 3.86660610762874, 5.635263822316347, 1.5671940967877682, 1.4183274983451402, 1.8282398566298854, 1.7023561698204108, 1.9958634909181954, 1.7272727272727273, 4.053136503847928, 2.09972012652489, 1.991075127987203, 2.378063970144062, 2.282705368998131, 2.6171366588842586, 3.286202617008989, 3.5130365241247796, 4.560606060606061, 5.851800755705988, 5.855036368150071, 7.393939393939395, 9.11174102835663, 8.591817599334775, 10.276045320940177, 10.227272727272727, 12.837413301580705, 11.375973101395463, 12.07470874860354], [2.846428980857775, 2.5148320352041917, 1.8535078301427177, 0.2727272727272727, 1.8535078301427177, 3.6767954266907075, 1.8383977133453533, 0.13636363636363635, 1.8383977133453533, 3.66920147794677, 1.833333333333333, 0.0, 1.833333333333333, 3.666666666666667, 2.8334645894082864, 2.5001487559049145, 1.8383977133453533, 0.13636363636363635, 1.8383977133453533, 3.66920147794677, 1.8535078301427177, 0.2727272727272727, 1.8535078301427177, 3.6767954266907075, 2.8521720172167573, 2.5213304896456017, 1.8784212741054485, 0.40909090909090895, 1.8784212741054485, 3.6894172732757236, 1.9127550214986064, 0.5454545454545454, 1.9127550214986064, 3.7070156602854367, 2.9019388091684397, 2.577493176398371, 1.5092456380766468, 1.9560130736191312, 0.6818181818181819, 1.9560130736191312, 3.7295201403803007, 2.7640616366039708, 2.4440478850217224, 2.0076186387644483, 0.8181818181818181, 2.0076186387644483, 3.756842548210898, 2.9812099034656345, 2.666427330857491, 2.066946573064843, 0.9545454545454544, 2.066946573064843, 3.7888786559136247, 2.857691440185497, 2.5494575306607463, 2.133352703080109, 1.0909090909090908, 2.133352703080109, 3.8255100429972138, 3.087713737522508, 2.7849952149164348, 2.2061979644217216, 1.2272727272727273, 2.2061979644217216, 3.866606107628741, 2.9787185170259196, 2.684417504228138, 3.123960249432878, 2.844725113850205, 3.3183201852982696, 2.5188454072235706, 2.5188454072235706, 3.2902114333884938, 3.026355003917039, 3.4744574990585226, 3.225707402430874, 3.285259443469341, 2.7272727272727275, 4.187585230688344, 4.915306577533882, 4.915306577533882, 5.560606060606061, 7.617837676950066, 8.392636232906794, 8.393939393939394, 10.612487230418433, 10.390294439963077, 11.99401573799994, 11.227272727272727, 12.16157630038776], [4.67462917706496, 4.341907178080507, 3.6767954266907066, 1.8535078301427177, 0.2727272727272727, 1.8535078301427188, 3.669201477946769, 1.8383977133453533, 0.13636363636363635, 1.8383977133453542, 3.666666666666666, 1.833333333333333, 0.0, 1.833333333333334, 4.666746359020454, 4.333419155751111, 3.669201477946769, 1.8383977133453533, 0.13636363636363635, 1.8383977133453542, 3.6767954266907066, 1.8535078301427177, 0.2727272727272727, 1.8535078301427188, 4.678128388126421, 4.345674310828448, 3.689417273275722, 1.8784212741054485, 0.40909090909090895, 1.8784212741054493, 3.7070156602854354, 1.9127550214986064, 0.5454545454545454, 1.9127550214986073, 4.708635561620578, 4.378498470041749, 0.788753035231888, 3.7295201403802998, 1.9560130736191312, 0.6818181818181819, 1.9560130736191321, 4.55839068310678, 4.22966153858034, 3.756842548210897, 2.0076186387644483, 0.8181818181818181, 2.0076186387644492, 4.7579000082517044, 4.431434585833529, 3.788878655913624, 2.066946573064843, 0.9545454545454544, 2.0669465730648438, 4.61576529474781, 4.291433369785607, 3.825510042997213, 2.133352703080109, 1.0909090909090908, 2.13335270308011, 4.825347254331569, 4.503773542806655, 3.86660610762874, 2.2061979644217216, 1.2272727272727273, 2.2061979644217224, 4.691657797896387, 4.372958266857013, 4.785187198942755, 4.473156339771362, 4.976067609283252, 4.053136503847928, 1.7272727272727273, 4.895342701516335, 4.590805079329808, 5.02103015342996, 4.724601032125782, 4.6323511473932255, 3.286202617008989, 5.427019138619821, 5.851800755705988, 4.560606060606061, 5.855036368150071, 8.253168131432517, 8.035613450769306, 8.591817599334775, 11.241658472654036, 10.864692903274394, 11.385774852569387, 11.375973101395463, 12.51924546763605], [6.505719035225027, 6.172694544772731, 5.5067576817297175, 3.6767954266907075, 1.8535078301427188, 0.2727272727272727, 5.501690198595547, 3.66920147794677, 1.8383977133453542, 0.13636363636363635, 5.5, 3.666666666666667, 1.833333333333334, 0.0, 6.500057215259947, 6.166726974613898, 5.501690198595547, 3.66920147794677, 1.8383977133453542, 0.13636363636363635, 5.5067576817297175, 3.6767954266907075, 1.8535078301427188, 0.2727272727272727, 6.508233818634402, 6.175344947109781, 5.515193140036061, 3.6894172732757236, 1.8784212741054493, 0.40909090909090895, 5.526981152596508, 3.7070156602854367, 1.9127550214986073, 0.5454545454545454, 6.530196863370978, 6.198487626200277, 2.3850917230462794, 5.542100326866868, 3.7295201403803007, 1.9560130736191321, 0.6818181818181819, 6.374953861083688, 6.043916414034422, 5.560523490428154, 3.756842548210898, 2.0076186387644492, 0.8181818181818181, 6.565808001361584, 6.235993304079277, 5.582217930607277, 3.7888786559136247, 2.0669465730648438, 0.9545454545454544, 6.41610476592375, 6.087305582620142, 5.607145677136282, 3.8255100429972138, 2.13335270308011, 1.0909090909090908, 6.614846812066583, 6.28760495935338, 5.635263822316347, 3.866606107628741, 2.2061979644217224, 1.2272727272727273, 6.4709167823171, 6.145051089499743, 6.5390463861358805, 6.216752892702558, 6.725583325956207, 5.764847879552431, 2.518845407223571, 6.620082422175751, 6.301934636703975, 6.7135575452038845, 6.400058109240329, 6.232707831819844, 4.569733140279645, 6.934798167202468, 7.144867223401477, 4.915306577533883, 6.660689469243654, 9.215223261606246, 8.08876049495171, 9.159839681652299, 12.118048829659687, 11.61236872640619, 11.05158570910233, 11.810846596963591, 13.12559706336899], [0.30000000000000004, 0.44845413490245695, 1.044030650891055, 2.849171419514413, 4.676299581696811, 6.5069193939989765, 1.0132999849522017, 2.838054727675615, 4.669534734562096, 6.502059432172558, 1.000371831697041, 2.8334645894082864, 4.666746359020454, 6.500057215259947, 0.0, 0.33333333333333326, 1.0059328140816766, 2.835432701409797, 4.6679415810637614, 6.500915383732223, 1.0296834143970162, 2.8439454480812523, 4.673117344092921, 6.504632805461373, 0.30000000000000004, 0.44845413490245695, 1.070413529420729, 2.8589443684242473, 4.6822604478760805, 6.5112045831756005, 1.1262825563304328, 2.880328136596938, 4.69534771603467, 6.520622086633622, 0.5999999999999999, 0.6863753427324665, 4.245566734734826, 1.1951693403305306, 2.9079559023210604, 4.712346287131696, 6.532873009026436, 0.71956777149743, 0.8602325267042626, 1.2749655642732647, 2.9416517414303858, 4.7332140209228255, 6.547941446751234, 0.8999999999999999, 0.9597453365925311, 1.363757570370849, 2.9812099034656345, 4.7579000082517044, 6.565808001361584, 1.0137937550497031, 1.118033988749895, 1.4599048989744456, 3.026400517417905, 4.786345170568809, 6.586449902189311, 1.2, 1.2454361128179603, 1.5620499351813308, 3.0769754269050926, 4.818482933224707, 6.609841147864296, 1.3106402167558333, 1.392838827718412, 1.6086571349351537, 1.676305461424021, 1.7, 1.972308292331602, 4.966666666666666, 1.9072959334559958, 1.9646882704388502, 2.2063040991163883, 2.2561028345356955, 2.718451373340853, 3.9137932722331894, 3.486043602710672, 4.64231742894765, 6.506065546003121, 6.216554958781878, 7.4342301402215005, 9.606616494678866, 8.833396226191198, 10.2, 10.248902380255165, 13.358776926781143, 11.55282553221409, 12.117175497965832], [0.44845413490245695, 0.30000000000000004, 0.731057073315377, 2.5179356624028344, 4.343705535343962, 6.173959651453659, 0.6864556095980109, 2.5053496481537527, 4.336421870307582, 6.16883738132899, 0.6672242847029304, 2.5001487559049145, 4.333419155751111, 6.166726974613898, 0.33333333333333326, 0.0, 0.6755333233014679, 2.5023790333293396, 4.334706288115038, 6.16763152305843, 0.7104170453534614, 2.5120206873917854, 4.340279450872037, 6.171549700979655, 0.44845413490245695, 0.30000000000000004, 0.7682639965606787, 2.528988952915165, 4.350122170898734, 6.178475774958151, 0.8443677167790461, 2.553137755134692, 4.364205560519806, 6.188399645665427, 0.6863753427324665, 0.5999999999999999, 3.915981776599426, 0.9342773659414854, 2.5842658052271084, 4.382488736989964, 6.201306921112992, 0.71956777149743, 0.7195677714974301, 1.0343991659543665, 2.622124556553835, 4.404919405376269, 6.217179020091059, 0.9597453365925311, 0.8999999999999999, 1.1420504170956052, 2.6664273308574904, 4.431434585833529, 6.235993304079277, 1.0137937550497031, 1.0137937550497034, 1.255295486526591, 2.7168589058045667, 4.4619614623870705, 6.257723235476891, 1.2454361128179603, 1.2, 1.3727506854649334, 2.773084924772409, 4.4964183277112655, 6.282338559627122, 1.3106402167558333, 1.3106402167558335, 1.6086571349351537, 1.6086571349351537, 1.7323715280248377, 1.8260461233069782, 4.6548660322052, 1.9072959334559958, 1.9072959334559958, 2.2063040991163883, 2.2063040991163883, 2.6344479129641076, 3.67967389859482, 3.454023418823008, 4.582090740650556, 6.271274901396756, 6.071884203258309, 7.396771067311888, 9.42506131468355, 8.732188220091864, 10.205445169668549, 10.221763274721463, 13.171274749989246, 11.475626344561764, 12.08478653925635], [1.0804422112731558, 0.7821763332812307, 0.40909090909090906, 1.8784212741054485, 3.689417273275722, 5.515193140036061, 0.2727272727272727, 1.8535078301427177, 3.6767954266907066, 5.5067576817297175, 0.13636363636363635, 1.8383977133453533, 3.669201477946769, 5.501690198595547, 1.0059328140816766, 0.6755333233014679, 0.0, 1.833333333333333, 3.666666666666666, 5.5, 0.13636363636363635, 1.8383977133453533, 3.669201477946769, 5.501690198595547, 1.0180600576546237, 0.6934628507974887, 0.2727272727272726, 1.8535078301427177, 3.6767954266907066, 5.5067576817297175, 0.40909090909090906, 1.8784212741054485, 3.689417273275722, 5.515193140036061, 1.113998085966574, 0.8279107318918112, 3.2404624423742185, 0.5454545454545455, 1.9127550214986064, 3.7070156602854354, 5.526981152596508, 1.0215762321840953, 0.7740630166330184, 0.6818181818181818, 1.9560130736191312, 3.7295201403802998, 5.542100326866868, 1.274965564273265, 1.0343991659543665, 0.818181818181818, 2.0076186387644483, 3.756842548210897, 5.560523490428154, 1.219903050536766, 1.0216256693449235, 0.9545454545454545, 2.066946573064843, 3.788878655913624, 5.582217930607277, 1.4798927814636096, 1.278486249074484, 1.0909090909090908, 2.133352703080109, 3.825510042997213, 5.607145677136282, 1.4535160498784876, 1.2916131242790612, 1.7079971785104964, 1.5725170642493427, 1.8790933280540352, 1.5909090909090908, 3.9969283431132, 1.9752973994680576, 1.8593965074455816, 2.2508543424421594, 2.1498606527973574, 2.481038210289033, 3.173944080866341, 3.378116865017995, 4.424242424242425, 5.746160933432941, 5.725689215113098, 7.257575757575759, 8.992153141480976, 8.458644602015974, 10.14033758220069, 10.090909090909092, 12.720827668219876, 11.241413415310419, 11.938400601329166], [2.8627142975991515, 2.5332499623805043, 1.8784212741054485, 0.40909090909090906, 1.8784212741054485, 3.6894172732757236, 1.8535078301427177, 0.2727272727272727, 1.8535078301427177, 3.6767954266907075, 1.8383977133453533, 0.13636363636363635, 1.8383977133453533, 3.66920147794677, 2.835432701409797, 2.5023790333293396, 1.833333333333333, 0.0, 1.833333333333333, 3.666666666666667, 1.8383977133453533, 0.13636363636363635, 1.8383977133453533, 3.66920147794677, 2.8397577464934423, 2.5072786604188484, 1.8535078301427177, 0.2727272727272726, 1.8535078301427177, 3.6767954266907075, 1.8784212741054485, 0.40909090909090906, 1.8784212741054485, 3.6894172732757236, 2.8755468198787804, 2.5477424782613314, 1.456943229075792, 1.9127550214986064, 0.5454545454545455, 1.9127550214986064, 3.7070156602854367, 2.7313521678520547, 2.4069935600585746, 1.9560130736191312, 0.6818181818181818, 1.9560130736191312, 3.7295201403803007, 2.9416517414303858, 2.622124556553835, 2.0076186387644483, 0.818181818181818, 2.0076186387644483, 3.756842548210898, 2.8115529728915964, 2.4976315686483677, 2.066946573064843, 0.9545454545454545, 2.066946573064843, 3.7888786559136247, 3.0360929535186956, 2.727651488850454, 2.133352703080109, 1.0909090909090908, 2.133352703080109, 3.8255100429972138, 2.9205094716369313, 2.6196772524977883, 3.0551466459838688, 2.7689807442089256, 3.249426028287914, 2.4273654126744697, 2.4273654126744697, 3.2122369904806116, 2.941394196014072, 3.3886593127013214, 3.1331047334697772, 3.1779043284124895, 2.590909090909091, 4.075060490123239, 4.789053365705753, 4.789053365705753, 5.424242424242425, 7.485553886524527, 8.262647063133498, 8.25757575757576, 10.481136582392653, 10.256098546333439, 11.869148655751907, 11.090909090909092, 12.026252769020239], [4.684563282706147, 4.352600734007037, 3.689417273275722, 1.8784212741054485, 0.40909090909090906, 1.8784212741054493, 3.6767954266907066, 1.8535078301427177, 0.2727272727272727, 1.8535078301427188, 3.669201477946769, 1.8383977133453533, 0.13636363636363635, 1.8383977133453542, 4.6679415810637614, 4.334706288115038, 3.666666666666666, 1.833333333333333, 0.0, 1.833333333333334, 3.669201477946769, 1.8383977133453533, 0.13636363636363635, 1.8383977133453542, 4.670569992920512, 4.337536634861948, 3.6767954266907066, 1.8535078301427177, 0.2727272727272726, 1.8535078301427188, 3.689417273275722, 1.8784212741054485, 0.40909090909090906, 1.8784212741054493, 4.692416170089239, 4.36105142291569, 0.6833685149931381, 3.7070156602854354, 1.9127550214986064, 0.5454545454545455, 1.9127550214986073, 4.538631242315132, 4.208358903994538, 3.7295201403802998, 1.9560130736191312, 0.6818181818181818, 1.9560130736191321, 4.7332140209228255, 4.404919405376269, 3.756842548210897, 2.0076186387644483, 0.818181818181818, 2.0076186387644492, 4.5873433497248115, 4.260848521054881, 3.788878655913624, 2.066946573064843, 0.9545454545454545, 2.0669465730648438, 4.792479569325869, 4.468541196230138, 3.825510042997213, 2.133352703080109, 1.0909090909090908, 2.13335270308011, 4.654918308929805, 4.3335176905051425, 4.740549537485645, 4.425372416923403, 4.930392429950679, 3.9969283431132, 1.5909090909090908, 4.843279402625955, 4.535247124800581, 4.962046032278043, 4.661867859298179, 4.556843585465018, 3.173944080866341, 5.340672679057397, 5.746160933432941, 4.424242424242425, 5.725689215113098, 8.131226864464907, 7.899751710161101, 8.458644602015974, 11.117743658619293, 10.73642821078948, 11.25416124295136, 11.241413415310419, 12.387829698261902], [6.512860767120761, 6.180221124658777, 5.515193140036061, 3.6894172732757236, 1.8784212741054493, 0.40909090909090906, 5.5067576817297175, 3.6767954266907075, 1.8535078301427188, 0.2727272727272727, 5.501690198595547, 3.66920147794677, 1.8383977133453542, 0.13636363636363635, 6.500915383732223, 6.16763152305843, 5.5, 3.666666666666667, 1.833333333333334, 0.0, 5.501690198595547, 3.66920147794677, 1.8383977133453542, 0.13636363636363635, 6.502802955725456, 6.1696210628181625, 5.5067576817297175, 3.6767954266907075, 1.8535078301427188, 0.2727272727272726, 5.515193140036061, 3.6894172732757236, 1.8784212741054493, 0.40909090909090906, 6.518511466242672, 6.186175677534139, 2.352344299638189, 5.526981152596508, 3.7070156602854367, 1.9127550214986073, 0.5454545454545455, 6.360839933910467, 6.029027579445876, 5.542100326866868, 3.7295201403803007, 1.9560130736191321, 0.6818181818181818, 6.547941446751234, 6.217179020091059, 5.560523490428154, 3.756842548210898, 2.0076186387644492, 0.818181818181818, 6.395688400741203, 6.065782637736408, 5.582217930607277, 3.7888786559136247, 2.0669465730648438, 0.9545454545454545, 6.590909090909091, 6.262416500234225, 5.607145677136282, 3.8255100429972138, 2.13335270308011, 1.0909090909090908, 6.444328946750082, 6.117047037812437, 6.506452261291592, 6.182459859744774, 6.6918601102785455, 5.725468691341975, 2.4273654126744706, 6.581676570829953, 6.261577706289432, 6.669558601403648, 6.353888638184201, 6.176794737278127, 4.489683102603102, 6.867435733497548, 7.058606167542321, 4.789053365705753, 6.5472780849293235, 9.106174052638757, 7.9538066293253635, 9.035042990298791, 12.00318483907466, 11.492451708882301, 10.915943521958235, 11.681297398288187, 13.00031214333465], [1.139087644194697, 0.8613739638516301, 0.5454545454545454, 1.9127550214986064, 3.7070156602854354, 5.526981152596508, 0.40909090909090906, 1.8784212741054485, 3.689417273275722, 5.515193140036061, 0.2727272727272727, 1.8535078301427177, 3.6767954266907066, 5.5067576817297175, 1.0296834143970162, 0.7104170453534614, 0.13636363636363635, 1.8383977133453533, 3.669201477946769, 5.501690198595547, 0.0, 1.833333333333333, 3.666666666666666, 5.5, 1.001486498466939, 0.6688943496965831, 0.13636363636363624, 1.8383977133453533, 3.669201477946769, 5.501690198595547, 0.2727272727272727, 1.8535078301427177, 3.6767954266907066, 5.5067576817297175, 1.0609912720370713, 0.7550807399101684, 3.2222116783009342, 0.40909090909090917, 1.8784212741054485, 3.689417273275722, 5.515193140036061, 0.949239703495581, 0.6757303976053867, 0.5454545454545454, 1.9127550214986064, 3.7070156602854354, 5.526981152596508, 1.1951693403305306, 0.9342773659414854, 0.6818181818181817, 1.9560130736191312, 3.7295201403802998, 5.542100326866868, 1.1241811630781096, 0.9051733773013912, 0.8181818181818181, 2.0076186387644483, 3.756842548210897, 5.560523490428154, 1.3824460296132317, 1.1643029971780683, 0.9545454545454546, 2.0669465730648433, 3.788878655913624, 5.582217930607277, 1.3440649389619999, 1.1670758825811112, 1.5903577688288244, 1.4438813623112363, 1.7651352580861455, 1.4545454545454546, 3.944635207948041, 1.8525563704247896, 1.7284445785610325, 2.1247805482752193, 2.017485547379286, 2.344970574057847, 3.063642358295247, 3.24331798784022, 4.287878787878789, 5.6418391455256245, 5.596675190361645, 7.121212121212123, 8.873049180214176, 8.325574900800174, 10.004647680283979, 9.954545454545455, 12.604638945092399, 11.106897731896769, 11.80209373605696], [2.885359325791989, 2.5588123536431944, 1.9127550214986064, 0.5454545454545454, 1.9127550214986064, 3.7070156602854367, 1.8784212741054485, 0.40909090909090906, 1.8784212741054485, 3.6894172732757236, 1.8535078301427177, 0.2727272727272727, 1.8535078301427177, 3.6767954266907075, 2.8439454480812523, 2.5120206873917854, 1.8383977133453533, 0.13636363636363635, 1.8383977133453533, 3.66920147794677, 1.833333333333333, 0.0, 1.833333333333333, 3.666666666666667, 2.833858321156749, 2.5005949705243293, 1.8383977133453533, 0.13636363636363624, 1.8383977133453533, 3.66920147794677, 1.8535078301427177, 0.2727272727272727, 1.8535078301427177, 3.6767954266907075, 2.8554299601139963, 2.5250153423967236, 1.4158865887107042, 1.8784212741054485, 0.40909090909090917, 1.8784212741054485, 3.6894172732757236, 2.7051289583602194, 2.377194988782447, 1.9127550214986064, 0.5454545454545454, 1.9127550214986064, 3.7070156602854367, 2.9079559023210604, 2.5842658052271084, 1.9560130736191312, 0.6818181818181817, 1.9560130736191312, 3.7295201403803007, 2.7713624725189447, 2.4523016305951537, 2.0076186387644483, 0.8181818181818181, 2.0076186387644483, 3.756842548210898, 2.989805144582363, 2.676033823551823, 2.0669465730648433, 0.9545454545454546, 2.0669465730648433, 3.7888786559136247, 2.867608276388808, 2.560568405676154, 2.9909704945955022, 2.6980062699842255, 3.184883083743675, 2.340259299831955, 2.340259299831955, 3.138252980922369, 2.860413450115467, 3.306260583347206, 3.0437957188892852, 3.0728508445457963, 2.4545454545454546, 3.9640327968739584, 4.663369555445073, 4.663369555445073, 5.287878787878789, 7.353419149375994, 8.132866660935854, 8.121212121212123, 10.349915602766496, 10.121960596530828, 11.744537291180484, 10.954545454545455, 11.89095300222927], [4.6984357438337705, 4.367527726178141, 3.7070156602854354, 1.9127550214986064, 0.5454545454545454, 1.9127550214986073, 3.689417273275722, 1.8784212741054485, 0.40909090909090906, 1.8784212741054493, 3.6767954266907066, 1.8535078301427177, 0.2727272727272727, 1.8535078301427188, 4.673117344092921, 4.340279450872037, 3.669201477946769, 1.8383977133453533, 0.13636363636363635, 1.8383977133453542, 3.666666666666666, 1.833333333333333, 0.0, 1.833333333333334, 4.66698542791697, 4.333676612806884, 3.669201477946769, 1.8383977133453533, 0.13636363636363624, 1.8383977133453542, 3.6767954266907066, 1.8535078301427177, 0.2727272727272727, 1.8535078301427188, 4.680115410662072, 4.347813273027789, 0.5907992777796582, 3.689417273275722, 1.8784212741054485, 0.40909090909090917, 1.8784212741054493, 4.522898580583908, 4.191386725340319, 3.7070156602854354, 1.9127550214986064, 0.5454545454545454, 1.9127550214986073, 4.712346287131696, 4.382488736989964, 3.7295201403802998, 1.9560130736191312, 0.6818181818181817, 1.9560130736191321, 4.562821368733955, 4.234436202623239, 3.756842548210897, 2.0076186387644483, 0.8181818181818181, 2.0076186387644492, 4.763290333642404, 4.437221518312013, 3.788878655913624, 2.0669465730648433, 0.9545454545454546, 2.0669465730648438, 4.621911521838391, 4.2980434184421155, 4.699446072510009, 4.381313102203592, 4.888095770043445, 3.944635207948041, 1.4545454545454546, 4.794530285769088, 4.483149760187376, 4.906143896573386, 4.602321049752549, 4.484212289207176, 3.063642358295247, 5.2564458221653005, 5.6418391455256245, 4.287878787878789, 5.596675190361645, 8.009750715205993, 7.763907567510482, 8.325574900800174, 10.994123565996034, 10.608365550406718, 11.122662075867458, 11.106897731896769, 12.25652202992341], [6.522846055301092, 6.190742963403892, 5.526981152596508, 3.7070156602854367, 1.9127550214986073, 0.5454545454545454, 5.515193140036061, 3.6894172732757236, 1.8784212741054493, 0.40909090909090906, 5.5067576817297175, 3.6767954266907075, 1.8535078301427188, 0.2727272727272727, 6.504632805461373, 6.171549700979655, 5.5016901985