totalHoles = 90;
zeroHoleID = 36;
C = [[0.0, 2.0, 3.166666666666667, 4.333333333333334, 5.5, 1.9525624189766635, 3.5, 4.0, 4.031128874149275, 4.123105625617661, 4.272001872658765, 4.47213595499958, 5.897268670984712, 4.76370723013017, 6.121330276351068, 5.059165515116358, 6.3539698997650556, 5.357867803972424, 6.594279731905682, 5.918426968188235, 7.433034373659253, 5.659300456849738, 6.841451559331355, 6.194170095799893, 7.654408233033033, 5.9630494277264425, 7.094768231259315, 6.474337891566918, 7.882846779964798, 6.268778019253137, 7.353594742195756, 6.758380105706567, 8.117753622488953, 6.57621013900769, 7.617369465252773, 7.045828179340955, 8.358583429925032, 10.995591120280586, 6.885117594540956, 7.885595860075206, 7.3362817811840815, 8.60483890582245, 6.75, 6.768493185340442, 6.823672031978091, 6.914658342969665, 7.195310372004878, 8.157834830839539, 7.629397654705484, 8.856067456599897, 7.5066291348952445, 8.433697809776914, 7.924880398773928, 9.111857744559746, 7.7843630365453125, 7.818939387716784, 8.712840577364348, 8.22247484986549, 9.37183625971414, 9.31206608180804, 8.132126898251979, 8.994957791287915, 8.521959782762616, 9.635664002093767, 8.446094078940362, 9.279778174508765, 8.823142693050476, 9.903033333486878, 8.760757104948357, 9.567060302395971, 9.125855465948945, 10.173665033192927, 9.076043602476162, 9.856588925780878, 9.429950771313925, 9.39189078177272, 10.148171768083412, 9.735299054162208, 9.460932836293265, 9.5, 9.513148795220223, 9.5524865872714, 9.617692030835672, 9.7082439194738, 10.44163673845139, 10.041786014404641, 10.349310489340215, 10.657782668594615, 10.967122584241402, 14.778408774697985], [2.0, 0.0, 1.166666666666667, 2.333333333333334, 3.5, 1.346291201783626, 4.031128874149275, 4.47213595499958, 4.272001872658765, 4.123105625617661, 4.031128874149275, 4.0, 4.630814663149935, 4.323529411764706, 4.912977815830121, 4.647058823529412, 5.19996155310662, 4.970588235294118, 5.491010093715794, 5.134307266916454, 6.103277807866851, 5.294117647058823, 5.785510012552403, 5.4498694029338886, 6.371025458897797, 5.617647058823529, 6.082960046059245, 5.766314634800334, 6.643739410633246, 5.9411764705882355, 6.382947775057833, 6.083505156284791, 6.920832599870663, 6.264705882352941, 6.685131579619955, 6.401330179433678, 7.201799563651941, 9.452251270892718, 6.588235294117647, 6.989226619240636, 6.719699673814807, 7.4862041513143165, 7.0400639201643616, 6.914658342969665, 6.823672031978091, 6.768493185340442, 6.911764705882353, 7.2949938858045265, 7.03853975672219, 7.773669069097793, 7.235294117647059, 7.602231607449393, 7.3577892514127194, 8.063867034933887, 7.413519646404195, 7.5588235294117645, 7.910768457819593, 7.677397084299069, 8.356513320691395, 8.418059684681008, 7.882352941176471, 8.220458158382526, 7.997320293220524, 8.651359474744169, 8.205882352941178, 8.531175161415682, 8.31752248661002, 8.94818804027677, 8.529411764705882, 8.842811176110658, 8.637972639382667, 9.246808109159206, 8.852941176470589, 9.155272356325227, 8.958644143102092, 9.176470588235293, 9.46847701064917, 9.279514050170134, 9.299620254956809, 9.7082439194738, 9.617692030835672, 9.5524865872714, 9.513148795220223, 9.5, 9.782353727219459, 9.600562467502932, 9.92177206642547, 10.243127683687687, 10.564615994493654, 14.215067602586483], [3.166666666666667, 1.166666666666667, 0.0, 1.166666666666667, 2.333333333333333, 2.0833333333333335, 4.719934086168766, 5.101742621671322, 4.8074017006186525, 4.549114687985393, 4.333333333333333, 4.166666666666667, 4.166666666666667, 4.4781712434324765, 4.4781712434324765, 4.791269854689221, 4.791269854689221, 5.105669252503084, 5.105669252503084, 5.0, 5.517648452415616, 5.421143124103141, 5.421143124103141, 5.323529411764706, 5.812435792537267, 5.737514234284718, 5.737514234284718, 5.647058823529412, 6.110132388160328, 6.054641935389936, 6.054641935389936, 5.970588235294118, 6.410332933621854, 6.372413271555656, 6.372413271555656, 6.294117647058823, 6.712701497866693, 8.638905179556161, 6.690736536568194, 6.690736536568194, 6.617647058823529, 7.016957819425748, 7.4558887986461935, 7.257658789934335, 7.089213245801289, 6.952717294538717, 7.009536536789867, 7.009536536789867, 6.9411764705882355, 7.322866599924663, 7.32875105867086, 7.32875105867086, 7.264705882352941, 7.630229092336473, 7.440902586072255, 7.648328200325875, 7.648328200325875, 7.588235294117647, 7.9388764522026145, 8.081574509296841, 7.968224331705557, 7.968224331705557, 7.911764705882353, 8.24866444981793, 8.288402518062366, 8.288402518062366, 8.235294117647058, 8.55946923872016, 8.608831289031876, 8.608831289031876, 8.558823529411764, 8.871183948721663, 8.92948366845248, 8.92948366845248, 8.882352941176471, 9.2503364029563, 9.2503364029563, 9.205882352941178, 9.40276724890526, 10.013879257199868, 9.867173410410457, 9.74394398816231, 9.645090864153524, 9.571369343574153, 9.571369343574153, 9.529411764705882, 9.852941176470589, 10.176470588235293, 10.5, 14.008386071459757], [4.333333333333334, 2.333333333333334, 1.166666666666667, 0.0, 1.166666666666666, 3.096817362677008, 5.570258322356135, 5.897268670984712, 5.540256712864887, 5.2068331172711035, 4.901813723284247, 4.630814663149935, 4.0, 4.912977815830121, 4.323529411764706, 5.19996155310662, 4.647058823529412, 5.491010093715794, 4.970588235294118, 5.134307266916454, 5.134307266916454, 5.785510012552403, 5.294117647058823, 5.4498694029338886, 5.4498694029338886, 6.082960046059245, 5.617647058823529, 5.766314634800334, 5.766314634800333, 6.382947775057833, 5.9411764705882355, 6.083505156284791, 6.08350515628479, 6.685131579619955, 6.264705882352941, 6.401330179433678, 6.401330179433678, 7.914450930851349, 6.989226619240636, 6.588235294117647, 6.719699673814807, 6.719699673814806, 8.021239167222094, 7.762534666231414, 7.52818777071289, 7.320538079798355, 7.2949938858045265, 6.911764705882353, 7.03853975672219, 7.03853975672219, 7.602231607449393, 7.235294117647059, 7.3577892514127194, 7.357789251412719, 7.648268514208611, 7.910768457819593, 7.5588235294117645, 7.677397084299069, 7.677397084299068, 7.904567443320569, 8.220458158382526, 7.882352941176471, 7.997320293220524, 7.997320293220523, 8.531175161415682, 8.205882352941178, 8.31752248661002, 8.31752248661002, 8.842811176110658, 8.529411764705882, 8.637972639382667, 8.637972639382667, 9.155272356325227, 8.852941176470589, 8.958644143102092, 9.46847701064917, 9.176470588235293, 9.279514050170134, 9.646934705386474, 10.44163673845139, 10.244239573752873, 10.067825540359305, 9.913514905308702, 9.782353727219459, 9.5, 9.600562467502932, 9.92177206642547, 10.243127683687687, 10.564615994493654, 13.896900227397975], [5.5, 3.5, 2.333333333333333, 1.166666666666666, 0.0, 4.190763653560053, 6.519202405202649, 6.800735254367722, 6.4031242374328485, 6.020797289396148, 5.656854249492381, 5.315072906367325, 4.166666666666667, 5.5626348589849455, 4.4781712434324765, 5.817658954368378, 4.791269854689221, 6.079206149230695, 5.105669252503084, 5.517648452415616, 5.0, 6.346470015756763, 5.421143124103141, 5.812435792537267, 5.323529411764706, 6.618758076671835, 5.737514234284718, 6.110132388160328, 5.647058823529412, 6.895475172507786, 6.054641935389936, 6.410332933621854, 5.970588235294118, 7.176108959066016, 6.372413271555655, 6.712701497866693, 6.294117647058823, 7.305382029337516, 7.460217442585534, 6.690736536568194, 7.016957819425748, 6.617647058823529, 8.707037383633999, 8.40014880820572, 8.112490369793976, 7.846177413237608, 7.747418366751661, 7.0095365367898665, 7.322866599924663, 6.9411764705882355, 8.037380230451843, 7.328751058670859, 7.630229092336473, 7.264705882352941, 8.021671487768309, 8.329814712752555, 7.648328200325874, 7.9388764522026145, 7.588235294117647, 7.897768583904741, 8.62447029615578, 7.968224331705557, 8.24866444981793, 7.911764705882353, 8.921126901367979, 8.288402518062366, 8.55946923872016, 8.235294117647058, 9.21959137119987, 8.608831289031876, 8.871183948721663, 8.558823529411764, 9.519693664926853, 8.92948366845248, 9.183715926359588, 9.821283646079436, 9.2503364029563, 9.496984486700935, 10.021820628264951, 10.977249200050075, 10.735455276791944, 10.51189802081432, 10.307764064044152, 10.124228365658293, 9.571369343574153, 9.810919071410146, 10.125457731452641, 10.440545870674695, 10.756135200175034, 13.88290365001725], [1.9525624189766635, 1.346291201783626, 2.0833333333333335, 3.096817362677008, 4.190763653560053, 0.0, 2.704163456597992, 3.132491021535417, 2.9261749776799064, 2.7950849718747373, 2.75, 2.7950849718747373, 3.9484525801607115, 3.113933693093464, 4.180234541596976, 3.4336582023432434, 4.4235490760583644, 3.7540347383327446, 4.676596475470893, 4.103690750748377, 5.482928049865327, 4.074909513504882, 4.9378806507478865, 4.4012974957721145, 5.709084153216881, 4.396173430433543, 5.206161600279769, 4.702329643416722, 5.94425153384157, 4.717746991753659, 5.480411887438614, 5.006169300470671, 6.187402790121008, 5.039570922856944, 5.759778890225125, 5.312334761208862, 6.437633325793746, 9.048114007886204, 5.361600139451218, 6.043553080195548, 5.620445954359375, 6.694149307275487, 5.70087712549569, 5.5901699437494745, 5.522680508593631, 5.5, 5.683799748827811, 6.331141868774768, 5.930199608542274, 6.956255430860569, 6.0061423288780365, 6.622048282255141, 6.241351186160642, 7.22334319074008, 6.2190201070102225, 6.328606033342533, 6.915853678544486, 6.553701581654171, 7.494880028632787, 7.479322282447271, 6.651173245099859, 7.212203776524202, 6.867087211789113, 7.770399539054591, 6.97382960129931, 7.5107973668403725, 7.181372549019607, 8.049492773463095, 7.296563275963446, 7.811377178059973, 7.496444434654393, 8.331800608756971, 7.619364444156218, 8.113722469412531, 7.812207703105628, 7.942224876327739, 8.4176430052561, 8.12858178230487, 8.050523617366274, 8.38525491562421, 8.31038506929733, 8.26513762740827, 8.25, 8.26513762740827, 8.722974136025957, 8.445498028377482, 8.76289761800233, 9.08072986826541, 9.398950887081908, 13.125255424827452], [3.5, 4.031128874149275, 4.719934086168766, 5.570258322356135, 6.519202405202649, 2.704163456597992, 0.0, 0.5, 0.7071067811865476, 1.118033988749895, 1.5811388300841898, 2.0615528128088303, 4.362084109434134, 2.162914860100028, 4.410893160100265, 2.305589717325413, 4.48257980658621, 2.4824644524716697, 4.576069004676748, 3.5039660069381067, 5.70087712549569, 2.686793280378654, 4.690057132835982, 3.6541807964780166, 5.794416235961215, 2.9128043301505753, 4.823091005104685, 3.825916801169791, 5.904224046536132, 3.1558426070629113, 4.973642562381359, 4.016414322023001, 6.029411764705882, 3.412271767593688, 5.14017279803848, 4.223135233849765, 6.169043153164479, 9.3729782630443, 3.6792930342436585, 5.321181730556821, 4.443816035927768, 6.3221612747059055, 3.25, 3.2882366094914763, 3.400367627183861, 3.5794552658190883, 3.9547614856403794, 5.515243982461907, 4.676480864871349, 6.487811302876349, 4.237029873074855, 5.721031368827346, 4.919429657836426, 6.665058918015867, 4.585925094387024, 4.524825791442868, 5.937324837052825, 5.17121316499784, 6.853004291554851, 6.618781977946819, 4.817158633576236, 6.163018341593334, 5.430602691952983, 7.050791999489788, 5.113250308729585, 6.397117045787186, 5.6965593263302905, 7.257617403846997, 5.4124839675477965, 6.638731842508757, 5.968205197503507, 7.472730123705131, 5.714366039969292, 6.887071730171838, 6.244797911955902, 6.018498013549588, 7.141435158067188, 6.52570848286861, 6.056749377097542, 6.0, 6.020797289396148, 6.082762530298219, 6.18465843842649, 6.324555320336759, 7.40120110372484, 6.810402631720938, 7.098425133046997, 7.389386800902272, 7.68295371441074, 11.554861535055194], [4.0, 4.47213595499958, 5.101742621671322, 5.897268670984712, 6.800735254367722, 3.132491021535417, 0.5, 0.0, 0.5, 1.0, 1.5, 2.0, 4.333333333333334, 2.0259988352111202, 4.345394004926895, 2.1020668688477224, 4.381376826853066, 2.223070291846695, 4.440700316421852, 3.3208098075285464, 5.5901699437494745, 2.3821713801548925, 4.522446048567837, 3.4321287682113573, 5.657007168442181, 2.57231063577485, 4.625425362569176, 3.569394983179064, 5.741324130213003, 2.787142997760502, 4.748256929415591, 3.729744732667018, 5.842364075704251, 3.021405754539435, 4.889444806043095, 3.9103393147301797, 5.959276447568674, 9.226659727361596, 3.2709267704606693, 5.047448832379982, 4.108509936989961, 6.091147356990099, 2.75, 2.7950849718747373, 2.9261749776799064, 3.132491021535417, 3.5324741616071513, 5.220742426149745, 4.321839516793705, 6.23702806079481, 3.803567802429932, 5.407855934236733, 4.548195496683017, 6.395960013811054, 4.168750478875897, 4.0823063228394325, 5.607406057284651, 4.785729861131877, 6.5669957001624075, 6.299111323498499, 4.367226163122491, 5.818113279890602, 5.03286011051019, 6.749214999849009, 4.657192970747724, 6.038809828481089, 5.288241110308186, 6.941737265481586, 4.951320120357404, 6.268440692232306, 5.550734163162214, 7.143729556213501, 5.24890827337302, 6.506059932098807, 5.819376944312193, 5.549400665915649, 6.750824062930601, 6.0933561237172205, 5.580123577778024, 5.5, 5.522680508593631, 5.5901699437494745, 5.70087712549569, 5.852349955359813, 7.001983845866669, 6.371983383644813, 6.6546749126461995, 6.940934137788185, 7.230337321161287, 11.108023064706199], [4.031128874149275, 4.272001872658765, 4.8074017006186525, 5.540256712864887, 6.4031242374328485, 2.9261749776799064, 0.7071067811865476, 0.5, 0.0, 0.5, 1.0, 1.5, 3.833333333333334, 1.534493818911245, 3.8469618824107505, 1.6336110678822138, 3.887560876121648, 1.7866285351161695, 3.954299680972068, 2.8480012484391772, 5.0990195135927845, 1.9810957787116366, 4.045884937671055, 2.9770524373811993, 5.172207469137933, 2.206078422658726, 4.160676201215959, 3.1343123455197, 5.264295087489501, 2.453195077845502, 4.296813998116494, 3.3157697604313086, 5.374310931931608, 2.716411738592663, 4.452340640383265, 3.5176820336206944, 5.5011794897591475, 8.745956621516099, 2.991481562322633, 4.62530068018942, 3.7367348361475403, 5.643764357639985, 2.7950849718747373, 2.75, 2.7950849718747373, 2.9261749776799064, 3.275419622341868, 4.813815341999171, 3.9700919563976074, 5.800906742151771, 3.566108246770092, 5.016131225568776, 4.215378465734839, 5.971457485260186, 3.9012141662372275, 3.862023422183611, 5.230647126115397, 4.47063123474333, 6.154301952776737, 5.913213339762908, 4.162050499436737, 5.455924193416368, 4.734238505324585, 6.348377990808901, 4.465360720790876, 5.69068456437593, 5.004880355621589, 6.5526877129141265, 4.771328005310058, 5.93380277551424, 5.281475464624393, 6.766304159016082, 5.079472222808561, 6.184293209957642, 5.56313592799292, 5.389419982787113, 6.441295847522414, 5.849130036490511, 5.44345486172724, 5.522680508593631, 5.5, 5.522680508593631, 5.5901699437494745, 5.70087712549569, 6.704061787039589, 6.138852138207837, 6.431798467484505, 6.727547847354692, 7.025746302785998, 10.888290575868796], [4.123105625617661, 4.123105625617661, 4.549114687985393, 5.2068331172711035, 6.020797289396148, 2.7950849718747373, 1.118033988749895, 1.0, 0.5, 0.0, 0.5, 1.0, 3.333333333333334, 1.051033434423861, 3.3489972217647375, 1.1910856900774465, 3.3955553643282537, 1.393571498880251, 3.4717650602542887, 2.386303510546059, 4.6097722286464435, 1.6354633852303346, 3.5757309176642726, 2.5389317730594247, 4.6906001858830635, 1.9017839012149655, 3.705117153077825, 2.721625839936588, 4.7919518745669905, 2.1836130815612456, 3.8573666148133383, 2.92876466065883, 4.912557174535436, 2.475660060178702, 4.029888812942006, 3.1555380243297906, 5.051037099304133, 8.267542846962828, 2.7747003329578246, 4.220198223878516, 3.3980171525482206, 5.20596543635928, 2.9261749776799064, 2.7950849718747373, 2.75, 2.7950849718747373, 3.078696753891514, 4.426000995654346, 3.6530758923934656, 5.375920296204351, 3.386314815205707, 4.645238329600837, 3.9182584068326, 5.5595237654200105, 3.6824534466265875, 3.6966504992350586, 4.876098442874787, 4.191643707472761, 5.755469791941536, 5.5455730576084745, 4.009072755620879, 5.1170084493747625, 4.4717275809949895, 5.962541665614325, 4.3231292331807545, 5.36661508568419, 4.757327054914368, 6.179621045256398, 4.638488000874429, 5.623760489687231, 5.04750596005223, 6.40569059292738, 4.954900408916787, 5.887456936011919, 5.3415180133234585, 5.272176756413336, 6.1568627450980395, 5.638763651467298, 5.350198362682418, 5.5901699437494745, 5.522680508593631, 5.5, 5.522680508593631, 5.5901699437494745, 6.431260460524913, 5.938757353867244, 6.241102856039897, 6.545474266375209, 6.851601597031489, 10.687449037214709], [4.272001872658765, 4.031128874149275, 4.333333333333333, 4.901813723284247, 5.656854249492381, 2.75, 1.5811388300841898, 1.5, 1.0, 0.5, 0.0, 0.5, 2.833333333333334, 0.595542845038723, 2.851744914618872, 0.8177316926151675, 2.9062799071811796, 1.0918065407806228, 2.9949656592804415, 1.9436506316151003, 4.123105625617661, 1.3873501664789123, 3.114886556876004, 2.1282640535384716, 4.21328020713152, 1.693157407602853, 3.2626001570370518, 2.3431987849825866, 4.325829720200056, 2.0045363778104397, 3.4345223638437967, 2.5808904995867925, 4.45906021411234, 2.3192440004372146, 3.6272124987849543, 2.8356222520505954, 4.611179434650826, 7.791840105346822, 2.636088378206668, 3.8375434480268806, 3.1032005900916637, 4.7803845163927425, 3.132491021535417, 2.9261749776799064, 2.7950849718747373, 2.75, 2.9543821185523966, 4.062776326626895, 3.3805764018758175, 4.964928904943339, 3.273702495292091, 4.300570404662554, 3.6655261936109085, 5.163168067985962, 3.521569934318221, 3.593775857436689, 4.548956219977566, 3.956413818564652, 5.373586560757308, 5.200064333543962, 3.9144174994322714, 4.806291932211295, 4.252020800979769, 5.5948103733895085, 4.23549836108834, 5.0712152532267645, 4.5514276925766435, 5.8256086603011505, 4.556925601132418, 5.342597562238225, 4.853931370558932, 6.064888455059856, 4.878630756911589, 5.619503166656419, 5.158987111826537, 5.2005622533400215, 5.901154592843914, 5.466167656634962, 5.302645020028905, 5.70087712549569, 5.5901699437494745, 5.522680508593631, 5.5, 5.522680508593631, 6.1869037310901955, 5.775133958744646, 6.085614035822736, 6.397387490617823, 6.710274046399132, 10.50658185051494], [4.47213595499958, 4.0, 4.166666666666667, 4.630814663149935, 5.315072906367325, 2.7950849718747373, 2.0615528128088303, 2.0, 1.5, 1.0, 0.5, 0.0, 2.333333333333334, 0.3235294117647056, 2.355656113425995, 0.6470588235294121, 2.4213900069075436, 0.9705882352941178, 2.52714977137007, 1.5365907428821481, 3.640054944640259, 1.2941176470588234, 2.668180078044492, 1.7643245775415983, 3.74188857447763, 1.617647058823529, 2.8392299046334486, 2.0183938860582202, 3.868178223423281, 1.9411764705882355, 3.035228250792656, 2.290050022202724, 4.016617730514019, 2.264705882352941, 3.2516668307205863, 2.5737301509011825, 4.184850747463607, 7.319377004104659, 2.5882352941176467, 3.484739069451357, 2.8658658788712676, 4.37059219380709, 3.400367627183861, 3.132491021535417, 2.9261749776799064, 2.7950849718747373, 2.9117647058823533, 3.731329273444866, 3.1641160127677024, 4.571708546171974, 3.235294117647059, 3.9889312443468, 3.466902884330769, 4.78626205908848, 3.4267252907135766, 3.5588235294117645, 4.2555457179942575, 3.773134457856315, 5.012527558622651, 4.881388901605669, 3.882352941176471, 4.529581526400208, 4.082035549244759, 5.248990675757279, 4.2058823529411775, 4.809770349115066, 4.393043065357644, 5.494334924535978, 4.529411764705882, 5.0950971903095725, 4.705739376912989, 5.747423072327139, 4.852941176470589, 5.384745352078238, 5.0198088960961105, 5.1764705882352935, 5.678053556925075, 5.335009108124885, 5.3020246978701495, 5.852349955359813, 5.70087712549569, 5.5901699437494745, 5.522680508593631, 5.5, 5.974482776311641, 5.651150818619065, 5.968084410121562, 6.285690100414333, 6.60387091871965, 10.346736559905171], [5.897268670984712, 4.630814663149935, 4.166666666666667, 4.0, 4.166666666666667, 3.9484525801607115, 4.362084109434134, 4.333333333333334, 3.833333333333334, 3.333333333333334, 2.833333333333334, 2.333333333333334, 0.0, 2.355656113425995, 0.3235294117647056, 2.4213900069075436, 0.6470588235294121, 2.52714977137007, 0.9705882352941178, 1.5365907428821481, 1.5365907428821475, 2.668180078044492, 1.2941176470588234, 1.7643245775415983, 1.7643245775415979, 2.8392299046334486, 1.617647058823529, 2.0183938860582202, 2.01839388605822, 3.035228250792656, 1.9411764705882355, 2.290050022202724, 2.2900500222027236, 3.2516668307205863, 2.264705882352941, 2.5737301509011825, 2.573730150901182, 5.18331546184263, 3.484739069451357, 2.5882352941176467, 2.8658658788712676, 2.865865878871267, 5.132278030054274, 4.7177266182393875, 4.321297387488058, 3.9484525801607115, 3.731329273444866, 2.9117647058823533, 3.1641160127677024, 3.164116012767702, 3.9889312443468, 3.235294117647059, 3.466902884330769, 3.466902884330769, 3.9087317554201464, 4.2555457179942575, 3.5588235294117645, 3.773134457856315, 3.7731344578563144, 3.9301927713371456, 4.529581526400208, 3.882352941176471, 4.082035549244759, 4.082035549244759, 4.809770349115066, 4.2058823529411775, 4.393043065357644, 4.393043065357644, 5.0950971903095725, 4.529411764705882, 4.705739376912989, 4.705739376912989, 5.384745352078238, 4.852941176470589, 5.0198088960961105, 5.678053556925075, 5.1764705882352935, 5.335009108124885, 5.889981173179769, 7.001983845866669, 6.704061787039589, 6.431260460524913, 6.1869037310901955, 5.974482776311641, 5.5, 5.651150818619065, 5.968084410121562, 6.285690100414333, 6.60387091871965, 9.905081848436607], [4.76370723013017, 4.323529411764706, 4.4781712434324765, 4.912977815830121, 5.5626348589849455, 3.113933693093464, 2.162914860100028, 2.0259988352111202, 1.534493818911245, 1.051033434423861, 0.595542845038723, 0.3235294117647056, 2.355656113425995, 0.0, 2.333333333333334, 0.3235294117647065, 2.355656113425995, 0.6470588235294121, 2.4213900069075436, 1.3486005961212226, 3.5647738296766325, 0.9705882352941178, 2.52714977137007, 1.5365907428821481, 3.640054944640259, 1.2941176470588234, 2.668180078044492, 1.764324577541599, 3.74188857447763, 1.6176470588235299, 2.839229904633449, 2.0183938860582202, 3.868178223423281, 1.9411764705882355, 3.035228250792656, 2.290050022202724, 4.016617730514019, 7.216561742023971, 2.264705882352941, 3.2516668307205863, 2.5737301509011825, 4.184850747463607, 3.1444808022264876, 2.852675851822449, 2.62445413668651, 2.4774502044583935, 2.5882352941176476, 3.4847390694513574, 2.8658658788712685, 4.370592193807091, 2.9117647058823533, 3.731329273444866, 3.1641160127677024, 4.571708546171974, 3.105748795689658, 3.235294117647059, 3.9889312443468, 3.466902884330769, 4.78626205908848, 4.628431989914564, 3.5588235294117654, 4.2555457179942575, 3.7731344578563157, 5.012527558622652, 3.882352941176472, 4.529581526400209, 4.082035549244758, 5.248990675757278, 4.205882352941177, 4.809770349115065, 4.393043065357644, 5.494334924535979, 4.529411764705883, 5.095097190309573, 4.70573937691299, 4.852941176470588, 5.384745352078237, 5.019808896096111, 4.978858594686739, 5.549400665915649, 5.389419982787114, 5.272176756413337, 5.200562253340022, 5.176470588235294, 5.678053556925075, 5.3350091081248845, 5.651150818619066, 5.968084410121562, 6.2856901004143335, 10.038369192240374], [6.121330276351068, 4.912977815830121, 4.4781712434324765, 4.323529411764706, 4.4781712434324765, 4.180234541596976, 4.410893160100265, 4.345394004926895, 3.8469618824107505, 3.3489972217647375, 2.851744914618872, 2.355656113425995, 0.3235294117647056, 2.333333333333334, 0.0, 2.355656113425995, 0.3235294117647065, 2.4213900069075436, 0.6470588235294121, 1.3486005961212226, 1.348600596121222, 2.52714977137007, 0.9705882352941178, 1.5365907428821481, 1.5365907428821475, 2.668180078044492, 1.2941176470588234, 1.764324577541599, 1.7643245775415985, 2.839229904633449, 1.6176470588235299, 2.0183938860582202, 2.01839388605822, 3.035228250792656, 1.9411764705882355, 2.290050022202724, 2.2900500222027236, 5.037086739892895, 3.2516668307205863, 2.264705882352941, 2.5737301509011825, 2.573730150901182, 4.966441109421184, 4.536761395534857, 4.122968666711166, 3.7303535078258623, 3.4847390694513574, 2.5882352941176476, 2.8658658788712685, 2.865865878871268, 3.731329273444866, 2.9117647058823533, 3.1641160127677024, 3.164116012767702, 3.6306216134074853, 3.9889312443468, 3.235294117647059, 3.466902884330769, 3.466902884330769, 3.6112103644645583, 4.2555457179942575, 3.5588235294117654, 3.7731344578563157, 3.7731344578563153, 4.529581526400209, 3.882352941176472, 4.082035549244758, 4.082035549244758, 4.809770349115065, 4.205882352941177, 4.393043065357644, 4.393043065357644, 5.095097190309573, 4.529411764705883, 4.70573937691299, 5.384745352078237, 4.852941176470588, 5.019808896096111, 5.600843260570063, 6.750824062930602, 6.441295847522414, 6.1568627450980395, 5.901154592843915, 5.678053556925075, 5.176470588235294, 5.3350091081248845, 5.651150818619066, 5.968084410121562, 6.2856901004143335, 9.582512458842448], [5.059165515116358, 4.647058823529412, 4.791269854689221, 5.19996155310662, 5.817658954368378, 3.4336582023432434, 2.305589717325413, 2.1020668688477224, 1.6336110678822138, 1.1910856900774465, 0.8177316926151675, 0.6470588235294121, 2.4213900069075436, 0.3235294117647065, 2.355656113425995, 0.0, 2.333333333333334, 0.3235294117647056, 2.355656113425995, 1.2188841557586818, 3.517750342768577, 0.6470588235294112, 2.421390006907543, 1.3486005961212222, 3.5647738296766325, 0.9705882352941169, 2.5271497713700697, 1.5365907428821481, 3.640054944640259, 1.2941176470588234, 2.668180078044492, 1.7643245775415983, 3.74188857447763, 1.617647058823529, 2.8392299046334486, 2.0183938860582193, 3.8681782234232807, 7.126962156853762, 1.9411764705882346, 3.0352282507926556, 2.2900500222027236, 4.016617730514018, 2.9021305263022716, 2.5830914795445206, 2.3285964853738617, 2.1615646165903764, 2.264705882352941, 3.2516668307205863, 2.5737301509011825, 4.184850747463607, 2.5882352941176467, 3.484739069451357, 2.8658658788712676, 4.37059219380709, 2.7853630834045857, 2.9117647058823524, 3.7313292734448655, 3.1641160127677015, 4.571708546171974, 4.3847634283235415, 3.235294117647059, 3.9889312443468, 3.466902884330769, 4.78626205908848, 3.5588235294117654, 4.2555457179942575, 3.773134457856314, 5.012527558622651, 3.88235294117647, 4.529581526400207, 4.082035549244758, 5.248990675757278, 4.205882352941177, 4.809770349115065, 4.393043065357644, 4.529411764705881, 5.095097190309572, 4.70573937691299, 4.655742956339041, 5.2489082733730195, 5.07947222280856, 4.954900408916786, 4.878630756911588, 4.852941176470588, 5.384745352078237, 5.01980889609611, 5.3350091081248845, 5.651150818619064, 5.968084410121562, 9.730986445367021], [6.3539698997650556, 5.19996155310662, 4.791269854689221, 4.647058823529412, 4.791269854689221, 4.4235490760583644, 4.48257980658621, 4.381376826853066, 3.887560876121648, 3.3955553643282537, 2.9062799071811796, 2.4213900069075436, 0.6470588235294121, 2.355656113425995, 0.3235294117647065, 2.333333333333334, 0.0, 2.355656113425995, 0.3235294117647056, 1.2188841557586818, 1.218884155758681, 2.421390006907543, 0.6470588235294112, 1.3486005961212222, 1.3486005961212215, 2.5271497713700697, 0.9705882352941169, 1.5365907428821481, 1.5365907428821475, 2.668180078044492, 1.2941176470588234, 1.7643245775415983, 1.7643245775415979, 2.8392299046334486, 1.617647058823529, 2.0183938860582193, 2.018393886058219, 4.90785788649044, 3.0352282507926556, 1.9411764705882346, 2.2900500222027236, 2.290050022202723, 4.816652299001173, 4.372276985294956, 3.941252681928249, 3.528475502178424, 3.2516668307205863, 2.264705882352941, 2.5737301509011825, 2.573730150901182, 3.484739069451357, 2.5882352941176467, 2.8658658788712676, 2.865865878871267, 3.360652499769489, 3.7313292734448655, 2.9117647058823524, 3.1641160127677015, 3.164116012767701, 3.2931152323469295, 3.9889312443468, 3.235294117647059, 3.466902884330769, 3.466902884330769, 4.2555457179942575, 3.5588235294117654, 3.773134457856314, 3.773134457856314, 4.529581526400207, 3.88235294117647, 4.082035549244758, 4.082035549244758, 4.809770349115065, 4.205882352941177, 4.393043065357644, 5.095097190309572, 4.529411764705881, 4.70573937691299, 5.3156706819636295, 6.506059932098806, 6.184293209957641, 5.887456936011919, 5.619503166656418, 5.384745352078237, 4.852941176470588, 5.01980889609611, 5.3350091081248845, 5.651150818619064, 5.968084410121562, 9.260010053129898], [5.357867803972424, 4.970588235294118, 5.105669252503084, 5.491010093715794, 6.079206149230695, 3.7540347383327446, 2.4824644524716697, 2.223070291846695, 1.7866285351161695, 1.393571498880251, 1.0918065407806228, 0.9705882352941178, 2.52714977137007, 0.6470588235294121, 2.4213900069075436, 0.3235294117647056, 2.355656113425995, 0.0, 2.333333333333334, 1.167037344310038, 3.500123576661703, 0.3235294117647056, 2.355656113425995, 1.2188841557586818, 3.517750342768577, 0.6470588235294112, 2.421390006907543, 1.3486005961212226, 3.5647738296766325, 0.9705882352941178, 2.52714977137007, 1.5365907428821481, 3.640054944640259, 1.2941176470588234, 2.668180078044492, 1.7643245775415983, 3.74188857447763, 7.051082069764955, 1.617647058823529, 2.8392299046334486, 2.0183938860582193, 3.8681782234232807, 2.676995746797836, 2.327295904773113, 2.0411531614197163, 1.8483252496175293, 1.9411764705882355, 3.035228250792656, 2.290050022202724, 4.016617730514019, 2.264705882352941, 3.2516668307205863, 2.5737301509011825, 4.184850747463607, 2.4657984490651463, 2.5882352941176467, 3.484739069451357, 2.8658658788712676, 4.37059219380709, 4.1520188487067795, 2.9117647058823533, 3.731329273444866, 3.1641160127677024, 4.571708546171974, 3.2352941176470598, 3.9889312443468006, 3.4669028843307688, 4.78626205908848, 3.5588235294117645, 4.2555457179942575, 3.773134457856315, 5.012527558622651, 3.882352941176471, 4.529581526400208, 4.082035549244759, 4.205882352941176, 4.809770349115064, 4.393043065357645, 4.332689073274104, 4.951320120357404, 4.771328005310058, 4.638488000874429, 4.556925601132418, 4.529411764705882, 5.0950971903095725, 4.705739376912989, 5.0198088960961105, 5.335009108124884, 5.651150818619065, 9.424684658951003], [6.594279731905682, 5.491010093715794, 5.105669252503084, 4.970588235294118, 5.105669252503084, 4.676596475470893, 4.576069004676748, 4.440700316421852, 3.954299680972068, 3.4717650602542887, 2.9949656592804415, 2.52714977137007, 0.9705882352941178, 2.4213900069075436, 0.6470588235294121, 2.355656113425995, 0.3235294117647056, 2.333333333333334, 0.0, 1.167037344310038, 1.167037344310037, 2.355656113425995, 0.3235294117647056, 1.2188841557586818, 1.218884155758681, 2.421390006907543, 0.6470588235294112, 1.3486005961212226, 1.348600596121222, 2.52714977137007, 0.9705882352941178, 1.5365907428821481, 1.5365907428821475, 2.668180078044492, 1.2941176470588234, 1.7643245775415983, 1.7643245775415979, 4.7970030022214525, 2.8392299046334486, 1.617647058823529, 2.0183938860582193, 2.018393886058219, 4.684451302570183, 4.226198134590728, 3.778546987862506, 3.3457561187497635, 3.035228250792656, 1.9411764705882355, 2.290050022202724, 2.2900500222027236, 3.2516668307205863, 2.264705882352941, 2.5737301509011825, 2.573730150901182, 3.1009514200041726, 3.484739069451357, 2.5882352941176467, 2.8658658788712676, 2.865865878871267, 2.9761918841311514, 3.731329273444866, 2.9117647058823533, 3.1641160127677024, 3.164116012767702, 3.9889312443468006, 3.2352941176470598, 3.4669028843307688, 3.4669028843307683, 4.2555457179942575, 3.5588235294117645, 3.773134457856315, 3.7731344578563144, 4.529581526400208, 3.882352941176471, 4.082035549244759, 4.809770349115064, 4.205882352941176, 4.393043065357645, 5.035137230429366, 6.268440692232306, 5.93380277551424, 5.623760489687231, 5.342597562238225, 5.0950971903095725, 4.529411764705882, 4.705739376912989, 5.0198088960961105, 5.335009108124884, 5.651150818619065, 8.937581882411845], [5.918426968188235, 5.134307266916454, 5.0, 5.134307266916454, 5.517648452415616, 4.103690750748377, 3.5039660069381067, 3.3208098075285464, 2.8480012484391772, 2.386303510546059, 1.9436506316151003, 1.5365907428821481, 1.5365907428821481, 1.3486005961212226, 1.3486005961212226, 1.2188841557586818, 1.2188841557586818, 1.167037344310038, 1.167037344310038, 0.0, 2.333333333333333, 1.2031692738025397, 1.2031692738025397, 0.3235294117647056, 2.355656113425994, 1.3200753767813669, 1.3200753767813669, 0.6470588235294121, 2.4213900069075427, 1.4989744026833947, 1.4989744026833947, 0.9705882352941178, 2.5271497713700692, 1.7206371145506663, 1.7206371145506663, 1.2941176470588234, 2.6681800780444913, 5.908973240040621, 1.9706857843380512, 1.9706857843380512, 1.617647058823529, 2.8392299046334477, 3.618048891015402, 3.1896098681674396, 2.7851291611780673, 2.416666666666667, 2.239632872095012, 2.239632872095012, 1.9411764705882355, 3.035228250792655, 2.5214382608937016, 2.5214382608937016, 2.264705882352941, 3.2516668307205854, 2.518878149774341, 2.81223913737477, 2.81223913737477, 2.5882352941176467, 3.4847390694513565, 3.393690099530389, 3.109512757429975, 3.109512757429975, 2.9117647058823533, 3.7313292734448655, 3.411567494863728, 3.411567494863728, 3.235294117647058, 3.9889312443467984, 3.7172380225048007, 3.7172380225048007, 3.5588235294117645, 4.255545717994257, 4.025700786254944, 4.025700786254944, 3.882352941176471, 4.336359958018426, 4.336359958018426, 4.2058823529411775, 4.5219125599808985, 5.50252467307306, 5.230784942158405, 4.994441354590566, 4.7987266829626565, 4.648775226993784, 4.648775226993784, 4.529411764705882, 4.852941176470589, 5.1764705882352935, 5.5, 9.081211012003623], [7.433034373659253, 6.103277807866851, 5.517648452415616, 5.134307266916454, 5.0, 5.482928049865327, 5.70087712549569, 5.5901699437494745, 5.0990195135927845, 4.6097722286464435, 4.123105625617661, 3.640054944640259, 1.5365907428821475, 3.5647738296766325, 1.348600596121222, 3.517750342768577, 1.218884155758681, 3.500123576661703, 1.167037344310037, 2.333333333333333, 0.0, 3.5123361442651553, 1.2031692738025388, 2.355656113425994, 0.3235294117647056, 3.554080456218367, 1.320075376781366, 2.4213900069075427, 0.6470588235294121, 3.6243362356145887, 1.4989744026833938, 2.5271497713700692, 0.9705882352941178, 3.7214890795027373, 1.7206371145506658, 2.6681800780444913, 1.2941176470588234, 3.6951168648259816, 3.8434998828516918, 1.9706857843380505, 2.8392299046334477, 1.617647058823529, 5.771698190307598, 5.297405025104273, 4.828301978956992, 4.366062299143245, 3.9880877987648966, 2.2396328720950116, 3.035228250792655, 1.9411764705882355, 4.152895350522036, 2.521438260893701, 3.2516668307205854, 2.264705882352941, 3.914706795619419, 4.335617355656663, 2.8122391373747697, 3.4847390694513565, 2.5882352941176467, 2.9291696002872194, 4.534088494671079, 3.1095127574299744, 3.7313292734448655, 2.9117647058823533, 4.7463334965949935, 3.4115674948637276, 3.9889312443467984, 3.235294117647058, 4.970588235294118, 3.7172380225048007, 4.255545717994257, 3.5588235294117645, 5.205300731883083, 4.025700786254944, 4.529581526400208, 5.44911979813203, 4.336359958018426, 4.809770349115065, 5.698469089864797, 7.106335201775948, 6.726812023536855, 6.363961030678928, 6.020797289396148, 5.70087712549569, 4.648775226993784, 5.0950971903095725, 5.384745352078237, 5.678053556925075, 5.97448277631164, 8.886423739228867], [5.659300456849738, 5.294117647058823, 5.421143124103141, 5.785510012552403, 6.346470015756763, 4.074909513504882, 2.686793280378654, 2.3821713801548925, 1.9810957787116366, 1.6354633852303346, 1.3873501664789123, 1.2941176470588234, 2.668180078044492, 0.9705882352941178, 2.52714977137007, 0.6470588235294112, 2.421390006907543, 0.3235294117647056, 2.355656113425995, 1.2031692738025397, 3.5123361442651553, 0.0, 2.333333333333334, 1.167037344310038, 3.500123576661703, 0.3235294117647056, 2.355656113425995, 1.218884155758682, 3.5177503427685775, 0.6470588235294121, 2.4213900069075436, 1.3486005961212226, 3.5647738296766325, 0.9705882352941178, 2.52714977137007, 1.5365907428821481, 3.640054944640259, 6.989368332292246, 1.2941176470588234, 2.668180078044492, 1.7643245775415983, 3.74188857447763, 2.4737812000266994, 2.0903572483203767, 1.7662370808035757, 1.539348376945757, 1.6176470588235299, 2.839229904633449, 2.0183938860582202, 3.868178223423281, 1.9411764705882355, 3.035228250792656, 2.290050022202724, 4.016617730514019, 2.147421485639159, 2.264705882352941, 3.2516668307205863, 2.5737301509011825, 4.184850747463607, 3.932138512085093, 2.5882352941176476, 3.4847390694513574, 2.8658658788712685, 4.370592193807091, 2.911764705882354, 3.7313292734448673, 3.1641160127677015, 4.571708546171974, 3.235294117647059, 3.9889312443468, 3.466902884330769, 4.78626205908848, 3.5588235294117654, 4.2555457179942575, 3.7731344578563157, 3.88235294117647, 4.529581526400207, 4.08203554924476, 4.009711871991637, 4.657192970747723, 4.465360720790875, 4.323129233180754, 4.235498361088339, 4.205882352941177, 4.809770349115065, 4.393043065357644, 4.70573937691299, 5.01980889609611, 5.3350091081248845, 9.11957275325822], [6.841451559331355, 5.785510012552403, 5.421143124103141, 5.294117647058823, 5.421143124103141, 4.9378806507478865, 4.690057132835982, 4.522446048567837, 4.045884937671055, 3.5757309176642726, 3.114886556876004, 2.668180078044492, 1.2941176470588234, 2.52714977137007, 0.9705882352941178, 2.421390006907543, 0.6470588235294112, 2.355656113425995, 0.3235294117647056, 1.2031692738025397, 1.2031692738025388, 2.333333333333334, 0.0, 1.167037344310038, 1.167037344310037, 2.355656113425995, 0.3235294117647056, 1.218884155758682, 1.2188841557586811, 2.4213900069075436, 0.6470588235294121, 1.3486005961212226, 1.348600596121222, 2.52714977137007, 0.9705882352941178, 1.5365907428821481, 1.5365907428821475, 4.705820771471272, 2.668180078044492, 1.2941176470588234, 1.7643245775415983, 1.7643245775415979, 4.571364260631975, 4.100492393609575, 3.6374035432869762, 3.1854938711890997, 2.839229904633449, 1.6176470588235299, 2.0183938860582202, 2.01839388605822, 3.035228250792656, 1.9411764705882355, 2.290050022202724, 2.2900500222027236, 2.8543224686076565, 3.2516668307205863, 2.264705882352941, 2.5737301509011825, 2.573730150901182, 2.6608590510161427, 3.4847390694513574, 2.5882352941176476, 2.8658658788712685, 2.865865878871268, 3.7313292734448673, 2.911764705882354, 3.1641160127677015, 3.164116012767701, 3.9889312443468, 3.235294117647059, 3.466902884330769, 3.466902884330769, 4.2555457179942575, 3.5588235294117654, 3.7731344578563157, 4.529581526400207, 3.88235294117647, 4.08203554924476, 4.760063194956319, 6.038809828481089, 5.690684564375929, 5.36661508568419, 5.071215253226764, 4.809770349115065, 4.205882352941177, 4.393043065357644, 4.70573937691299, 5.01980889609611, 5.3350091081248845, 8.61523628150266], [6.194170095799893, 5.4498694029338886, 5.323529411764706, 5.4498694029338886, 5.812435792537267, 4.4012974957721145, 3.6541807964780166, 3.4321287682113573, 2.9770524373811993, 2.5389317730594247, 2.1282640535384716, 1.7643245775415983, 1.7643245775415983, 1.5365907428821481, 1.5365907428821481, 1.3486005961212222, 1.3486005961212222, 1.2188841557586818, 1.2188841557586818, 0.3235294117647056, 2.355656113425994, 1.167037344310038, 1.167037344310038, 0.0, 2.333333333333333, 1.2031692738025397, 1.2031692738025397, 0.3235294117647065, 2.355656113425994, 1.3200753767813673, 1.3200753767813673, 0.6470588235294121, 2.4213900069075427, 1.4989744026833947, 1.4989744026833947, 0.9705882352941178, 2.5271497713700692, 5.8368233846222815, 1.7206371145506663, 1.7206371145506663, 1.2941176470588234, 2.6681800780444913, 3.4731248346234445, 3.0242237764774385, 2.594082262293313, 2.1937630038083253, 1.9706857843380519, 1.9706857843380519, 1.6176470588235299, 2.839229904633448, 2.239632872095012, 2.239632872095012, 1.9411764705882355, 3.035228250792655, 2.21247267121014, 2.5214382608937016, 2.5214382608937016, 2.264705882352941, 3.2516668307205854, 3.1238784214059114, 2.8122391373747706, 2.8122391373747706, 2.5882352941176476, 3.484739069451357, 3.1095127574299757, 3.1095127574299757, 2.9117647058823524, 3