totalHoles = 90;
zeroHoleID = 17;
C = [[0.0, 4.333333333333333, 3.4701445639557416, 2.386303510546059, 2.386303510546059, 1.0454545454545454, 4.4576622779646895, 2.534176903852354, 3.05959329178097, 2.2422706745122847, 4.585605497399201, 4.3326715091992645, 2.979652453217507, 2.979652453217507, 2.090909090909091, 4.811411290278982, 2.5495097567963922, 3.308238873546535, 4.576510072581994, 3.774673953165877, 3.774673953165877, 3.1363636363636362, 5.349257391197577, 3.3069825790678906, 4.480079364376384, 3.967086812483157, 5.633629183552799, 4.669469838929881, 4.669469838929881, 4.181818181818182, 6.022074483395477, 4.62709412050371, 5.08472658502347, 5.9878580848617675, 5.616554469945603, 5.616554469945603, 5.227272727272727, 6.789856989883294, 6.292941371974723, 5.938668013770241, 7.160152077838694, 6.17680447963642, 6.593433859854753, 6.593433859854753, 6.2727272727272725, 7.6239678131399735, 6.71863081289633, 7.041622287828597, 7.719096089856923, 7.588610309398916, 7.588610309398916, 7.318181818181818, 8.504914044347816, 8.243246393934317, 7.9760753367666855, 8.922879455522068, 8.595731103563852, 8.595731103563852, 8.363636363636363, 9.419564268102759, 8.814193099768124, 9.062805550404601, 9.598668889197317, 9.611042107641484, 9.611042107641484, 9.409090909090908, 10.358994618847667, 10.252858679954148, 10.039311618720568, 10.806839398167153, 10.63219723284719, 10.63219723284719, 10.454545454545453, 11.317035762024204, 10.91146186356347, 11.113255348656596, 11.554412336611692, 11.657660829458557, 11.657660829458557, 11.5, 12.289335937217185, 12.292725943057183, 12.0, 12.115187896924166, 12.758439472669759, 12.686388155990043, 12.686388155990043, 13.009611831257688, 13.179318815646143, 13.55339235927465], [4.333333333333333, 0.0, 1.4073164137490977, 6.576473218982953, 2.386303510546058, 4.4576622779646895, 1.0454545454545454, 2.7195058819042868, 7.158910531638177, 3.05959329178097, 1.5, 1.8958251007953435, 6.814241285537273, 2.979652453217506, 4.811411290278982, 2.090909090909091, 5.441609239104837, 3.3082388735465345, 2.5495097567963922, 7.1974800457010275, 3.7746739531658764, 5.349257391197577, 3.1363636363636362, 6.125158956306597, 7.87146746166177, 4.480079364376384, 3.5999999999999996, 7.704511933421312, 4.669469838929881, 6.022074483395477, 4.181818181818182, 6.672414189115594, 5.08472658502347, 4.62709412050371, 8.312715541230885, 5.616554469945602, 6.789856989883294, 5.227272727272727, 9.027181176868003, 6.292941371974723, 5.699999999999999, 7.732395426196426, 9.001606835439699, 6.593433859854753, 7.6239678131399735, 6.2727272727272725, 8.261423068159088, 7.041622287828597, 6.71863081289633, 9.754104878638074, 7.588610309398916, 8.504914044347816, 7.318181818181818, 10.480458005259122, 8.243246393934317, 7.800000000000001, 10.556616349964157, 8.595731103563852, 9.419564268102759, 8.363636363636363, 10.03997565291426, 9.062805550404601, 8.814193099768124, 11.39858262901196, 9.611042107641484, 10.358994618847667, 9.409090909090908, 12.124768039018313, 10.252858679954148, 9.9, 12.271885493016914, 10.63219723284719, 11.317035762024204, 10.454545454545453, 11.923552788959803, 11.113255348656596, 10.91146186356347, 13.170292767066641, 11.657660829458555, 12.289335937217185, 11.5, 13.892443989449804, 12.758439472669759, 12.292725943057183, 12.0, 14.089002803605371, 12.686388155990043, 13.869430814244366, 13.179318815646143, 13.009611831257688], [3.4701445639557416, 1.4073164137490977, 0.0, 5.494282097554536, 1.161031516965207, 3.328153483838987, 1.00759208296097, 1.367728865116929, 6.016394627350086, 1.7391174182762663, 1.1302058851309702, 1.0475690740861976, 5.5957794073440175, 1.5727700377148672, 3.506744693080854, 1.4952907864715717, 4.116738957607875, 1.9091411780598069, 1.5977617173436949, 5.88424243187053, 2.4052374961537293, 3.962809796865731, 2.3753942156600147, 4.765057410265145, 6.540073432931381, 3.0984004890717056, 2.8023064676998763, 6.334178812728528, 3.358970027775961, 4.614803900822054, 3.3518727954232514, 5.2652726274348085, 3.7974170476643025, 3.650807951883658, 6.914136524500763, 4.355013466720138, 5.392116376078414, 4.360453555173939, 7.626802521651045, 4.999564159685088, 4.8216675263896445, 6.344054150127289, 7.594385883037229, 5.36987479894582, 6.248149597803073, 5.383122661632629, 6.878855430763328, 5.83231792943589, 5.737939952427598, 8.350452707173304, 6.394600756154852, 7.154703221874655, 6.413143876973259, 9.076545207312671, 7.015069349830803, 6.889414629064528, 9.16358959699876, 7.425108263055978, 8.094821394132396, 7.447467327659759, 8.702540332194388, 7.9013599225796085, 7.831954487469441, 10.01991210554928, 8.459284663540483, 9.058059341046881, 8.484519740066771, 10.743334170382978, 9.068999623942183, 8.97215638112133, 10.909255396995029, 9.495931325190986, 10.037763449203858, 9.523409644440848, 10.628723555987234, 9.983338360602385, 9.928497735806792, 11.824170941085914, 10.534319003139158, 11.029546750054708, 10.563594923381832, 12.540924419381787, 11.507237293536969, 11.140121649927854, 11.061426052884144, 12.759158827461905, 11.573979108339417, 12.610524201068161, 12.07156166444106, 12.026247273611519], [2.386303510546059, 6.576473218982953, 5.494282097554536, 0.0, 4.333333333333334, 2.1671434101477747, 6.500158930034132, 4.248629457039283, 0.7071067811865476, 3.865804501581067, 6.519202405202649, 6.143679410690907, 1.0454545454545454, 4.45766227796469, 2.425804421026671, 6.590909090909091, 2.2422706745122847, 4.585605497399202, 6.18465843842649, 2.090909090909091, 4.811411290278983, 3.042777354855479, 6.842079332101965, 2.5228296678533626, 2.647640458974745, 4.631894260930882, 7.000714249274855, 3.1363636363636367, 5.349257391197578, 3.849468974624059, 7.236986039930487, 3.967086812483157, 5.6336291835528, 6.99714227381436, 4.181818181818182, 6.022074483395477, 4.750187275801686, 7.753698131262514, 4.726520919238588, 6.065018091023672, 8.02122185206219, 5.484684039819481, 5.227272727272727, 6.789856989883294, 5.700534829031959, 8.369686546852396, 5.938668013770241, 7.160152077838695, 8.275868534480233, 6.2727272727272725, 7.6239678131399735, 6.6793611919140705, 9.064735047843556, 6.818357573492315, 7.806051783356581, 9.406912352095134, 7.318181818181818, 8.504914044347816, 7.67577910966126, 9.822074144286825, 7.9760753367666855, 8.922879455522068, 9.840731680114036, 8.363636363636363, 9.419564268102759, 8.683735046729593, 10.628396394440479, 8.914033879226622, 9.69043056032313, 11.020889256316842, 9.409090909090908, 10.35899461884767, 9.69963268358707, 11.473379177559943, 10.039311618720568, 10.806839398167153, 11.576268828944842, 10.454545454545453, 11.317035762024204, 10.721214690716927, 12.349089035228468, 11.01135777277262, 11.211353372561426, 11.648795836671036, 12.776932339180638, 11.5, 12.289335937217185, 12.115187896924166, 12.758439472669759, 13.416407864998739], [2.386303510546059, 2.386303510546058, 1.161031516965207, 4.333333333333334, 0.0, 2.1671434101477747, 2.167143410147774, 0.49672341110264084, 4.859126579037751, 0.7071067811865481, 2.2236106773543884, 1.9465686039151615, 4.45766227796469, 1.0454545454545454, 2.425804421026671, 2.4258044210266707, 3.0595932917809705, 1.5, 2.2422706745122847, 4.811411290278983, 2.090909090909091, 3.042777354855479, 3.042777354855478, 3.7640842467973203, 5.488270320520948, 2.6476404589747453, 3.384441526226216, 5.349257391197578, 3.1363636363636367, 3.849468974624059, 3.8494689746240587, 4.480079364376385, 3.5999999999999996, 3.967086812483157, 6.022074483395477, 4.181818181818182, 4.750187275801686, 4.750187275801686, 6.741743922095463, 4.726520919238588, 5.175369015291995, 5.739425640800622, 6.789856989883294, 5.227272727272727, 5.700534829031959, 5.700534829031959, 6.292941371974723, 5.699999999999999, 5.938668013770241, 7.6239678131399735, 6.2727272727272725, 6.6793611919140705, 6.6793611919140705, 8.34272803770512, 6.818357573492315, 7.136837145714091, 8.504914044347816, 7.318181818181818, 7.67577910966126, 7.67577910966126, 8.243246393934317, 7.800000000000001, 7.9760753367666855, 9.419564268102759, 8.363636363636363, 8.683735046729593, 8.683735046729593, 10.127739684209459, 8.914033879226622, 9.159936923606212, 10.35899461884767, 9.409090909090908, 9.69963268358707, 9.69963268358707, 10.252858679954148, 9.9, 10.039311618720568, 11.317035762024204, 10.454545454545453, 10.721214690716927, 10.721214690716927, 12.015036875145707, 11.211353372561426, 11.01135777277262, 11.211353372561426, 12.289335937217185, 11.5, 12.292725943057183, 12.0, 12.115187896924166], [1.0454545454545454, 4.4576622779646895, 3.328153483838987, 2.1671434101477747, 2.1671434101477747, 0.0, 4.333333333333333, 2.100578096429065, 2.7051289583602194, 1.7275385228774813, 4.357107910991614, 3.999666686534383, 2.386303510546059, 2.386303510546059, 1.0454545454545454, 4.4576622779646895, 1.5380840286989665, 2.6096258206461878, 4.100017917495396, 2.979652453217507, 2.979652453217507, 2.090909090909091, 4.811411290278982, 2.3185673051756224, 3.6928056529487105, 3.0501606936547816, 5.030256480251938, 3.7746739531658773, 3.7746739531658773, 3.1363636363636362, 5.349257391197577, 3.5895394395980316, 4.162840116179601, 5.227737353088255, 4.669469838929881, 4.669469838929881, 4.181818181818182, 6.022074483395477, 5.364317710533267, 4.943942876511371, 6.359447394719727, 5.1331459622166875, 5.616554469945603, 5.616554469945603, 5.227272727272727, 6.789856989883294, 5.676608520720859, 6.055437947990641, 6.831422161011944, 6.593433859854753, 6.593433859854753, 6.272727272727273, 7.6239678131399735, 7.2618864910319125, 6.957130304608248, 8.025064615023261, 7.588610309398917, 7.588610309398917, 7.318181818181818, 8.504914044347816, 7.7706483131468245, 8.051547655640872, 8.650284368219118, 8.595731103563852, 8.595731103563852, 8.363636363636363, 9.419564268102759, 9.24738267390956, 9.01003623657471, 9.858029873376797, 9.611042107641484, 9.611042107641484, 9.409090909090908, 10.358994618847667, 9.867221803309302, 10.08992123656805, 10.573859775888222, 10.63219723284719, 10.63219723284719, 10.454545454545455, 11.317035762024206, 11.274447978806483, 10.954545454545455, 11.080606657285523, 11.780485724004773, 11.657660829458559, 11.657660829458559, 11.964997159414347, 12.149304567309104, 12.554106956260881], [4.4576622779646895, 1.0454545454545454, 1.00759208296097, 6.500158930034132, 2.167143410147774, 4.333333333333333, 0.0, 2.320794691671554, 7.014742445040155, 2.7051289583602194, 0.4545454545454546, 0.9052314673891818, 6.576473218982953, 2.386303510546058, 4.4576622779646895, 1.0454545454545454, 5.0474561504236926, 2.609625820646187, 1.5380840286989665, 6.814241285537273, 2.979652453217506, 4.811411290278982, 2.090909090909091, 5.653069326515797, 7.451557050666581, 3.6928056529487105, 2.5545454545454542, 7.1974800457010275, 3.774673953165877, 5.349257391197577, 3.1363636363636362, 5.999658698587852, 4.162840116179601, 3.5895394395980316, 7.704511933421312, 4.669469838929881, 6.022074483395477, 4.181818181818182, 8.406235387403196, 5.364317710533267, 4.654545454545454, 6.927208161794212, 8.312715541230885, 5.616554469945602, 6.789856989883294, 5.227272727272727, 7.4387495863640805, 6.05543794799064, 5.676608520720858, 9.001606835439699, 6.593433859854753, 7.6239678131399735, 6.272727272727273, 9.727480881375232, 7.2618864910319125, 6.754545454545456, 9.754104878638074, 7.588610309398917, 8.504914044347816, 7.318181818181818, 9.137509853221648, 8.051547655640872, 7.7706483131468245, 10.556616349964157, 8.595731103563852, 9.419564268102759, 8.363636363636363, 11.287292642906516, 9.24738267390956, 8.854545454545455, 11.39858262901196, 9.611042107641484, 10.358994618847667, 9.409090909090908, 10.976027388213534, 10.08992123656805, 9.867221803309302, 12.271885493016914, 10.63219723284719, 11.317035762024206, 10.454545454545455, 13.00007946574568, 11.780485724004773, 11.274447978806483, 10.954545454545455, 13.170292767066645, 11.657660829458557, 12.894660450585913, 12.149304567309104, 11.964997159414347], [2.534176903852354, 2.7195058819042868, 1.367728865116929, 4.248629457039283, 0.49672341110264084, 2.100578096429065, 2.320794691671554, 0.0, 4.7210156048602, 0.38799083998943923, 2.279069220709807, 1.899222287419353, 4.258184720430744, 0.5727294275880933, 2.142137836741498, 2.3584770877184402, 2.7490206170374014, 1.022339678488631, 2.048765648203003, 4.516566436644205, 1.610979286191001, 2.6364808167753995, 2.815082726833794, 3.4079833277951077, 5.173568432024285, 2.151362096770421, 3.109980464937283, 4.985234001845366, 2.654889816371047, 3.3910556020320497, 3.5317018217519807, 4.029260022932425, 3.118172605504215, 3.588211624299963, 5.611746086817589, 3.699672421556813, 4.270062705411287, 4.382590007043514, 6.329583896303369, 4.233932079158229, 4.7926819706502775, 5.256015720486551, 6.349549641186611, 4.744751050351171, 5.210908110247092, 5.303510440748866, 5.8079909014999425, 5.217357796550055, 5.511178153559009, 7.164343484374313, 5.7899654097422895, 6.185437864206269, 6.263649194650824, 7.885521814049318, 6.328033093341868, 6.714731748275648, 8.032733338753594, 6.835253234185181, 7.179949179743366, 7.247436090466114, 7.74923094838519, 7.317010616141429, 7.529336399694916, 8.939113078721702, 7.880585290325135, 8.187163690110355, 8.246411883380231, 9.649832965360195, 8.425071205036463, 8.719257103148504, 9.873025412205036, 8.92594603803776, 9.202911428827754, 9.255659805143111, 9.756454390346708, 9.416818270319922, 9.582730748553645, 10.827348214551087, 9.971326453539577, 10.22464956163578, 10.272152565064058, 11.527232896010085, 10.714924486370263, 10.523290682549792, 10.76026330580764, 11.79712924153423, 11.016720937982296, 11.7960257820344, 11.516696067698227, 11.652748627632032], [3.05959329178097, 7.158910531638177, 6.016394627350086, 0.7071067811865476, 4.859126579037751, 2.7051289583602194, 7.014742445040155, 4.7210156048602, 0.0, 4.333333333333333, 7.0, 6.593911060217001, 0.7399463907318048, 4.864013956833198, 2.731352167852055, 7.024896693455285, 2.3863035105460586, 4.935697631653617, 6.576473218982953, 1.6676305752585583, 5.088428327749965, 3.128705333124923, 7.188719353988805, 2.439031496147531, 2.0999999999999996, 4.815368913985488, 7.308214556237385, 2.6833585714809898, 5.50559028027437, 3.7819650806745546, 7.496142258544095, 3.7821216855680944, 5.742047640964947, 7.201388754955532, 3.7156136941246922, 6.075927602850289, 4.582976444908067, 7.93048308638705, 4.199999999999999, 6.03471439073779, 8.16333265278342, 5.220203530931504, 4.7536414923736645, 6.760785350026107, 5.467178132359126, 8.472244426350949, 5.633333333333333, 7.09937399431183, 8.324061508662703, 5.794340356355438, 7.528976774861268, 6.4001836520941024, 9.102265633863993, 6.300000000000001, 7.646422547687107, 9.417536832951598, 6.836490569421209, 8.357554332273063, 7.3634648938758795, 9.803545487844252, 7.6147517651230405, 8.755062027827737, 9.774456506629923, 7.879516283345326, 9.23027020030374, 8.346545999356595, 10.561899403434236, 8.4, 9.451866364786257, 10.934349546269317, 8.923110490543433, 10.13572947239405, 9.343179084692306, 11.365908863681806, 9.646473160924902, 10.569820770056186, 11.428473213863697, 9.967094622135958, 11.065897447460944, 10.349449797506683, 12.206555615733702, 10.5, 10.833333333333334, 11.359039474259157, 12.619429464123963, 11.01135777277262, 12.015036875145707, 11.702326454361305, 12.47441826744282, 13.209844813622906], [2.2422706745122847, 3.05959329178097, 1.7391174182762663, 3.865804501581067, 0.7071067811865481, 1.7275385228774813, 2.7051289583602194, 0.38799083998943923, 4.333333333333333, 0.0, 2.666666666666667, 2.2783025183499257, 3.8719459068537447, 0.7399463907318053, 1.7683187867284518, 2.731352167852055, 2.3863035105460586, 1.1180339887498953, 2.386303510546059, 4.150353741548018, 1.6676305752585585, 2.335693414853713, 3.128705333124923, 3.0690718450132395, 4.815368913985488, 2.0999999999999996, 3.3942762278740823, 4.6524034291519625, 2.6833585714809898, 3.1575190479407014, 3.7819650806745546, 3.7821216855680944, 3.1400636936215163, 3.7821216855680944, 5.315094502302982, 3.7156136941246922, 4.082932740230831, 4.582976444908067, 6.03471439073779, 4.199999999999999, 4.975048855148169, 5.07705024996262, 6.086177115600643, 4.7536414923736645, 5.055363824455416, 5.467178132359126, 5.633333333333333, 5.22398315464359, 5.633333333333333, 6.929561646290023, 5.794340356355438, 6.052191127781678, 6.4001836520941024, 7.646422547687107, 6.300000000000001, 6.841133759188686, 7.821895406500241, 6.836490569421209, 7.063092942189646, 7.3634648938758795, 7.6147517651230405, 7.317103251970687, 7.6147517651230405, 8.748212463352074, 7.879516283345326, 8.082790160955698, 8.346545999356595, 9.451866364786257, 8.4, 8.813121530485729, 9.69878060742126, 8.923110490543433, 9.108329269152406, 9.343179084692306, 9.646473160924902, 9.413288479590967, 9.646473160924902, 10.667118619901814, 9.967094622135958, 10.137937550497032, 10.349449797506683, 11.359039474259157, 10.631452289211374, 10.5, 10.833333333333334, 11.648795836671036, 11.01135777277262, 11.702326454361305, 11.510864433221338, 11.702326454361305], [4.585605497399201, 1.5, 1.1302058851309702, 6.519202405202649, 2.2236106773543884, 4.357107910991614, 0.4545454545454546, 2.279069220709807, 7.0, 2.666666666666667, 0.0, 0.5430166291377667, 6.522846055301092, 2.2342705981150686, 4.373437015837404, 0.5909090909090908, 4.935697631653617, 2.386303510546058, 1.118033988749895, 6.6918601102785455, 2.688017146519276, 4.632004288446957, 1.6363636363636362, 5.497404361920281, 7.308214556237385, 3.3942762278740823, 2.0999999999999996, 7.0143006225239946, 3.412456251380366, 5.096069714800648, 2.6818181818181817, 5.742047640964947, 3.782121685568094, 3.140063693621516, 7.470326975706414, 4.2720287415244975, 5.715797386301306, 3.7272727272727266, 8.16333265278342, 4.975048855148169, 4.199999999999999, 6.5981797693083175, 8.03723257334367, 5.200149217326457, 6.4464488982394395, 4.7727272727272725, 7.09937399431183, 5.633333333333333, 5.22398315464359, 8.69335264240956, 6.1659406913895705, 7.254585959736039, 5.818181818181818, 9.417536832951598, 6.841133759188686, 6.300000000000001, 9.420063869517294, 7.154162966429376, 8.117098121250548, 6.863636363636363, 8.755062027827737, 7.6147517651230405, 7.317103251970687, 10.202292725633004, 8.156667291482997, 9.018397683959286, 7.909090909090908, 10.934349546269317, 8.813121530485729, 8.4, 11.028231990053811, 9.168770106774993, 9.947947631310612, 8.954545454545453, 10.569820770056186, 9.646473160924902, 9.413288479590967, 11.888775176888977, 10.187611086562736, 10.89852181618121, 10.0, 12.619429464123963, 11.359039474259157, 10.833333333333334, 10.5, 12.776932339180638, 11.211353372561426, 12.47441826744282, 11.702326454361305, 11.510864433221338], [4.3326715091992645, 1.8958251007953435, 1.0475690740861976, 6.143679410690907, 1.9465686039151615, 3.999666686534383, 0.9052314673891818, 1.899222287419353, 6.593911060217001, 2.2783025183499257, 0.5430166291377667, 0.0, 6.08777438716337, 1.762194545844246, 3.9253758053646237, 0.48029742818446197, 4.465556453300945, 1.8681123029579054, 0.6557221290020816, 6.20992332399366, 2.146504208773264, 4.123804946470449, 1.3519902524474006, 4.999178644574019, 6.813271095109334, 2.8516069698539925, 1.798851579458516, 6.500096061134923, 2.880205102485343, 4.559485680748374, 2.3687591855501275, 5.204055570708096, 3.2604974347272444, 2.7515398335955954, 6.937240109100027, 3.764257291911249, 5.172813791602006, 3.402956498218359, 7.627690539137819, 4.460119085396725, 3.8725788501101754, 6.057352007834693, 7.495685577173958, 4.714831375590706, 5.908726240523377, 4.442426835821628, 6.560731234277031, 5.1567279807318895, 4.850976334848844, 8.150537075900237, 5.698735583796221, 6.7271122676475565, 5.484172669392613, 8.874833119910079, 6.361891401251706, 5.964718509344839, 8.88049308274142, 6.701305098338612, 7.6013803714090065, 6.527104561520428, 8.235544564497145, 7.167485152594559, 6.9507532934685425, 9.668557833143224, 7.715266891121527, 8.514333682289715, 7.570732359524525, 10.400176097146293, 8.359106539979056, 8.060947018875709, 10.501657686588118, 8.736655355150285, 9.454772496952389, 8.614803153601708, 10.071007606948708, 9.218125805068171, 9.05063375085215, 11.369897456570948, 9.76313990483284, 10.415254115867967, 9.659173293004079, 12.098952962841592, 10.880154244326814, 10.3969063712299, 10.158733522763622, 12.265817241130938, 10.793266661267376, 11.993589711367441, 11.286932413347037, 11.150559234292436], [2.979652453217507, 6.814241285537273, 5.5957794073440175, 1.0454545454545454, 4.45766227796469, 2.386303510546059, 6.576473218982953, 4.258184720430744, 0.7399463907318048, 3.8719459068537447, 6.522846055301092, 6.08777438716337, 0.0, 4.333333333333334, 2.1671434101477747, 6.500158930034132, 1.7275385228774816, 4.357107910991615, 6.01719299759015, 1.0454545454545454, 4.45766227796469, 2.425804421026671, 6.590909090909091, 1.7015284876489807, 1.632976292004245, 4.1365512222976735, 6.683308429980464, 2.0909090909090913, 4.811411290278983, 3.042777354855479, 6.842079332101965, 3.0501606936547816, 5.030256480251939, 6.521173397429242, 3.1363636363636362, 5.349257391197577, 3.8494689746240587, 7.236986039930487, 3.6885908527971543, 5.296238941341608, 7.456923124140334, 4.513196427957083, 4.181818181818182, 6.022074483395477, 4.750187275801686, 7.753698131262514, 4.943942876511371, 6.359447394719727, 7.593733823912302, 5.227272727272727, 6.789856989883294, 5.70053482903196, 8.369686546852396, 5.776226570039455, 6.9144224511432775, 8.681289845894431, 6.272727272727273, 7.623967813139974, 6.6793611919140705, 9.064735047843556, 6.957130304608248, 8.025064615023263, 9.034593753872981, 7.318181818181818, 8.504914044347816, 7.67577910966126, 9.822074144286825, 7.870443716685907, 8.740041689944341, 10.195287357280357, 8.363636363636363, 9.419564268102759, 8.683735046729593, 10.628396394440479, 9.01003623657471, 9.858029873376799, 10.695932647815784, 9.409090909090908, 10.35899461884767, 9.699632683587074, 11.473379177559947, 9.96709462213596, 10.18761108656274, 10.667118619901816, 11.888775176888979, 10.454545454545455, 11.317035762024206, 11.080606657285523, 11.780485724004773, 12.490078707346182], [2.979652453217507, 2.979652453217506, 1.5727700377148672, 4.45766227796469, 1.0454545454545454, 2.386303510546059, 2.386303510546058, 0.5727294275880933, 4.864013956833198, 0.7399463907318053, 2.2342705981150686, 1.762194545844246, 4.333333333333334, 0.0, 2.1671434101477747, 2.167143410147774, 2.70512895836022, 0.4545454545454546, 1.7275385228774813, 4.45766227796469, 1.0454545454545454, 2.425804421026671, 2.4258044210266707, 3.270911169424763, 5.077176644687385, 1.6329762920042452, 2.6666563360681432, 4.811411290278983, 2.0909090909090913, 3.042777354855479, 3.042777354855478, 3.6928056529487114, 2.5545454545454542, 3.0501606936547816, 5.349257391197577, 3.1363636363636362, 3.8494689746240587, 3.8494689746240582, 6.059440039347692, 3.6885908527971543, 4.248546448349515, 4.819563223670135, 6.022074483395477, 4.181818181818182, 4.750187275801686, 4.750187275801686, 5.364317710533267, 4.654545454545454, 4.943942876511371, 6.789856989883294, 5.227272727272727, 5.70053482903196, 5.70053482903196, 7.515045209414304, 5.776226570039455, 6.148921680496037, 7.623967813139974, 6.272727272727273, 6.6793611919140705, 6.6793611919140705, 7.2618864910319125, 6.754545454545456, 6.957130304608248, 8.504914044347816, 7.318181818181818, 7.67577910966126, 7.67577910966126, 9.222526519811792, 7.870443716685907, 8.147903334107806, 9.419564268102759, 8.363636363636363, 8.683735046729593, 8.683735046729593, 9.24738267390956, 8.854545454545455, 9.01003623657471, 10.35899461884767, 9.409090909090908, 9.699632683587074, 9.699632683587074, 11.065897447460946, 10.18761108656274, 9.96709462213596, 10.18761108656274, 11.317035762024206, 10.454545454545455, 11.274447978806483, 10.954545454545455, 11.080606657285523], [2.090909090909091, 4.811411290278982, 3.506744693080854, 2.425804421026671, 2.425804421026671, 1.0454545454545454, 4.4576622779646895, 2.142137836741498, 2.731352167852055, 1.7683187867284518, 4.373437015837404, 3.9253758053646237, 2.1671434101477747, 2.1671434101477747, 0.0, 4.333333333333333, 0.646030472888723, 2.2049489373555278, 3.8551004936765616, 2.386303510546059, 2.386303510546059, 1.0454545454545454, 4.4576622779646895, 1.414682060472712, 3.0640604568141177, 2.2483623261562182, 4.5885872716641884, 2.9796524532175073, 2.9796524532175073, 2.090909090909091, 4.811411290278982, 2.5584247477857627, 3.3151141208904242, 4.581482471267034, 3.774673953165877, 3.774673953165877, 3.136363636363636, 5.349257391197577, 4.487387692320974, 3.97533834633738, 5.639442788774474, 4.090404842116435, 4.6694698389298805, 4.6694698389298805, 4.181818181818182, 6.022074483395477, 4.636131901517088, 5.0929523316745176, 5.994844739666649, 5.616554469945603, 5.616554469945603, 5.2272727272727275, 6.789856989883295, 6.301176883676222, 5.947394117261967, 7.167391212013074, 6.593433859854754, 6.593433859854754, 6.2727272727272725, 7.6239678131399735, 6.727696546846201, 7.050272708973089, 7.726988111217121, 7.588610309398916, 7.588610309398916, 7.3181818181818175, 8.504914044347816, 8.251849001136497, 7.984965786039666, 8.930827431107605, 8.59573110356385, 8.59573110356385, 8.363636363636363, 9.419564268102759, 8.823269385246496, 9.071633099341735, 9.607004064174873, 9.611042107641484, 9.611042107641484, 9.40909090909091, 10.358994618847671, 10.261636992007622, 9.90909090909091, 10.048276490145257, 10.815168071851954, 10.632197232847192, 10.632197232847192, 10.920543231122247, 11.122171950983962, 11.562988753227012], [4.811411290278982, 2.090909090909091, 1.4952907864715717, 6.590909090909091, 2.4258044210266707, 4.4576622779646895, 1.0454545454545454, 2.3584770877184402, 7.024896693455285, 2.731352167852055, 0.5909090909090908, 0.48029742818446197, 6.500158930034132, 2.167143410147774, 4.333333333333333, 0.0, 4.850615062341264, 2.2049489373555273, 0.6460304728887226, 6.576473218982953, 2.386303510546058, 4.4576622779646895, 1.0454545454545454, 5.346285046084592, 7.160820858805282, 3.0640604568141177, 1.5090909090909088, 6.814241285537273, 2.979652453217507, 4.811411290278982, 2.090909090909091, 5.445791797451842, 3.3151141208904233, 2.5584247477857627, 7.1974800457010275, 3.7746739531658764, 5.349257391197577, 3.136363636363636, 7.875629320256422, 4.487387692320974, 3.6090909090909085, 6.194226119525864, 7.704511933421312, 4.6694698389298805, 6.022074483395477, 4.181818181818182, 6.6786847596945, 5.092952331674517, 4.636131901517088, 8.312715541230885, 5.616554469945602, 6.789856989883295, 5.2272727272727275, 9.032924167082577, 6.301176883676222, 5.70909090909091, 9.0016068354397, 6.593433859854754, 7.6239678131399735, 6.2727272727272725, 8.268797490418871, 7.050272708973089, 6.727696546846201, 9.754104878638074, 7.588610309398916, 8.504914044347816, 7.3181818181818175, 10.487225601961955, 8.251849001136497, 7.8090909090909095, 10.556616349964157, 8.59573110356385, 9.419564268102759, 8.363636363636363, 10.047944752820808, 9.071633099341735, 8.823269385246496, 11.39858262901196, 9.611042107641484, 10.358994618847671, 9.40909090909091, 12.132191996693265, 10.815168071851954, 10.261636992007622, 9.90909090909091, 12.271885493016915, 10.632197232847192, 11.93186387677638, 11.122171950983962, 10.920543231122247], [2.5495097567963922, 5.441609239104837, 4.116738957607875, 2.2422706745122847, 3.0595932917809705, 1.5380840286989665, 5.0474561504236926, 2.7490206170374014, 2.3863035105460586, 2.3863035105460586, 4.935697631653617, 4.465556453300945, 1.7275385228774816, 2.70512895836022, 0.646030472888723, 4.850615062341264, 0.0, 2.6666666666666674, 4.333333333333334, 1.7683187867284522, 2.7313521678520556, 0.8092951733984027, 4.875045619150355, 0.7908953928133212, 2.4299062624810124, 2.4299062624810124, 4.956925570463119, 2.335693414853713, 3.1287053331249233, 1.7545690059653438, 5.117579848698536, 2.0999999999999996, 3.3942762278740832, 4.8153689139854885, 3.157519047940702, 3.781965080674555, 2.7727272727272725, 5.5496961754709355, 3.8645108933013033, 3.8645108933013033, 5.796646540122238, 3.671928982894042, 4.082932740230832, 4.582976444908067, 3.8057155798062685, 6.131442096724985, 4.199999999999999, 4.975048855148169, 6.03471439073779, 5.055363824455416, 5.467178132359126, 4.844055742150151, 6.824660221884234, 5.725770205347439, 5.725770205347439, 7.172942988140302, 6.052191127781678, 6.4001836520941024, 5.884915581803929, 7.598904033876845, 6.300000000000001, 6.841133759188686, 7.6464225476871075, 7.063092942189646, 7.3634648938758795, 6.927159388240076, 8.43188284437075, 7.710670816760657, 7.710670816760657, 8.838614773317769, 8.082790160955698, 8.346545999356595, 7.970244248981943, 9.307841022468144, 8.4, 8.813121530485729, 9.451866364786257, 9.108329269152406, 9.343179084692306, 9.013878188659973, 10.215728613814637, 9.74394398816231, 9.513148795220223, 9.74394398816231, 10.65885130354632, 10.137937550497032, 10.349449797506683, 10.5, 10.833333333333334, 11.359039474259157], [3.308238873546535, 3.3082388735465345, 1.9091411780598069, 4.585605497399202, 1.5, 2.6096258206461878, 2.609625820646187, 1.022339678488631, 4.935697631653617, 1.1180339887498953, 2.386303510546058, 1.8681123029579054, 4.357107910991615, 0.4545454545454546, 2.2049489373555278, 2.2049489373555273, 2.6666666666666674, 0.0, 1.666666666666666, 4.373437015837405, 0.5909090909090908, 2.2581858032789057, 2.258185803278905, 3.1420077491032625, 4.956925570463119, 1.2083045973594573, 2.429906262481012, 4.632004288446957, 1.6363636363636367, 2.7428009116847436, 2.7428009116847427, 3.3942762278740832, 2.0999999999999996, 2.681003129013052, 5.096069714800648, 2.6818181818181817, 3.483168237879138, 3.4831682378791378, 5.796646540122238, 3.2388269481403285, 3.8645108933013033, 4.437008443458923, 5.715797386301307, 3.7272727272727266, 4.350622428897342, 4.350622428897342, 4.975048855148169, 4.199999999999999, 4.5186035207548105, 6.44644889823944, 4.7727272727272725, 5.282927264074559, 5.282927264074558, 7.172942988140302, 5.323532661682466, 5.725770205347438, 7.25458595973604, 5.818181818181818, 6.251133965082105, 6.251133965082105, 6.841133759188686, 6.300000000000001, 6.516730604971928, 8.117098121250548, 6.863636363636363, 7.240855034768137, 7.240855034768137, 8.838614773317769, 7.416872656315464, 7.710670816760657, 9.018397683959288, 7.909090909090908, 8.244345809879288, 8.244345809879288, 8.813121530485729, 8.4, 8.563747881493113, 9.947947631310612, 8.954545454545453, 9.257129384665877, 9.257129384665877, 10.65885130354632, 9.74394398816231, 9.513148795220223, 9.74394398816231, 10.89852181618121, 10.0, 10.833333333333334, 10.5, 10.631452289211374], [4.576510072581994, 2.5495097567963922, 1.5977617173436949, 6.18465843842649, 2.2422706745122847, 4.100017917495396, 1.5380840286989665, 2.048765648203003, 6.576473218982953, 2.386303510546059, 1.118033988749895, 0.6557221290020816, 6.01719299759015, 1.7275385228774813, 3.8551004936765616, 0.6460304728887226, 4.333333333333334, 1.666666666666666, 0.0, 6.029027579445876, 1.7683187867284518, 3.8857950437626525, 0.8092951733984024, 4.782637415778497, 6.592419889539804, 2.429906262481013, 1.2083045973594568, 6.219138682358934, 2.335693414853713, 4.186043100726348, 1.7545690059653436, 4.8153689139854885, 2.681003129013052, 2.0999999999999996, 6.572073398884904, 3.1575190479407014, 4.704514956227694, 2.772727272727272, 7.244998274671982, 3.8645108933013037, 3.2388269481403285, 5.548581311424643, 7.0634667114293865, 4.082932740230831, 5.378467766829565, 3.8057155798062685, 6.03471439073779, 4.5186035207548105, 4.199999999999999, 7.66674152556578, 5.055363824455416, 6.157054529359172, 4.844055742150151, 8.386894538504702, 5.725770205347439, 5.323532661682466, 8.357705406953603, 6.052191127781678, 7.0054747055002, 5.884915581803929, 7.6464225476871075, 6.516730604971928, 6.300000000000001, 9.116441418241626, 7.063092942189646, 7.9012645592036135, 6.927159388240076, 9.849365461794989, 7.710670816760657, 7.416872656315464, 9.927422576291615, 8.082790160955698, 8.830019129813602, 7.970244248981943, 9.451866364786257, 8.563747881493113, 8.4, 10.778862848070785, 9.108329269152406, 9.782353727219459, 9.013878188659973, 11.510864433221338, 10.244239573752873, 9.74394398816231, 9.513148795220223, 11.661903789690601, 10.137937550497032, 11.359039474259157, 10.631452289211374, 10.5], [3.774673953165877, 7.1974800457010275, 5.88424243187053, 2.090909090909091, 4.811411290278983, 2.979652453217507, 6.814241285537273, 4.516566436644205, 1.6676305752585583, 4.150353741548018, 6.6918601102785455, 6.20992332399366, 1.0454545454545454, 4.45766227796469, 2.386303510546059, 6.576473218982953, 1.7683187867284522, 4.373437015837405, 6.029027579445876, 0.0, 4.333333333333334, 2.1671434101477747, 6.500158930034132, 1.2695193061880108, 0.7135639801160145, 3.8669908195085556, 6.519905946692713, 1.0454545454545459, 4.45766227796469, 2.425804421026671, 6.590909090909091, 2.2483623261562187, 4.588587271664189, 6.186869593898098, 2.090909090909091, 4.811411290278983, 3.042777354855479, 6.842079332101965, 2.6565683450460713, 4.63700332287408, 7.0040956141318365, 3.5835841543379092, 3.136363636363636, 5.349257391197577, 3.849468974624059, 7.236986039930487, 3.97533834633738, 5.639442788774475, 7.00182384740452, 4.181818181818182, 6.022074483395477, 4.750187275801687, 7.753698131262514, 4.735560916098815, 6.072065681012277, 8.026552011298666, 5.2272727272727275, 6.789856989883295, 5.700534829031959, 8.369686546852396, 5.947394117261967, 7.167391212013075, 8.282132515739196, 6.2727272727272725, 7.6239678131399735, 6.67936119191407, 9.064735047843556, 6.827424038996294, 7.813972322238473, 9.413486017850373, 7.3181818181818175, 8.504914044347816, 7.675779109661259, 9.822074144286825, 7.984965786039666, 8.930827431107605, 9.847938912607363, 8.363636363636363, 9.419564268102759, 8.683735046729595, 10.628396394440479, 8.923110490543435, 9.168770106774994, 9.698780607421261, 11.028231990053813, 9.40909090909091, 10.358994618847671, 10.048276490145257, 10.815168071851954, 11.58404431296031], [3.774673953165877, 3.7746739531658764, 2.4052374961537293, 4.811411290278983, 2.090909090909091, 2.979652453217507, 2.979652453217506, 1.610979286191001, 5.088428327749965, 1.6676305752585585, 2.688017146519276, 2.146504208773264, 4.45766227796469, 1.0454545454545454, 2.386303510546059, 2.386303510546058, 2.7313521678520556, 0.5909090909090908, 1.7683187867284518, 4.333333333333334, 0.0, 2.1671434101477747, 2.167143410147774, 3.068442594015852, 4.860070438258084, 0.7135639801160152, 2.2256724822317073, 4.45766227796469, 1.0454545454545459, 2.425804421026671, 2.4258044210266707, 3.064060456814118, 1.5090909090909088, 2.2483623261562182, 4.811411290278983, 2.090909090909091, 3.042777354855479, 3.042777354855478, 5.492582860823489, 2.6565683450460718, 3.391430349623189, 3.9624895029325753, 5.349257391197577, 3.136363636363636, 3.849468974624059, 3.8494689746240587, 4.487387692320974, 3.6090909090909085, 3.97533834633738, 6.022074483395477, 4.181818181818182, 4.750187275801687, 4.750187275801686, 6.748084787641139, 4.735560916098815, 5.183626301589177, 6.789856989883295, 5.2272727272727275, 5.700534829031959, 5.700534829031959, 6.301176883676222, 5.70909090909091, 5.947394117261967, 7.6239678131399735, 6.2727272727272725, 6.67936119191407, 6.67936119191407, 8.350139526940588, 6.827424038996294, 7.145499524365593, 8.504914044347816, 7.3181818181818175, 7.675779109661259, 7.675779109661259, 8.251849001136497, 7.8090909090909095, 7.984965786039666, 9.419564268102759, 8.363636363636363, 8.683735046729595, 8.683735046729595, 10.135729472394052, 9.168770106774994, 8.923110490543435, 9.168770106774994, 10.358994618847671, 9.40909090909091, 10.261636992007622, 9.90909090909091, 10.048276490145257], [3.1363636363636362, 5.349257391197577, 3.962809796865731, 3.042777354855479, 3.042777354855479, 2.090909090909091, 4.811411290278982, 2.6364808167753995, 3.128705333124923, 2.335693414853713, 4.632004288446957, 4.123804946470449, 2.425804421026671, 2.425804421026671, 1.0454545454545454, 4.4576622779646895, 0.8092951733984027, 2.2581858032789057, 3.8857950437626525, 2.1671434101477747, 2.1671434101477747, 0.0, 4.333333333333333, 0.9015801290181743, 2.7066713485011555, 1.7299527321472474, 4.358065678195285, 2.3863035105460595, 2.3863035105460595, 1.0454545454545454, 4.4576622779646895, 1.546684002942643, 2.6147037785193032, 4.103251862779461, 2.979652453217507, 2.979652453217507, 2.0909090909090904, 4.811411290278982, 3.6991002306060574, 3.0577784718217327, 5.034879261982004, 3.0495223377802625, 3.7746739531658764, 3.7746739531658764, 3.1363636363636362, 5.349257391197577, 3.598541945320549, 4.170605300993592, 5.233922866901636, 4.669469838929881, 4.669469838929881, 4.181818181818182, 6.022074483395477, 5.372207669416971, 4.9525025906110525, 6.366104139111234, 5.616554469945603, 5.616554469945603, 5.227272727272727, 6.789856989883294, 5.6856641528940255, 6.063927877535202, 6.838948844957724, 6.593433859854753, 6.593433859854753, 6.272727272727272, 7.623967813139973, 7.2703430435307, 6.9659568357320385, 8.032717761584923, 7.5886103093989155, 7.5886103093989155, 7.318181818181817, 8.504914044347814, 7.779720405437258, 8.060303594233986, 8.658434848817729, 8.59573110356385, 8.59573110356385, 8.363636363636363, 9.419564268102759, 9.256087764162999, 8.863636363636363, 9.018970415992872, 9.866196195320395, 9.611042107641484, 9.611042107641484, 9.876301044118167, 10.098800263323065, 10.582332765439482], [5.349257391197577, 3.1363636363636362, 2.3753942156600147, 6.842079332101965, 3.042777354855478, 4.811411290278982, 2.090909090909091, 2.815082726833794, 7.188719353988805, 3.128705333124923, 1.6363636363636362, 1.3519902524474006, 6.590909090909091, 2.4258044210266707, 4.4576622779646895, 1.0454545454545454, 4.875045619150355, 2.258185803278905, 0.8092951733984024, 6.500158930034132, 2.167143410147774, 4.333333333333333, 0.0, 5.233955023765952, 7.015337388728068, 2.7066713485011555, 0.4636363636363634, 6.576473218982953, 2.3863035105460586, 4.4576622779646895, 1.0454545454545454, 5.050083416743707, 2.614703778519303, 1.5466840029426427, 6.814241285537273, 2.979652453217506, 4.811411290278982, 2.0909090909090904, 7.454678491052358, 3.6991002306060574, 2.563636363636363, 5.562069033734449, 7.197480045701027, 3.774673953165876, 5.349257391197577, 3.1363636363636362, 6.00504914578911, 4.170605300993591, 3.598541945320549, 7.704511933421312, 4.669469838929881, 6.022074483395477, 4.181818181818182, 8.41127244429946, 5.372207669416971, 4.663636363636364, 8.312715541230885, 5.616554469945602, 6.789856989883294, 5.227272727272727, 7.445662359428828, 6.063927877535202, 5.6856641528940255, 9.001606835439699, 6.593433859854753, 7.623967813139973, 6.272727272727272, 9.733795603951428, 7.2703430435307, 6.763636363636364, 9.754104878638072, 7.5886103093989155, 8.504914044347814, 7.318181818181817, 9.145226115186436, 8.060303594233986, 7.779720405437258, 10.556616349964157, 8.59573110356385, 9.419564268102759, 8.363636363636363, 11.29442559791231, 9.866196195320395, 9.256087764162999, 8.863636363636363, 11.39858262901196, 9.611042107641484, 10.984190157911538, 10.098800263323065, 9.876301044118167], [3.3069825790678906, 6.125158956306597, 4.765057410265145, 2.5228296678533626, 3.7640842467973203, 2.3185673051756224, 5.653069326515797, 3.4079833277951077, 2.439031496147531, 3.0690718450132395, 5.497404361920281, 4.999178644574019, 1.7015284876489807, 3.270911169424763, 1.414682060472712, 5.346285046084592, 0.7908953928133212, 3.1420077491032625, 4.782637415778497, 1.2695193061880108, 3.068442594015852, 0.9015801290181743, 5.233955023765952, 0.0, 1.815023445857309, 2.600891666268521, 5.250418096520715, 1.5855944489402987, 3.212128646318035, 1.3454807836162797, 5.328391596048951, 1.4734147386888097, 3.3790010602598253, 4.941564137053823, 2.3669581021766373, 3.661441156354458, 2.2346679311128237, 5.619179586390569, 3.075669