totalHoles = 10;
zeroHoleID = 4;
C = [[0.0, 0.8333333333333335, 1.666666666666667, 2.5, 3.0, 11.201764736100992, 12.950182038775468, 11.07052012850802, 15.044998830290334, 13.993156143607155], [0.8333333333333335, 0.0, 0.8333333333333335, 1.6666666666666665, 2.1666666666666665, 10.661886496337052, 12.401171622025217, 10.728276878318955, 14.701290812025585, 13.822008533870951], [1.666666666666667, 0.8333333333333335, 0.0, 0.833333333333333, 1.333333333333333, 10.161742124630104, 11.885276153683316, 10.441471281813392, 14.397666552776778, 13.699500350389464], [2.5, 1.6666666666666665, 0.833333333333333, 0.0, 0.5, 9.70747501892631, 11.406989514705089, 10.214774063525997, 14.136709011613533, 13.626943482642377], [3.0, 2.1666666666666665, 1.333333333333333, 0.5, 0.0, 9.459713465592015, 11.140100932165097, 10.10933468728382, 14.00162319354991, 13.607741276313321], [11.201764736100992, 10.661886496337052, 10.161742124630104, 9.70747501892631, 9.459713465592015, 0.0, 1.752775681400876, 3.062691003924151, 5.307709393777033, 6.7656952226498355], [12.950182038775468, 12.401171622025217, 11.885276153683316, 11.406989514705089, 11.140100932165097, 1.752775681400876, 0.0, 3.8951590360802326, 4.584400157167543, 6.840270739532728], [11.07052012850802, 10.728276878318955, 10.441471281813392, 10.214774063525997, 10.10933468728382, 3.062691003924151, 3.8951590360802326, 0.0, 3.9755911038225116, 4.015740042592373], [15.044998830290334, 14.701290812025585, 14.397666552776778, 14.136709011613533, 14.00162319354991, 5.307709393777033, 4.584400157167543, 3.9755911038225116, 0.0, 3.27869439731079], [13.993156143607155, 13.822008533870951, 13.699500350389464, 13.626943482642377, 13.607741276313321, 6.7656952226498355, 6.840270739532728, 4.015740042592373, 3.27869439731079, 0.0]];