totalHoles = 10;
zeroHoleID = 3;
C = [[0.0, 4.333333333333333, 2.3863035105460586, 2.9637425416469627, 7.15909369278888, 8.712513045243748, 8.714535354301049, 13.636344283815069, 11.5, 12.686388155990043], [4.333333333333333, 0.0, 2.3863035105460586, 5.033065805559243, 6.881092238886271, 7.050264527936416, 8.867458682765985, 11.755819062062585, 12.289335937217185, 12.686388155990043], [2.3863035105460586, 2.3863035105460586, 0.0, 2.730972047756671, 5.681492249432305, 6.71688517729874, 7.520905644733743, 11.655007411335138, 10.721214690716927, 11.5], [2.9637425416469627, 5.033065805559243, 2.730972047756671, 0.0, 4.397771034527782, 6.379415199597937, 5.7872763947710455, 11.145864812485744, 8.551317412277616, 9.736501833717416], [7.15909369278888, 6.881092238886271, 5.681492249432305, 4.397771034527782, 0.0, 2.594541854053165, 2.001077686969057, 6.8425006498173, 5.49904559899064, 5.8537367704747485], [8.712513045243748, 7.050264527936416, 6.71688517729874, 6.379415199597937, 2.594541854053165, 0.0, 3.662229022320342, 4.943277840344983, 6.870453169708781, 6.277880986338819], [8.714535354301049, 8.867458682765985, 7.520905644733743, 5.7872763947710455, 2.001077686969057, 3.662229022320342, 0.0, 6.439472884078841, 3.5156116380037346, 3.9975518089065827], [13.636344283815069, 11.755819062062585, 11.655007411335138, 11.145864812485744, 6.8425006498173, 4.943277840344983, 6.439472884078841, 0.0, 7.6797824897301314, 5.645207827981772], [11.5, 12.289335937217185, 10.721214690716927, 8.551317412277616, 5.49904559899064, 6.870453169708781, 3.5156116380037346, 7.6797824897301314, 0.0, 2.3863035105460586], [12.686388155990043, 12.686388155990043, 11.5, 9.736501833717416, 5.8537367704747485, 6.277880986338819, 3.9975518089065827, 5.645207827981772, 2.3863035105460586, 0.0]];