totalHoles = 10;
zeroHoleID = 10;
C = [[0.0, 2.801647045014166, 4.16082924427331, 5.6904112299146865, 5.5, 6.0, 6.5, 11.904677565773179, 12.344812208721823, 13.48649879792484], [2.801647045014166, 0.0, 2.13133275714171, 4.625899131221128, 5.9548342527239795, 6.400791041767916, 6.854210453680136, 10.217649380288284, 11.273922580261152, 12.256602785002077], [4.16082924427331, 2.13133275714171, 0.0, 2.6691320229297255, 4.7762432936357, 5.129571132170798, 5.50567888638631, 8.104411849071917, 9.170095582310076, 10.131696391906768], [5.6904112299146865, 4.625899131221128, 2.6691320229297255, 0.0, 3.0230136977577344, 3.1663365960800176, 3.378278120954563, 6.282319893515227, 6.7457858492066505, 7.828782579767033], [5.5, 5.9548342527239795, 4.7762432936357, 3.0230136977577344, 0.0, 0.5, 1.0, 8.268775701647415, 7.636697017179097, 8.916200495591827], [6.0, 6.400791041767916, 5.129571132170798, 3.1663365960800176, 0.5, 0.0, 0.5, 8.04391622907893, 7.264079166554598, 8.555157538024943], [6.5, 6.854210453680136, 5.50567888638631, 3.378278120954563, 1.0, 0.5, 0.0, 7.844521973754937, 6.9075720006202594, 8.208703291218297], [11.904677565773179, 10.217649380288284, 8.104411849071917, 6.282319893515227, 8.268775701647415, 8.04391622907893, 7.844521973754937, 0.0, 2.9860140742306536, 2.9168635427434557], [12.344812208721823, 11.273922580261152, 9.170095582310076, 6.7457858492066505, 7.636697017179097, 7.264079166554598, 6.9075720006202594, 2.9860140742306536, 0.0, 1.3146218492376094], [13.48649879792484, 12.256602785002077, 10.131696391906768, 7.828782579767033, 8.916200495591827, 8.555157538024943, 8.208703291218297, 2.9168635427434557, 1.3146218492376094, 0.0]];