totalHoles = 10;
zeroHoleID = 6;
C = [[0.0, 3.666666666666666, 6.0, 2.0883273476902775, 5.5901699437494745, 9.68588552666546, 7.164907920114994, 12.582185928363874, 13.137021327427913, 13.21273615366794], [3.666666666666666, 0.0, 2.333333333333334, 2.0883273476902775, 2.0883273476902784, 6.6514231891614255, 5.723044684488609, 10.35927202782071, 12.674122146224645, 12.999953509958972], [6.0, 2.333333333333334, 0.0, 4.28498671072748, 1.118033988749895, 5.166598132532629, 5.909983769902907, 9.426661830263283, 12.92401356774746, 13.395872722713705], [2.0883273476902775, 2.0883273476902775, 4.28498671072748, 0.0, 3.666666666666667, 7.598082327321248, 5.321980669406803, 10.603849468385517, 11.78563877170517, 11.97978505636362], [5.5901699437494745, 2.0883273476902784, 1.118033988749895, 3.666666666666667, 0.0, 4.6476178309799545, 4.815107231091626, 8.653853604209804, 11.848956431757637, 12.303742887258668], [9.68588552666546, 6.6514231891614255, 5.166598132532629, 7.598082327321248, 4.6476178309799545, 0.0, 4.396444709444674, 4.540785314369818, 9.67638686676212, 10.393619233657889], [7.164907920114994, 5.723044684488609, 5.909983769902907, 5.321980669406803, 4.815107231091626, 4.396444709444674, 0.0, 5.531175095780989, 7.05077452890915, 7.488639541974716], [12.582185928363874, 10.35927202782071, 9.426661830263283, 10.603849468385517, 8.653853604209804, 4.540785314369818, 5.531175095780989, 0.0, 6.465573981672562, 7.3461824388734565], [13.137021327427913, 12.674122146224645, 12.92401356774746, 11.78563877170517, 11.848956431757637, 9.67638686676212, 7.05077452890915, 6.465573981672562, 0.0, 0.9136624980430872], [13.21273615366794, 12.999953509958972, 13.395872722713705, 11.97978505636362, 12.303742887258668, 10.393619233657889, 7.488639541974716, 7.3461824388734565, 0.9136624980430872, 0.0]];