totalHoles = 10;
zeroHoleID = 6;
C = [[0.0, 3.1864811471672128, 0.9013878188659973, 1.118033988749895, 4.774772766403427, 5.248785416281533, 5.830951894845301, 8.077747210701755, 13.599060673786097, 14.014469131555469], [3.1864811471672128, 0.0, 3.6337368833542216, 2.661421684846977, 6.675242242389855, 6.668298383187633, 7.548901843201774, 9.233675034221594, 13.278102604565623, 14.352553193965731], [0.9013878188659973, 3.6337368833542216, 0.0, 1.0307764064044151, 3.873428158429073, 4.368308500283293, 4.930770730829005, 7.198090024443984, 12.875317588894232, 13.191339131433166], [1.118033988749895, 2.661421684846977, 1.0307764064044151, 0.0, 4.320853356947052, 4.59331235824609, 5.315072906367325, 7.3824115301167, 12.592980243834269, 13.138383364543541], [4.774772766403427, 6.675242242389855, 3.873428158429073, 4.320853356947052, 0.0, 1.0515129255360756, 1.075799658609496, 3.5252053482236407, 10.063420226585155, 9.788484066117288], [5.248785416281533, 6.668298383187633, 4.368308500283293, 4.59331235824609, 1.0515129255360756, 0.0, 1.0085416699865017, 2.829853679153629, 9.069246139466664, 8.947943408762344], [5.830951894845301, 7.548901843201774, 4.930770730829005, 5.315072906367325, 1.075799658609496, 1.0085416699865017, 0.0, 2.5, 9.24677579588087, 8.796741392413626], [8.077747210701755, 9.233675034221594, 7.198090024443984, 7.3824115301167, 3.5252053482236407, 2.829853679153629, 2.5, 0.0, 6.9849384751723465, 6.3017250272166905], [13.599060673786097, 13.278102604565623, 12.875317588894232, 12.592980243834269, 10.063420226585155, 9.069246139466664, 9.24677579588087, 6.9849384751723465, 0.0, 2.952258094033557], [14.014469131555469, 14.352553193965731, 13.191339131433166, 13.138383364543541, 9.788484066117288, 8.947943408762344, 8.796741392413626, 6.3017250272166905, 2.952258094033557, 0.0]];