totalHoles = 10;
zeroHoleID = 7;
C = [[0.0, 5.771698190307598, 6.958558550233985, 10.431323022512533, 9.262585421926426, 11.09965967150491, 15.127391418382496, 17.257244855422318, 19.269470672543136, 20.379171006554365], [5.771698190307598, 0.0, 3.643751192644422, 8.139410298049853, 3.6179392227991753, 7.265908657230368, 9.451103212481721, 11.5, 14.422205101855956, 15.107371023757628], [6.958558550233985, 3.643751192644422, 0.0, 4.505637158938707, 4.066483469905025, 4.1959153754834135, 9.161418146803562, 11.60331754057094, 12.333198008778739, 13.6159085096217], [10.431323022512533, 8.139410298049853, 4.505637158938707, 0.0, 7.376176060113414, 2.8855068109962647, 10.285319344981675, 12.806248474865697, 10.5, 12.557067097762392], [9.262585421926426, 3.6179392227991753, 4.066483469905025, 7.376176060113414, 0.0, 5.318912727690443, 5.866953851567907, 8.046738186986724, 11.071416627153104, 11.544714631278964], [11.09965967150491, 7.265908657230368, 4.1959153754834135, 2.8855068109962647, 5.318912727690443, 0.0, 7.402198678604085, 9.920837943343033, 8.42543502769283, 10.125397530196322], [15.127391418382496, 9.451103212481721, 9.161418146803562, 10.285319344981675, 5.866953851567907, 7.402198678604085, 0.0, 2.5403367466087943, 7.150093944554033, 6.4511850538159585], [17.257244855422318, 11.5, 11.60331754057094, 12.806248474865697, 8.046738186986724, 9.920837943343033, 2.5403367466087943, 0.0, 8.0156097709407, 6.4077611649397115], [19.269470672543136, 14.422205101855956, 12.333198008778739, 10.5, 11.071416627153104, 8.42543502769283, 7.150093944554033, 8.0156097709407, 0.0, 2.7897335550928553], [20.379171006554365, 15.107371023757628, 13.6159085096217, 12.557067097762392, 11.544714631278964, 10.125397530196322, 6.4511850538159585, 6.4077611649397115, 2.7897335550928553, 0.0]];