totalHoles = 10;
zeroHoleID = 5;
C = [[0.0, 4.833333333333334, 7.0, 8.229337938658405, 8.050621094052309, 10.183876638403905, 6.94032831738547, 7.709538683333857, 10.5, 12.165519803815469], [4.833333333333334, 0.0, 2.166666666666666, 3.9960472259182813, 5.0339127701796516, 6.4704709131539575, 6.109525300299624, 8.669227774634633, 11.559027256266468, 12.0664034233341], [7.0, 2.166666666666666, 0.0, 2.8169427035369154, 4.7762432936357, 5.413901679639053, 6.901653637261571, 9.867543338996958, 12.619429464123963, 12.636775617504108], [8.229337938658405, 3.9960472259182813, 2.8169427035369154, 0.0, 2.4036821194347358, 2.6092143872894797, 5.342947894534112, 8.562360555208649, 11.00327331595631, 10.48709276574302], [8.050621094052309, 5.0339127701796516, 4.7762432936357, 2.4036821194347358, 0.0, 2.3407974191705705, 3.203450412724735, 6.4122571182788075, 8.678277478854891, 8.087069682643952], [10.183876638403905, 6.4704709131539575, 5.413901679639053, 2.6092143872894797, 2.3407974191705705, 0.0, 5.3473438216821405, 8.424693111266581, 10.336535959308645, 9.145205782502403], [6.94032831738547, 6.109525300299624, 6.901653637261571, 5.342947894534112, 3.203450412724735, 5.3473438216821405, 0.0, 3.230072982005558, 5.747509260056901, 5.963583447628248], [7.709538683333857, 8.669227774634633, 9.867543338996958, 8.562360555208649, 6.4122571182788075, 8.424693111266581, 3.230072982005558, 0.0, 2.93942774383505, 4.600340162254842], [10.5, 11.559027256266468, 12.619429464123963, 11.00327331595631, 8.678277478854891, 10.336535959308645, 5.747509260056901, 2.93942774383505, 0.0, 2.996632895128427], [12.165519803815469, 12.0664034233341, 12.636775617504108, 10.48709276574302, 8.087069682643952, 9.145205782502403, 5.963583447628248, 4.600340162254842, 2.996632895128427, 0.0]];