totalHoles = 10;
zeroHoleID = 2;
C = [[0.0, 4.836263172098738, 2.044103164411242, 1.6770509831248424, 2.5, 3.0, 7.977535587158209, 10.5, 13.997359481890141, 14.50263233411141], [4.836263172098738, 0.0, 2.808694246834585, 3.3831023054930154, 5.364998737296406, 5.600175483631806, 4.755176244803272, 11.403651844547483, 12.032796262327528, 13.570116007197107], [2.044103164411242, 2.808694246834585, 0.0, 0.7126020156594328, 3.013425313804106, 3.4001774949109995, 6.243714621408921, 10.429205632369955, 12.811466736203473, 13.721898705810272], [1.6770509831248424, 3.3831023054930154, 0.7126020156594328, 0.0, 2.3048861143232218, 2.704163456597992, 6.325798892733627, 9.86470982847443, 12.60762790494058, 13.364351464608394], [2.5, 5.364998737296406, 3.013425313804106, 2.3048861143232218, 0.0, 0.5, 6.838710099402811, 8.0, 11.933964770126131, 12.160441755515354], [3.0, 5.600175483631806, 3.4001774949109995, 2.704163456597992, 0.5, 0.0, 6.700248665499936, 7.5, 11.542019046444258, 11.699843738420391], [7.977535587158209, 4.755176244803272, 6.243714621408921, 6.325798892733627, 6.838710099402811, 6.700248665499936, 0.0, 8.762076096304384, 7.368742696783649, 9.303072142127707], [10.5, 11.403651844547483, 10.429205632369955, 9.86470982847443, 8.0, 7.5, 8.762076096304384, 0.0, 7.429571432898228, 5.660065433902459], [13.997359481890141, 12.032796262327528, 12.811466736203473, 12.60762790494058, 11.933964770126131, 11.542019046444258, 7.368742696783649, 7.429571432898228, 0.0, 3.193406898165814], [14.50263233411141, 13.570116007197107, 13.721898705810272, 13.364351464608394, 12.160441755515354, 11.699843738420391, 9.303072142127707, 5.660065433902459, 3.193406898165814, 0.0]];