totalHoles = 10;
zeroHoleID = 3;
C = [[0.0, 1.194835974803274, 2.3218903229888963, 2.902909167018283, 2.669341320278888, 3.8048087115627918, 3.1595194242850426, 3.5660582447000557, 4.757854798146661, 5.662848908922914], [1.194835974803274, 0.0, 2.215220663532744, 2.6616041008465436, 2.3485476788795054, 2.9269767411343284, 2.716726362528404, 2.9981787372811306, 4.185314609580925, 5.089505656629588], [2.3218903229888963, 2.215220663532744, 0.0, 0.6009252125773314, 0.5, 4.975153002757174, 1.0137937550497034, 1.509230856356236, 2.586089204551133, 3.455503556065906], [2.902909167018283, 2.6616041008465436, 0.6009252125773314, 0.0, 0.33333333333333304, 5.267421193923909, 0.5270462766947297, 1.0137937550497031, 2.0018660572441327, 2.859601175279217], [2.669341320278888, 2.3485476788795054, 0.5, 0.33333333333333304, 0.0, 4.934242746095733, 0.52704627669473, 1.0137937550497034, 2.129988333217691, 3.01832126239838], [3.8048087115627918, 2.9269767411343284, 4.975153002757174, 5.267421193923909, 4.934242746095733, 0.0, 5.110094427168194, 5.167946316587477, 6.145659889474715, 6.935582158572903], [3.1595194242850426, 2.716726362528404, 1.0137937550497034, 0.5270462766947297, 0.52704627669473, 5.110094427168194, 0.0, 0.5, 1.6103956511878108, 2.5071441326011694], [3.5660582447000557, 2.9981787372811306, 1.509230856356236, 1.0137937550497031, 1.0137937550497034, 5.167946316587477, 0.5, 0.0, 1.2009858779819944, 2.110812667836372], [4.757854798146661, 4.185314609580925, 2.586089204551133, 2.0018660572441327, 2.129988333217691, 6.145659889474715, 1.6103956511878108, 1.2009858779819944, 0.0, 0.9098347393901115], [5.662848908922914, 5.089505656629588, 3.455503556065906, 2.859601175279217, 3.01832126239838, 6.935582158572903, 2.5071441326011694, 2.110812667836372, 0.9098347393901115, 0.0]];