totalHoles = 10;
zeroHoleID = 4;
C = [[0.0, 0.8333333333333339, 1.666666666666667, 1.6435421412242954, 8.540751983545972, 8.661857640124188, 9.7158002898149, 10.650548798994596, 12.223310464155187, 13.124274407467961], [0.8333333333333339, 0.0, 0.833333333333333, 1.98406677373014, 8.5, 8.540751983545972, 9.768186010241592, 10.68916125118437, 11.951176921694769, 12.804862505676876], [1.666666666666667, 0.833333333333333, 0.0, 2.56138635198765, 8.540751983545972, 8.5, 9.890754747676272, 10.792174742690486, 11.732042866144942, 12.532809650870366], [1.6435421412242954, 1.98406677373014, 2.56138635198765, 0.0, 6.985437043643156, 7.170809561843816, 8.103663700605432, 9.042445847047336, 10.869699907420786, 11.826969882793863], [8.540751983545972, 8.5, 8.540751983545972, 6.985437043643156, 0.0, 0.833333333333333, 1.5913444197025366, 2.3353071571463753, 4.5802012312006894, 5.723162586955551], [8.661857640124188, 8.540751983545972, 8.5, 7.170809561843816, 0.833333333333333, 0.0, 2.223049394439891, 2.7688493893970016, 3.9734674174711837, 5.085410893171528], [9.7158002898149, 9.768186010241592, 9.890754747676272, 8.103663700605432, 1.5913444197025366, 2.223049394439891, 0.0, 0.9438450268794472, 4.867611124188297, 6.019733853593046], [10.650548798994596, 10.68916125118437, 10.792174742690486, 9.042445847047336, 2.3353071571463753, 2.7688493893970016, 0.9438450268794472, 0.0, 4.507427753609683, 5.620347610221023], [12.223310464155187, 11.951176921694769, 11.732042866144942, 10.869699907420786, 4.5802012312006894, 3.9734674174711837, 4.867611124188297, 4.507427753609683, 0.0, 1.1608341404017244], [13.124274407467961, 12.804862505676876, 12.532809650870366, 11.826969882793863, 5.723162586955551, 5.085410893171528, 6.019733853593046, 5.620347610221023, 1.1608341404017244, 0.0]];