totalHoles = 40;
zeroHoleID = 29;
C = [[0.0, 1.666666666666667, 3.0, 4.0, 1.3017082793177759, 2.692582403567252, 3.640054944640259, 3.3541019662496847, 4.272001872658765, 3.1649854356268254, 4.301162633521313, 4.242640687119285, 5.0, 5.315072906367325, 4.965095524386225, 4.5, 4.7987266829626565, 5.408326913195984, 5.226950033538189, 5.0, 5.068968775248516, 5.270462766947299, 5.5901699437494745, 5.562773089426212, 6.041522986797286, 6.519202405202649, 6.166666666666667, 6.222718234198156, 6.3879226322456, 6.654154925892376, 7.333333333333334, 7.3805299418281765, 7.5203427817856525, 7.74775953277964, 8.5, 8.540751983545972, 8.661857640124188, 8.860022573334675, 11.462318237303458, 13.136159591713865], [1.666666666666667, 0.0, 1.333333333333333, 2.333333333333333, 1.3017082793177759, 1.3017082793177757, 2.0883273476902775, 2.0069324297987157, 2.7738861628488727, 2.017126595722637, 3.100179206289712, 3.2829526005987013, 3.8005847503304597, 4.400126260814695, 4.49240705173733, 4.7987266829626565, 4.5, 4.693375946776241, 4.986492109901518, 5.270462766947299, 5.068968775248516, 5.0, 5.068968775248516, 5.562773089426212, 5.562773089426212, 5.7975090436420285, 6.3879226322456, 6.222718234198156, 6.166666666666667, 6.222718234198156, 7.5203427817856525, 7.3805299418281765, 7.333333333333334, 7.3805299418281765, 8.661857640124188, 8.540751983545972, 8.5, 8.540751983545972, 11.352203765474664, 12.659126891745046], [3.0, 1.333333333333333, 0.0, 1.0, 2.3863035105460586, 1.118033988749895, 1.118033988749895, 1.5, 1.8027756377319946, 1.8193771515342636, 2.5495097567963922, 3.0, 3.1622776601683795, 4.031128874149275, 4.539312630814782, 5.408326913195984, 4.693375946776241, 4.5, 5.18655773025947, 5.830951894845301, 5.449260908090605, 5.174724898753341, 5.024937810560445, 5.9113826169894, 5.522680508593631, 5.522680508593631, 6.857680203813661, 6.536223850375859, 6.309164410249234, 6.1869037310901955, 7.923242882669809, 7.646713164636308, 7.4535599249993, 7.350359023733316, 9.013878188659973, 8.771798244627178, 8.603939666093538, 8.514693182963201, 11.43952634948525, 12.42615538029216], [4.0, 2.333333333333333, 1.0, 0.0, 3.3208098075285455, 1.8027756377319946, 1.118033988749895, 1.8027756377319946, 1.5, 2.2526576948403116, 2.5495097567963922, 3.1622776601683795, 3.0, 4.031128874149275, 4.822491163801076, 6.020797289396148, 5.068968775248516, 4.6097722286464435, 5.546185406930671, 6.4031242374328485, 5.918426968188235, 5.517648452415616, 5.220153254455275, 6.346477588219924, 5.70087712549569, 5.522680508593631, 7.350359023733316, 6.93221144769514, 6.593346814950827, 6.346477588219924, 8.353309390761112, 7.98783797754784, 7.695597587076797, 7.485170524295207, 9.394147114027968, 9.070709882791851, 8.814445214784902, 8.631338250816034, 11.605549147269302, 12.343401223888536], [1.3017082793177759, 1.3017082793177759, 2.3863035105460586, 3.3208098075285455, 0.0, 1.6666666666666665, 2.6666666666666665, 2.223610677354389, 3.2058973436118907, 1.9470358470914788, 3.0595932917809696, 2.948634335492355, 3.745367509040705, 4.013864859597431, 3.714198854166802, 3.5978388574871505, 3.5978388574871505, 4.1163630117428225, 4.053084816538902, 4.0858835573770875, 4.0, 4.0858835573770875, 4.333333333333333, 4.5, 4.7987266829626565, 5.230784942158405, 5.233439489369195, 5.166666666666667, 5.233439489369195, 5.42883249163411, 6.3879226322456, 6.333333333333334, 6.3879226322456, 6.548960901462834, 7.54615428178118, 7.5, 7.54615428178118, 7.68295371441074, 10.37932281119299, 11.918354542308187], [2.692582403567252, 1.3017082793177757, 1.118033988749895, 1.8027756377319946, 1.6666666666666665, 0.0, 1.0, 0.7071067811865476, 1.5811388300841898, 0.7876504701189996, 1.8027756377319946, 2.0615528128088303, 2.5, 3.1622776601683795, 3.4788789082534812, 4.301162633521313, 3.5978388574871505, 3.5355339059327378, 4.092599567126154, 4.716990566028302, 4.333333333333333, 4.0858835573770875, 4.0, 4.7987266829626565, 4.5, 4.6097722286464435, 5.7397251192408545, 5.42883249163411, 5.233439489369194, 5.166666666666667, 6.808899405271833, 6.548960901462834, 6.3879226322456, 6.333333333333334, 7.905694150420948, 7.68295371441074, 7.54615428178118, 7.5, 10.392108099724839, 11.511722617239455], [3.640054944640259, 2.0883273476902775, 1.118033988749895, 1.118033988749895, 2.6666666666666665, 1.0, 0.0, 0.7071067811865476, 0.7071067811865476, 1.1767441241310772, 1.5, 2.0615528128088303, 2.0615528128088303, 3.0, 3.7085927685519433, 4.949747468305833, 3.9510898637098992, 3.5355339059327378, 4.428223424306598, 5.315072906367325, 4.8074017006186525, 4.400126260814695, 4.123105625617661, 5.230784942158405, 4.6097722286464435, 4.5, 6.240548408949685, 5.814254514170803, 5.482294734466175, 5.262551134615649, 7.236097782030804, 6.871842709362768, 6.593346814950828, 6.411794687223782, 8.276472678623424, 7.959969290839703, 7.720823214600313, 7.566372975210778, 10.527198994294853, 11.378487327188603], [3.3541019662496847, 2.0069324297987157, 1.5, 1.8027756377319946, 2.223610677354389, 0.7071067811865476, 0.7071067811865476, 0.0, 1.0, 0.4730469192419578, 1.118033988749895, 1.5, 1.8027756377319946, 2.5495097567963922, 3.076445108529927, 4.242640687119285, 3.2829526005987013, 3.0, 3.767454032852556, 4.6097722286464435, 4.1163630117428225, 3.745367509040705, 3.5355339059327378, 4.549114687985393, 4.031128874149275, 4.031128874149275, 5.547772325697746, 5.145116346811045, 4.85340659285368, 4.693375946776242, 6.559556218051476, 6.222718234198157, 5.983774357005415, 5.854722690083433, 7.615773105863909, 7.327649312326869, 7.125852775477317, 7.0178344238090995, 9.952737840217797, 10.93904154100617], [4.272001872658765, 2.7738861628488727, 1.8027756377319946, 1.5, 3.2058973436118907, 1.5811388300841898, 0.7071067811865476, 1.0, 0.0, 1.410002432055577, 1.118033988749895, 1.8027756377319946, 1.5, 2.5495097567963922, 3.4807436519316597, 5.0, 3.8005847503304597, 3.1622776601683795, 4.248941205570331, 5.315072906367325, 4.719934086168766, 4.206476488041321, 3.8078865529319543, 5.101742621671322, 4.272001872658765, 4.031128874149275, 6.146362971528593, 5.639641438562877, 5.21749194749951, 4.901813723284248, 7.073031724640982, 6.637435917246626, 6.282692274990255, 6.023103666530885, 8.06225774829855, 7.68295371441074, 7.378647873726218, 7.158910531638177, 10.143125673342471, 10.844945646456134], [3.1649854356268254, 2.017126595722637, 1.8193771515342636, 2.2526576948403116, 1.9470358470914788, 0.7876504701189996, 1.1767441241310772, 0.4730469192419578, 1.410002432055577, 0.0, 1.139459039174464, 1.2796146123281351, 1.8443825597424246, 2.3899805585476566, 2.7211899370375514, 3.7759837542775596, 2.8826585312883877, 2.74791807089714, 3.3735904943111557, 4.150815185237053, 3.682479559382632, 3.3587101091693192, 3.2233678627315174, 4.126968511473932, 3.7230785336757015, 3.824349256869088, 5.1094561734527115, 4.736869366122568, 4.489789447610622, 4.389461933418476, 6.140524431764422, 5.834160548045636, 5.6353976960404, 5.55579643017917, 7.213027133456502, 6.9540743044100495, 6.788182917646032, 6.722246209748313, 9.628477999120507, 10.724372450834467], [4.301162633521313, 3.100179206289712, 2.5495097567963922, 2.5495097567963922, 3.0595932917809696, 1.8027756377319946, 1.5, 1.118033988749895, 1.118033988749895, 1.139459039174464, 0.0, 0.7071067811865476, 0.7071067811865476, 1.5, 2.3691381699847844, 4.031128874149275, 2.7131367660166177, 2.0615528128088303, 3.1468224442952555, 4.301162633521313, 3.655285366576885, 3.100179206289712, 2.692582403567252, 4.013864859597431, 3.1622776601683795, 3.0, 5.068968775248517, 4.533823502911814, 4.099457958749615, 3.80058475033046, 5.9675045966560525, 5.5201650538930656, 5.169354139756941, 4.935697631653617, 6.946221994724902, 6.5659052011974035, 6.27384340823957, 6.082762530298219, 9.056276612439488, 9.885507885571002], [4.242640687119285, 3.2829526005987013, 3.0, 3.1622776601683795, 2.948634335492355, 2.0615528128088303, 2.0615528128088303, 1.5, 1.8027756377319946, 1.2796146123281351, 0.7071067811865476, 0.0, 1.0, 1.118033988749895, 1.6803778894405856, 3.3541019662496847, 2.0069324297987157, 1.5, 2.446842596081674, 3.605551275463989, 2.948634335492355, 2.403700850309326, 2.0615528128088303, 3.3082388735465345, 2.5495097567963922, 2.5495097567963922, 4.362084109434134, 3.8369548110737797, 3.435921354681384, 3.205897343611891, 5.2704627669473, 4.844813951249544, 4.533823502911815, 4.362084109434134, 6.264982043070834, 5.9113826169894, 5.659308948783215, 5.522680508593631, 8.470609064975145, 9.455999266949712], [5.0, 3.8005847503304597, 3.1622776601683795, 3.0, 3.745367509040705, 2.5, 2.0615528128088303, 1.8027756377319946, 1.5, 1.8443825597424246, 0.7071067811865476, 1.0, 0.0, 1.118033988749895, 2.339814461872059, 4.272001872658765, 2.7738861628488727, 1.8027756377319946, 3.1379659285492845, 4.47213595499958, 3.745367509040705, 3.0731814857642954, 2.5, 4.034572812303401, 2.9154759474226504, 2.5495097567963922, 5.101742621671322, 4.478342947514801, 3.9334745737353156, 3.5039660069381067, 5.897268670984712, 5.367080729368206, 4.921607686744467, 4.585605497399202, 6.800735254367722, 6.346477588219924, 5.97448277631164, 5.70087712549569, 8.693516310489965, 9.34698552343389], [5.315072906367325, 4.400126260814695, 4.031128874149275, 4.031128874149275, 4.013864859597431, 3.1622776601683795, 3.0, 2.5495097567963922, 2.5495097567963922, 2.3899805585476566, 1.5, 1.118033988749895, 1.118033988749895, 0.0, 1.4042688538887196, 3.5355339059327378, 1.9002923751652296, 0.7071067811865476, 2.166984147672309, 3.640054944640259, 2.848001248439177, 2.0883273476902775, 1.4142135623730951, 3.0595932917809696, 1.8027756377319946, 1.5, 4.116363011742823, 3.435921354681384, 2.8382310609877335, 2.386303510546059, 4.833333333333334, 4.268749491621899, 3.804237403504443, 3.4801021696368504, 5.70087712549569, 5.230784942158405, 4.85912657903775, 4.6097722286464435, 7.596734396867796, 8.395031772207973], [4.965095524386225, 4.49240705173733, 4.539312630814782, 4.822491163801076, 3.714198854166802, 3.4788789082534812, 3.7085927685519433, 3.076445108529927, 3.4807436519316597, 2.7211899370375514, 2.3691381699847844, 1.6803778894405856, 2.339814461872059, 1.4042688538887196, 0.0, 2.174773460121623, 0.5091042673839477, 0.8263323767370381, 0.7985489722297303, 2.2396483469562223, 1.4444217007816236, 0.7386286416345549, 0.6274387457639402, 1.6949156807532462, 1.086307734880033, 1.6825951264416, 2.7620103363085065, 2.167724712582335, 1.7771462095433221, 1.7338845865677206, 3.6004999236145725, 3.1676377683715167, 2.9143004738989613, 2.888122982424853, 4.5848359320966185, 4.2533574803805765, 4.068202069276235, 4.049490731673102, 6.913315391475838, 8.212166831994955], [4.5, 4.7987266829626565, 5.408326913195984, 6.020797289396148, 3.5978388574871505, 4.301162633521313, 4.949747468305833, 4.242640687119285, 5.0, 3.7759837542775596, 4.031128874149275, 3.3541019662496847, 4.272001872658765, 3.5355339059327378, 2.174773460121623, 0.0, 1.666666666666667, 3.0, 1.6434698214853316, 0.5, 0.9718253158075502, 1.7400510848184252, 2.5495097567963922, 1.3017082793177759, 2.692582403567252, 3.640054944640259, 1.666666666666667, 1.863389981249825, 2.357022603955159, 3.0046260628866577, 2.833333333333334, 2.9533408577782256, 3.287180487219337, 3.7785946829182118, 4.0, 4.0858835573770875, 4.333333333333333, 4.716990566028302, 7.033308014002169, 9.045361558338104], [4.7987266829626565, 4.5, 4.693375946776241, 5.068968775248516, 3.5978388574871505, 3.5978388574871505, 3.9510898637098992, 3.2829526005987013, 3.8005847503304597, 2.8826585312883877, 2.7131367660166177, 2.0069324297987157, 2.7738861628488727, 1.9002923751652296, 0.5091042673839477, 1.666666666666667, 0.0, 1.333333333333333, 0.4950656149827489, 1.7400510848184252, 0.9718253158075502, 0.5, 0.9718253158075498, 1.3017082793177759, 1.3017082793177757, 2.0883273476902775, 2.357022603955159, 1.863389981249825, 1.666666666666667, 1.8633899812498247, 3.287180487219337, 2.9533408577782256, 2.833333333333334, 2.9533408577782256, 4.333333333333333, 4.0858835573770875, 4.0, 4.0858835573770875, 6.852387363500754, 8.337467874803908], [5.408326913195984, 4.693375946776241, 4.5, 4.6097722286464435, 4.1163630117428225, 3.5355339059327378, 3.5355339059327378, 3.0, 3.1622776601683795, 2.74791807089714, 2.0615528128088303, 1.5, 1.8027756377319946, 0.7071067811865476, 0.8263323767370381, 3.0, 1.333333333333333, 0.0, 1.5100885703634814, 3.0413812651491097, 2.223610677354389, 1.4240006242195882, 0.7071067811865476, 2.3863035105460586, 1.118033988749895, 1.118033988749895, 3.4318767136623336, 2.733536577809454, 2.1343747458109497, 1.7400510848184252, 4.126472801046649, 3.56682242650545, 3.131382371342656, 2.877112750272012, 5.0, 4.549114687985393, 4.216370213557839, 4.031128874149275, 6.996102153855029, 7.979299119424485], [5.226950033538189, 4.986492109901518, 5.18655773025947, 5.546185406930671, 4.053084816538902, 4.092599567126154, 4.428223424306598, 3.767454032852556, 4.248941205570331, 3.3735904943111557, 3.1468224442952555, 2.446842596081674, 3.1379659285492845, 2.166984147672309, 0.7985489722297303, 1.6434698214853316, 0.4950656149827489, 1.5100885703634814, 0.0, 1.5701706874033154, 0.7369124762404049, 0.09763655353308925, 0.9300078948169004, 0.8986005403327653, 1.0627123871816566, 1.9972854319315005, 1.964751199703425, 1.3920672709298976, 1.185050288275256, 1.5032384952419262, 2.824408042070713, 2.460667551330712, 2.3497612000198953, 2.5252246404933723, 3.8492254443866503, 3.5908412011354347, 3.5157692516316863, 3.6353837787164602, 6.366389537587018, 7.918614762554749], [5.0, 5.270462766947299, 5.830951894845301, 6.4031242374328485, 4.0858835573770875, 4.716990566028302, 5.315072906367325, 4.6097722286464435, 5.315072906367325, 4.150815185237053, 4.301162633521313, 3.605551275463989, 4.47213595499958, 3.640054944640259, 2.2396483469562223, 0.5, 1.7400510848184252, 3.0413812651491097, 1.5701706874033154, 0.0, 0.8333333333333335, 1.666666666666667, 2.5, 0.9718253158075502, 2.5495097567963922, 3.5355339059327378, 1.166666666666667, 1.433720877840438, 2.0344259359556176, 2.758824226207808, 2.333333333333334, 2.477678124553085, 2.867441755680876, 3.4197140881138655, 3.5, 3.5978388574871505, 3.8765677832043357, 4.301162633521313, 6.547174766645974, 8.61605070907155], [5.068968775248516, 5.068968775248516, 5.449260908090605, 5.918426968188235, 4.0, 4.333333333333333, 4.8074017006186525, 4.1163630117428225, 4.719934086168766, 3.682479559382632, 3.655285366576885, 2.948634335492355, 3.745367509040705, 2.848001248439177, 1.4444217007816236, 0.9718253158075502, 0.9718253158075502, 2.223610677354389, 0.7369124762404049, 0.8333333333333335, 0.0, 0.8333333333333335, 1.6666666666666665, 0.5, 1.740051084818425, 2.7131367660166177, 1.433720877840438, 1.166666666666667, 1.433720877840438, 2.034425935955617, 2.477678124553085, 2.333333333333334, 2.477678124553085, 2.867441755680876, 3.5978388574871505, 3.5, 3.5978388574871505, 3.8765677832043357, 6.39647938012624, 8.20909786748892], [5.270462766947299, 5.0, 5.174724898753341, 5.517648452415616, 4.0858835573770875, 4.0858835573770875, 4.400126260814695, 3.745367509040705, 4.206476488041321, 3.3587101091693192, 3.100179206289712, 2.403700850309326, 3.0731814857642954, 2.0883273476902775, 0.7386286416345549, 1.7400510848184252, 0.5, 1.4240006242195882, 0.09763655353308925, 1.666666666666667, 0.8333333333333335, 0.0, 0.833333333333333, 0.9718253158075502, 0.9718253158075498, 1.9002923751652296, 2.0344259359556176, 1.433720877840438, 1.166666666666667, 1.4337208778404378, 2.867441755680876, 2.477678124553085, 2.333333333333334, 2.477678124553085, 3.8765677832043357, 3.5978388574871505, 3.5, 3.5978388574871505, 6.3524238196647, 7.869633705809871], [5.5901699437494745, 5.068968775248516, 5.024937810560445, 5.220153254455275, 4.333333333333333, 4.0, 4.123105625617661, 3.5355339059327378, 3.8078865529319543, 3.2233678627315174, 2.692582403567252, 2.0615528128088303, 2.5, 1.4142135623730951, 0.6274387457639402, 2.5495097567963922, 0.9718253158075498, 0.7071067811865476, 0.9300078948169004, 2.5, 1.6666666666666665, 0.833333333333333, 0.0, 1.740051084818425, 0.5, 1.118033988749895, 2.758824226207808, 2.034425935955617, 1.4337208778404378, 1.166666666666667, 3.4197140881138655, 2.867441755680876, 2.477678124553085, 2.333333333333334, 4.301162633521313, 3.8765677832043357, 3.5978388574871505, 3.5, 6.4172047807277925, 7.606699048740878], [5.562773089426212, 5.562773089426212, 5.9113826169894, 6.346477588219924, 4.5, 4.7987266829626565, 5.230784942158405, 4.549114687985393, 5.101742621671322, 4.126968511473932, 4.013864859597431, 3.3082388735465345, 4.034572812303401, 3.0595932917809696, 1.6949156807532462, 1.3017082793177759, 1.3017082793177759, 2.3863035105460586, 0.8986005403327653, 0.9718253158075502, 0.5, 0.9718253158075502, 1.740051084818425, 0.0, 1.6666666666666665, 2.6666666666666665, 1.067187372905475, 0.666666666666667, 1.067187372905475, 1.7950549357115013, 2.013840995599096, 1.833333333333334, 2.013840995599096, 2.477678124553085, 3.1135902820449006, 3.0, 3.1135902820449006, 3.431876713662333, 5.900256288125016, 7.765761514381107], [6.041522986797286, 5.562773089426212, 5.522680508593631, 5.70087712549569, 4.7987266829626565, 4.5, 4.6097722286464435, 4.031128874149275, 4.272001872658765, 3.7230785336757015, 3.1622776601683795, 2.5495097567963922, 2.9154759474226504, 1.8027756377319946, 1.086307734880033, 2.692582403567252, 1.3017082793177757, 1.118033988749895, 1.0627123871816566, 2.5495097567963922, 1.740051084818425, 0.9718253158075498, 0.5, 1.6666666666666665, 0.0, 1.0, 2.5873624493766707, 1.7950549357115013, 1.0671873729054748, 0.666666666666667, 3.100179206289713, 2.477678124553085, 2.0138409955990957, 1.833333333333334, 3.905124837953327, 3.431876713662333, 3.1135902820449006, 3.0, 5.922718379509046, 7.125983056277007], [6.519202405202649, 5.7975090436420285, 5.522680508593631, 5.522680508593631, 5.230784942158405, 4.6097722286464435, 4.5, 4.031128874149275, 4.031128874149275, 3.824349256869088, 3.0, 2.5495097567963922, 2.5495097567963922, 1.5, 1.6825951264416, 3.640054944640259, 2.0883273476902775, 1.118033988749895, 1.9972854319315005, 3.5355339059327378, 2.7131367660166177, 1.9002923751652296, 1.118033988749895, 2.6666666666666665, 1.0, 0.0, 3.5629263877386586, 2.748737083745107, 1.9507833184532706, 1.2018504251546633, 3.9510898637098997, 3.236081306491267, 2.5927248643506746, 2.0883273476902784, 4.6097722286464435, 4.013864859597431, 3.515837184954831, 3.1622776601683795, 6.156671252559308, 6.90867937865669], [6.166666666666667, 6.3879226322456, 6.857680203813661, 7.350359023733316, 5.233439489369195, 5.7397251192408545, 6.240548408949685, 5.547772325697746, 6.146362971528593, 5.1094561734527115, 5.068968775248517, 4.362084109434134, 5.101742621671322, 4.116363011742823, 2.7620103363085065, 1.666666666666667, 2.357022603955159, 3.4318767136623336, 1.964751199703425, 1.166666666666667, 1.433720877840438, 2.0344259359556176, 2.758824226207808, 1.067187372905475, 2.5873624493766707, 3.5629263877386586, 0.0, 0.8333333333333335, 1.666666666666667, 2.5, 1.166666666666667, 1.433720877840438, 2.0344259359556176, 2.758824226207808, 2.333333333333333, 2.477678124553084, 2.8674417556808756, 3.419714088113865, 5.422679419026508, 7.647802985146163], [6.222718234198156, 6.222718234198156, 6.536223850375859, 6.93221144769514, 5.166666666666667, 5.42883249163411, 5.814254514170803, 5.145116346811045, 5.639641438562877, 4.736869366122568, 4.533823502911814, 3.8369548110737797, 4.478342947514801, 3.435921354681384, 2.167724712582335, 1.863389981249825, 1.863389981249825, 2.733536577809454, 1.3920672709298976, 1.433720877840438, 1.166666666666667, 1.433720877840438, 2.034425935955617, 0.666666666666667, 1.7950549357115013, 2.748737083745107, 0.8333333333333335, 0.0, 0.8333333333333335, 1.6666666666666665, 1.433720877840438, 1.166666666666667, 1.433720877840438, 2.034425935955617, 2.477678124553084, 2.333333333333333, 2.477678124553084, 2.867441755680875, 5.239742657507912, 7.186226302888698], [6.3879226322456, 6.166666666666667, 6.309164410249234, 6.593346814950827, 5.233439489369195, 5.233439489369194, 5.482294734466175, 4.85340659285368, 5.21749194749951, 4.489789447610622, 4.099457958749615, 3.435921354681384, 3.9334745737353156, 2.8382310609877335, 1.7771462095433221, 2.357022603955159, 1.666666666666667, 2.1343747458109497, 1.185050288275256, 2.0344259359556176, 1.433720877840438, 1.166666666666667, 1.4337208778404378, 1.067187372905475, 1.0671873729054748, 1.9507833184532706, 1.666666666666667, 0.8333333333333335, 0.0, 0.833333333333333, 2.0344259359556176, 1.433720877840438, 1.166666666666667, 1.4337208778404378, 2.8674417556808756, 2.477678124553084, 2.333333333333333, 2.477678124553084, 5.185869554970638, 6.795858690550961], [6.654154925892376, 6.222718234198156, 6.1869037310901955, 6.346477588219924, 5.42883249163411, 5.166666666666667, 5.262551134615649, 4.693375946776242, 4.901813723284248, 4.389461933418476, 3.80058475033046, 3.205897343611891, 3.5039660069381067, 2.386303510546059, 1.7338845865677206, 3.0046260628866577, 1.8633899812498247, 1.7400510848184252, 1.5032384952419262, 2.758824226207808, 2.034425935955617, 1.4337208778404378, 1.166666666666667, 1.7950549357115013, 0.666666666666667, 1.2018504251546633, 2.5, 1.6666666666666665, 0.833333333333333, 0.0, 2.758824226207808, 2.034425935955617, 1.4337208778404378, 1.166666666666667, 3.419714088113865, 2.867441755680875, 2.477678124553084, 2.333333333333333, 5.2650234429035105, 6.489563243888882], [7.333333333333334, 7.5203427817856525, 7.923242882669809, 8.353309390761112, 6.3879226322456, 6.808899405271833, 7.236097782030804, 6.559556218051476, 7.073031724640982, 6.140524431764422, 5.9675045966560525, 5.2704627669473, 5.897268670984712, 4.833333333333334, 3.6004999236145725, 2.833333333333334, 3.287180487219337, 4.126472801046649, 2.824408042070713, 2.333333333333334, 2.477678124553085, 2.867441755680876, 3.4197140881138655, 2.013840995599096, 3.100179206289713, 3.9510898637098997, 1.166666666666667, 1.433720877840438, 2.0344259359556176, 2.758824226207808, 0.0, 0.8333333333333335, 1.666666666666667, 2.5, 1.166666666666666, 1.4337208778404373, 2.034425935955617, 2.7588242262078078, 4.320605161349947, 6.742675537214512], [7.3805299418281765, 7.3805299418281765, 7.646713164636308, 7.98783797754784, 6.333333333333334, 6.548960901462834, 6.871842709362768, 6.222718234198157, 6.637435917246626, 5.834160548045636, 5.5201650538930656, 4.844813951249544, 5.367080729368206, 4.268749491621899, 3.1676377683715167, 2.9533408577782256, 2.9533408577782256, 3.56682242650545, 2.460667551330712, 2.477678124553085, 2.333333333333334, 2.477678124553085, 2.867441755680876, 1.833333333333334, 2.477678124553085, 3.236081306491267, 1.433720877840438, 1.166666666666667, 1.433720877840438, 2.034425935955617, 0.8333333333333335, 0.0, 0.8333333333333335, 1.6666666666666665, 1.4337208778404373, 1.166666666666666, 1.4337208778404373, 2.0344259359556167, 4.088652589259474, 6.214228140072571], [7.5203427817856525, 7.333333333333334, 7.4535599249993, 7.695597587076797, 6.3879226322456, 6.3879226322456, 6.593346814950828, 5.983774357005415, 6.282692274990255, 5.6353976960404, 5.169354139756941, 4.533823502911815, 4.921607686744467, 3.804237403504443, 2.9143004738989613, 3.287180487219337, 2.833333333333334, 3.131382371342656, 2.3497612000198953, 2.867441755680876, 2.477678124553085, 2.333333333333334, 2.477678124553085, 2.013840995599096, 2.0138409955990957, 2.5927248643506746, 2.0344259359556176, 1.433720877840438, 1.166666666666667, 1.4337208778404378, 1.666666666666667, 0.8333333333333335, 0.0, 0.833333333333333, 2.034425935955617, 1.4337208778404373, 1.166666666666666, 1.4337208778404371, 4.01938053932711, 5.758339885980808], [7.74775953277964, 7.3805299418281765, 7.350359023733316, 7.485170524295207, 6.548960901462834, 6.333333333333334, 6.411794687223782, 5.854722690083433, 6.023103666530885, 5.55579643017917, 4.935697631653617, 4.362084109434134, 4.585605497399202, 3.4801021696368504, 2.888122982424853, 3.7785946829182118, 2.9533408577782256, 2.877112750272012, 2.5252246404933723, 3.4197140881138655, 2.867441755680876, 2.477678124553085, 2.333333333333334, 2.477678124553085, 1.833333333333334, 2.0883273476902784, 2.758824226207808, 2.034425935955617, 1.4337208778404378, 1.166666666666667, 2.5, 1.6666666666666665, 0.833333333333333, 0.0, 2.7588242262078078, 2.0344259359556167, 1.4337208778404371, 1.166666666666666, 4.121000938251976, 5.393441758003329], [8.5, 8.661857640124188, 9.013878188659973, 9.394147114027968, 7.54615428178118, 7.905694150420948, 8.276472678623424, 7.615773105863909, 8.06225774829855, 7.213027133456502, 6.946221994724902, 6.264982043070834, 6.800735254367722, 5.70087712549569, 4.5848359320966185, 4.0, 4.333333333333333, 5.0, 3.8492254443866503, 3.5, 3.5978388574871505, 3.8765677832043357, 4.301162633521313, 3.1135902820449006, 3.905124837953327, 4.6097722286464435, 2.333333333333333, 2.477678124553084, 2.8674417556808756, 3.419714088113865, 1.166666666666666, 1.4337208778404373, 2.034425935955617, 2.7588242262078078, 0.0, 0.8333333333333335, 1.666666666666667, 2.5, 3.263744484676483, 5.929644046898067], [8.540751983545972, 8.540751983545972, 8.771798244627178, 9.070709882791851, 7.5, 7.68295371441074, 7.959969290839703, 7.327649312326869, 7.68295371441074, 6.9540743044100495, 6.5659052011974035, 5.9113826169894, 6.346477588219924, 5.230784942158405, 4.2533574803805765, 4.0858835573770875, 4.0858835573770875, 4.549114687985393, 3.5908412011354347, 3.5978388574871505, 3.5, 3.5978388574871505, 3.8765677832043357, 3.0, 3.431876713662333, 4.013864859597431, 2.477678124553084, 2.333333333333333, 2.477678124553084, 2.867441755680875, 1.4337208778404373, 1.166666666666666, 1.4337208778404373, 2.0344259359556167, 0.8333333333333335, 0.0, 0.8333333333333335, 1.6666666666666665, 2.9498269604555722, 5.3210559571980145], [8.661857640124188, 8.5, 8.603939666093538, 8.814445214784902, 7.54615428178118, 7.54615428178118, 7.720823214600313, 7.125852775477317, 7.378647873726218, 6.788182917646032, 6.27384340823957, 5.659308948783215, 5.97448277631164, 4.85912657903775, 4.068202069276235, 4.333333333333333, 4.0, 4.216370213557839, 3.5157692516316863, 3.8765677832043357, 3.5978388574871505, 3.5, 3.5978388574871505, 3.1135902820449006, 3.1135902820449006, 3.515837184954831, 2.8674417556808756, 2.477678124553084, 2.333333333333333, 2.477678124553084, 2.034425935955617, 1.4337208778404373, 1.166666666666666, 1.4337208778404371, 1.666666666666667, 0.8333333333333335, 0.0, 0.833333333333333, 2.8530368067891887, 4.780740880369919], [8.860022573334675, 8.540751983545972, 8.514693182963201, 8.631338250816034, 7.68295371441074, 7.5, 7.566372975210778, 7.0178344238090995, 7.158910531638177, 6.722246209748313, 6.082762530298219, 5.522680508593631, 5.70087712549569, 4.6097722286464435, 4.049490731673102, 4.716990566028302, 4.0858835573770875, 4.031128874149275, 3.6353837787164602, 4.301162633521313, 3.8765677832043357, 3.5978388574871505, 3.5, 3.431876713662333, 3.0, 3.1622776601683795, 3.419714088113865, 2.867441755680875, 2.477678124553084, 2.333333333333333, 2.7588242262078078, 2.0344259359556167, 1.4337208778404371, 1.166666666666666, 2.5, 1.6666666666666665, 0.833333333333333, 0.0, 2.9945029360556696, 4.334307224890353], [11.462318237303458, 11.352203765474664, 11.43952634948525, 11.605549147269302, 10.37932281119299, 10.392108099724839, 10.527198994294853, 9.952737840217797, 10.143125673342471, 9.628477999120507, 9.056276612439488, 8.470609064975145, 8.693516310489965, 7.596734396867796, 6.913315391475838, 7.033308014002169, 6.852387363500754, 6.996102153855029, 6.366389537587018, 6.547174766645974, 6.39647938012624, 6.3524238196647, 6.4172047807277925, 5.900256288125016, 5.922718379509046, 6.156671252559308, 5.422679419026508, 5.239742657507912, 5.185869554970638, 5.2650234429035105, 4.320605161349947, 4.088652589259474, 4.01938053932711, 4.121000938251976, 3.263744484676483, 2.9498269604555722, 2.8530368067891887, 2.9945029360556696, 0.0, 3.0971346398409367], [13.136159591713865, 12.659126891745046, 12.42615538029216, 12.343401223888536, 11.918354542308187, 11.511722617239455, 11.378487327188603, 10.93904154100617, 10.844945646456134, 10.724372450834467, 9.885507885571002, 9.455999266949712, 9.34698552343389, 8.395031772207973, 8.212166831994955, 9.045361558338104, 8.337467874803908, 7.979299119424485, 7.918614762554749, 8.61605070907155, 8.20909786748892, 7.869633705809871, 7.606699048740878, 7.765761514381107, 7.125983056277007, 6.90867937865669, 7.647802985146163, 7.186226302888698, 6.795858690550961, 6.489563243888882, 6.742675537214512, 6.214228140072571, 5.758339885980808, 5.393441758003329, 5.929644046898067, 5.3210559571980145, 4.780740880369919, 4.334307224890353, 3.0971346398409367, 0.0]];