totalHoles = 40;
zeroHoleID = 29;
C = [[0.0, 0.5, 1.0, 1.5, 1.875, 1.940521837032503, 2.125, 2.401171589037318, 3.4613543695129128, 3.75, 3.783186487605389, 3.881043674065006, 4.038873605350878, 5.831330801496075, 6.519202405202649, 5.852349955359813, 5.522680508593631, 5.5901699437494745, 5.625, 5.647178499038259, 5.71319744101322, 5.821565511097509, 6.633972791481163, 7.236097782030803, 6.641619615057091, 6.353039517515306, 6.411794687223781, 7.975657409336932, 7.440504761849906, 7.184087354084102, 7.236097782030804, 7.516648189186454, 7.566372975210778, 7.648529270389178, 8.73212459828649, 8.246211251235321, 8.0156097709407, 8.06225774829855, 9.19546780592356, 13.602816985147948], [0.5, 0.0, 0.5, 1.0, 1.940521837032503, 1.875, 1.940521837032503, 2.125, 3.520624833928763, 3.783186487605389, 3.75, 3.783186487605389, 3.881043674065006, 5.684099819051668, 6.800735254367722, 6.041522986797286, 5.5901699437494745, 5.522680508593631, 5.647178499038259, 5.625, 5.647178499038259, 5.71319744101322, 6.464709552742516, 7.49073501808141, 6.808899405271832, 6.411794687223781, 6.353039517515306, 8.207381501496753, 7.5901983578238, 7.236097782030804, 7.184087354084102, 7.5, 7.516648189186454, 7.566372975210778, 8.94427190999916, 8.381527307120106, 8.06225774829855, 8.0156097709407, 9.019559303388098, 13.498000963869776], [1.0, 0.5, 0.0, 0.5, 2.125, 1.940521837032503, 1.875, 1.940521837032503, 3.648098733752381, 3.881043674065006, 3.783186487605389, 3.75, 3.783186487605389, 5.577953261673097, 7.106335201775948, 6.264982043070834, 5.70087712549569, 5.5, 5.71319744101322, 5.647178499038259, 5.625, 5.647178499038259, 6.330509000430243, 7.769241347204443, 7.0079320138762125, 6.508541396588878, 6.333333333333333, 8.462334849857402, 7.769241347204443, 7.321960878829599, 7.166666666666667, 7.516648189186454, 7.5, 7.516648189186454, 9.17877987534291, 8.54400374531753, 8.139410298049853, 8.0, 8.868386092457461, 13.411018981040527], [1.5, 1.0, 0.5, 0.0, 2.401171589037318, 2.125, 1.940521837032503, 1.875, 3.836984430661079, 4.038873605350878, 3.881043674065006, 3.783186487605389, 3.75, 5.515263767570494, 7.433034373659253, 6.519202405202649, 5.852349955359813, 5.522680508593631, 5.821565511097509, 5.71319744101322, 5.647178499038259, 5.625, 6.233636082394952, 8.069145624606803, 7.236097782030803, 6.641619615057091, 6.353039517515306, 8.738484485945554, 7.975657409336932, 7.440504761849906, 7.184087354084102, 7.566372975210778, 7.516648189186454, 7.5, 9.433981132056603, 8.73212459828649, 8.246211251235321, 8.0156097709407, 8.74323131013077, 13.34221983775673], [1.875, 1.940521837032503, 2.125, 2.401171589037318, 0.0, 0.5, 1.0, 1.5, 1.5909326598188187, 1.875, 1.940521837032503, 2.125, 2.401171589037318, 4.111613605298098, 5.038911092686593, 4.140123790419799, 3.659320292076112, 3.760402239122831, 3.75, 3.783186487605389, 3.881043674065006, 4.038873605350878, 4.942887253729785, 5.668045175464916, 4.8863827225373075, 4.486283106438013, 4.569106708221105, 6.344425593472676, 5.657007699403556, 5.315236223453396, 5.385325998592018, 5.647178499038259, 5.71319744101322, 5.821565511097509, 7.054475529761231, 6.443261984429936, 6.145374276640927, 6.206095793653205, 7.490966406190396, 11.78455549861797], [1.940521837032503, 1.875, 1.940521837032503, 2.125, 0.5, 0.0, 0.5, 1.0, 1.7160687276469953, 1.940521837032503, 1.875, 1.940521837032503, 2.125, 3.899992086625147, 5.398205720422296, 4.403478738452134, 3.760402239122831, 3.659320292076112, 3.783186487605389, 3.75, 3.783186487605389, 3.881043674065006, 4.713280068730517, 5.9897192013575316, 5.111431904184101, 4.569106708221105, 4.486283106438013, 6.633380443718806, 5.852498279462465, 5.385325998592018, 5.315236223453396, 5.625, 5.647178499038259, 5.71319744101322, 7.315437444199766, 6.615559311199621, 6.206095793653205, 6.145374276640927, 7.273953502479322, 11.663410667090776], [2.125, 1.940521837032503, 1.875, 1.940521837032503, 1.0, 0.5, 0.0, 0.5, 1.9643617355104872, 2.125, 1.940521837032503, 1.875, 1.940521837032503, 3.743595879926826, 5.77846216566311, 4.705382556179678, 3.923088706618804, 3.625, 3.881043674065006, 3.783186487605389, 3.75, 3.783186487605389, 4.527458846803615, 6.3345667658578755, 5.373707855020694, 4.70390647346555, 4.458333333333333, 6.946346961613069, 6.08290523607849, 5.500157826018369, 5.291666666666667, 5.647178499038259, 5.625, 5.647178499038259, 7.600370056780131, 6.82023643285187, 6.30599912781472, 6.125, 7.0856348631431265, 11.562635879348914], [2.401171589037318, 2.125, 1.940521837032503, 1.875, 1.5, 1.0, 0.5, 0.0, 2.296201684928301, 2.401171589037318, 2.125, 1.940521837032503, 1.875, 3.649531743754457, 6.175809663517812, 5.038911092686593, 4.140123790419799, 3.659320292076112, 4.038873605350878, 3.881043674065006, 3.783186487605389, 3.75, 4.390986018277476, 6.699010084416287, 5.668045175464916, 4.8863827225373075, 4.486283106438013, 7.280229124904731, 6.344425593472676, 5.657007699403556, 5.315236223453396, 5.71319744101322, 5.647178499038259, 5.625, 7.906682300434235, 7.054475529761231, 6.443261984429936, 6.145374276640927, 6.9283506891140725, 11.48276746118316], [3.4613543695129128, 3.520624833928763, 3.648098733752381, 3.836984430661079, 1.5909326598188187, 1.7160687276469953, 1.9643617355104872, 2.296201684928301, 0.0, 0.33527508826369373, 0.7254202469879263, 1.2000248683547439, 1.6893444984962707, 2.9342153121485763, 3.9117732315304563, 2.7465333176037787, 2.0700050034956456, 2.3508288249650158, 2.1737069815277024, 2.2668981431621646, 2.460213881231034, 2.7324855884947796, 3.7703551457933506, 4.404613729579376, 3.41205181036111, 2.8954400367436235, 3.1024262209063576, 4.988803793252341, 4.138796774106979, 3.724394472548218, 3.8874914323940453, 4.096665698858539, 4.206720218666071, 4.371535216381507, 5.636008637078871, 4.899598841437636, 4.554947228761977, 4.6892451105264055, 6.224133056891048, 10.31636643355223], [3.75, 3.783186487605389, 3.881043674065006, 4.038873605350878, 1.875, 1.940521837032503, 2.125, 2.401171589037318, 0.33527508826369373, 0.0, 0.5, 1.0, 1.5, 2.6148736034592552, 3.913118960624632, 2.6575364531836625, 1.8200274723201295, 2.0155644370746373, 1.875, 1.940521837032503, 2.125, 2.401171589037318, 3.4475968163427098, 4.350127712046063, 3.2670492973187764, 2.631275567307824, 2.7701283564324433, 4.89117686360973, 3.958991173406568, 3.4530582258501106, 3.5600015605489714, 3.783186487605389, 3.881043674065006, 4.038873605350878, 5.50567888638631, 4.697073557013984, 4.2793106921559225, 4.366062299143245, 5.890991192284153, 9.987297766091913], [3.783186487605389, 3.75, 3.783186487605389, 3.881043674065006, 1.940521837032503, 1.875, 1.940521837032503, 2.125, 0.7254202469879263, 0.5, 0.0, 0.5, 1.0, 2.267627791004144, 4.366062299143245, 3.0516389039334255, 2.0155644370746373, 1.8200274723201295, 1.940521837032503, 1.875, 1.940521837032503, 2.125, 3.1094691526471774, 4.761681542387217, 3.5949424350204984, 2.7701283564324433, 2.631275567307824, 5.2605713673622105, 4.233628598626846, 3.5600015605489714, 3.4530582258501106, 3.75, 3.783186487605389, 3.881043674065006, 5.836308764964376, 4.930770730829005, 4.366062299143245, 4.2793106921559225, 5.6124503637117, 9.84405997329275], [3.881043674065006, 3.783186487605389, 3.75, 3.783186487605389, 2.125, 1.940521837032503, 1.875, 1.940521837032503, 1.2000248683547439, 1.0, 0.5, 0.0, 0.5, 1.986632234461294, 4.828301978956992, 3.473110997362451, 2.3048861143232218, 1.75, 2.125, 1.940521837032503, 1.875, 1.940521837032503, 2.8198710989107862, 5.188796692019365, 3.9589911734065675, 2.98724138815582, 2.583333333333333, 5.65009832756131, 4.5468242885679135, 3.7314355295396853, 3.416666666666667, 3.783186487605389, 3.75, 3.783186487605389, 6.189709201569974, 5.202163011671203, 4.5069390943299865, 4.25, 5.366136500564044, 9.72444943670254], [4.038873605350878, 3.881043674065006, 3.783186487605389, 3.75, 2.401171589037318, 2.125, 1.940521837032503, 1.875, 1.6893444984962707, 1.5, 1.0, 0.5, 0.0, 1.8031304643499917, 5.297405025104273, 3.913118960624632, 2.6575364531836625, 1.8200274723201295, 2.401171589037318, 2.125, 1.940521837032503, 1.875, 2.595100695094565, 5.627931334967681, 4.350127712046063, 3.2670492973187764, 2.631275567307824, 6.055874099674721, 4.89117686360973, 3.958991173406568, 3.4530582258501106, 3.881043674065006, 3.783186487605389, 3.75, 6.562202374203344, 5.50567888638631, 4.697073557013984, 4.2793106921559225, 5.156669739303055, 9.629346651574252], [5.831330801496075, 5.684099819051668, 5.577953261673097, 5.515263767570494, 4.111613605298098, 3.899992086625147, 3.743595879926826, 3.649531743754457, 2.9342153121485763, 2.6148736034592552, 2.267627791004144, 1.986632234461294, 1.8031304643499917, 0.0, 5.445428859273877, 3.94542912378512, 2.445429712792998, 0.9454321708138927, 1.9496182920929823, 1.4510628247356827, 0.954020522733259, 0.463386441604178, 0.8420026642700625, 5.509240210207428, 4.033043912873427, 2.5844068395986786, 1.2620912098431927, 5.69558151684346, 4.284082670118292, 2.960925502914064, 1.9185398987787377, 2.469874661622623, 2.2146901996874884, 2.051688211463464, 5.993034191888131, 4.6722772107976684, 3.499127011689954, 2.675370133894989, 3.380197967954018, 7.833973802196917], [6.519202405202649, 6.800735254367722, 7.106335201775948, 7.433034373659253, 5.038911092686593, 5.398205720422296, 5.77846216566311, 6.175809663517812, 3.9117732315304563, 3.913118960624632, 4.366062299143245, 4.828301978956992, 5.297405025104273, 5.445428859273877, 0.0, 1.5, 3.0, 4.5, 3.502231431530475, 4.00195264839553, 4.501735776342277, 5.001562255935639, 6.003312005071963, 0.833333333333333, 1.7159383568311666, 3.1135902820449006, 4.576510072581994, 1.666666666666667, 2.242270674512285, 3.4318767136623336, 4.7987266829626565, 4.47213595499958, 4.924428900898052, 5.385164807134504, 2.5, 2.9154759474226504, 3.905124837953327, 5.1478150704935, 7.582437632558053, 10.171188550092078], [5.852349955359813, 6.041522986797286, 6.264982043070834, 6.519202405202649, 4.140123790419799, 4.403478738452134, 4.705382556179678, 5.038911092686593, 2.7465333176037787, 2.6575364531836625, 3.0516389039334255, 3.473110997362451, 3.913118960624632, 3.94542912378512, 1.5, 0.0, 1.5, 3.0, 2.003902442735175, 2.5031230493125984, 3.0026030373660784, 3.502231431530475, 4.515349248935796, 1.7159383568311666, 0.833333333333333, 1.7159383568311666, 3.1135902820449006, 2.242270674512285, 1.666666666666667, 2.242270674512285, 3.4318767136623336, 3.2015621187164243, 3.605551275463989, 4.031128874149275, 2.9154759474226504, 2.5, 2.9154759474226504, 3.905124837953327, 6.23544914375115, 9.269912447759358], [5.522680508593631, 5.5901699437494745, 5.70087712549569, 5.852349955359813, 3.659320292076112, 3.760402239122831, 3.923088706618804, 4.140123790419799, 2.0700050034956456, 1.8200274723201295, 2.0155644370746373, 2.3048861143232218, 2.6575364531836625, 2.445429712792998, 3.0, 1.5, 0.0, 1.5, 0.5153882032022076, 1.0077822185373186, 1.505199322349037, 2.003902442735175, 3.039243762762204, 3.1135902820449006, 1.7159383568311666, 0.833333333333333, 1.7159383568311666, 3.4318767136623336, 2.242270674512285, 1.666666666666667, 2.242270674512285, 2.23606797749979, 2.5, 2.8284271247461903, 3.905124837953327, 2.9154759474226504, 2.5, 2.9154759474226504, 4.976775220660595, 8.538704647469874], [5.5901699437494745, 5.522680508593631, 5.5, 5.522680508593631, 3.760402239122831, 3.659320292076112, 3.625, 3.659320292076112, 2.3508288249650158, 2.0155644370746373, 1.8200274723201295, 1.75, 1.8200274723201295, 0.9454321708138927, 4.5, 3.0, 1.5, 0.0, 1.0077822185373186, 0.5153882032022076, 0.125, 0.5153882032022076, 1.6079883267962065, 4.576510072581994, 3.1135902820449006, 1.7159383568311666, 0.833333333333333, 4.7987266829626565, 3.4318767136623336, 2.242270674512285, 1.666666666666667, 2.0615528128088303, 2.0, 2.0615528128088303, 5.1478150704935, 3.905124837953327, 2.9154759474226504, 2.5, 3.8930395797699884, 8.024193250684045], [5.625, 5.647178499038259, 5.71319744101322, 5.821565511097509, 3.75, 3.783186487605389, 3.881043674065006, 4.038873605350878, 2.1737069815277024, 1.875, 1.940521837032503, 2.125, 2.401171589037318, 1.9496182920929823, 3.502231431530475, 2.003902442735175, 0.5153882032022076, 1.0077822185373186, 0.0, 0.5, 1.0, 1.5, 2.524076705060366, 3.5709573101776377, 2.1217295094123356, 0.8670271686118669, 1.2254534308210616, 3.8244916147262127, 2.5252200124169604, 1.6207208615647273, 1.8375897559333292, 1.940521837032503, 2.125, 2.401171589037318, 4.229731078922158, 3.1049355870935553, 2.42706097986845, 2.576941016011038, 4.508239873439063, 8.22482431649224], [5.647178499038259, 5.625, 5.647178499038259, 5.71319744101322, 3.783186487605389, 3.75, 3.783186487605389, 3.881043674065006, 2.2668981431621646, 1.940521837032503, 1.875, 1.940521837032503, 2.125, 1.4510628247356827, 4.00195264839553, 2.5031230493125984, 1.0077822185373186, 0.5153882032022076, 0.5, 0.0, 0.5, 1.0, 2.0380966160210274, 4.062232897202118, 2.5984103046114773, 1.2254534308210616, 0.8670271686118669, 4.286809549199861, 2.9371305914295185, 1.8375897559333292, 1.6207208615647273, 1.875, 1.940521837032503, 2.125, 4.651948516482099, 3.4482785560334306, 2.576941016011038, 2.42706097986845, 4.137638047730128, 8.050287890899428], [5.71319744101322, 5.647178499038259, 5.625, 5.647178499038259, 3.881043674065006, 3.783186487605389, 3.75, 3.783186487605389, 2.460213881231034, 2.125, 1.940521837032503, 1.875, 1.940521837032503, 0.954020522733259, 4.501735776342277, 3.0026030373660784, 1.505199322349037, 0.125, 1.0, 0.5, 0.0, 0.5, 1.5609972515812869, 4.555407348537682, 3.08248862303028, 1.658835769782865, 0.708333333333333, 4.7567568900576696, 3.3729417592231137, 2.150984916523385, 1.541666666666667, 1.940521837032503, 1.875, 1.940521837032503, 5.088283109261905, 3.8263069662534916, 2.809025631780529, 2.375, 3.7968237345947617, 7.903577368227749], [5.821565511097509, 5.71319744101322, 5.647178499038259, 5.625, 4.038873605350878, 3.881043674065006, 3.783186487605389, 3.75, 2.7324855884947796, 2.401171589037318, 2.125, 1.940521837032503, 1.875, 0.463386441604178, 5.001562255935639, 3.502231431530475, 2.003902442735175, 0.5153882032022076, 1.5, 1.0, 0.5, 0.0, 1.1043491398340926, 5.04992436687037, 3.5709573101776377, 2.1217295094123356, 0.8670271686118669, 5.232278290679034, 3.8244916147262127, 2.5252200124169604, 1.6207208615647273, 2.125, 1.940521837032503, 1.875, 5.535397456371133, 4.229731078922158, 3.1049355870935553, 2.42706097986845, 3.494523190528321, 7.786265812619152], [6.633972791481163, 6.464709552742516, 6.330509000430243, 6.233636082394952, 4.942887253729785, 4.713280068730517, 4.527458846803615, 4.390986018277476, 3.7703551457933506, 3.4475968163427098, 3.1094691526471774, 2.8198710989107862, 2.595100695094565, 0.8420026642700625, 6.003312005071963, 4.515349248935796, 3.039243762762204, 1.6079883267962065, 2.524076705060366, 2.0380966160210274, 1.5609972515812869, 1.1043491398340926, 0.0, 5.969696185197538, 4.4705588412620125, 2.972292072258352, 1.4775466058415065, 6.051750072976561, 4.579552680709736, 3.133835759100919, 1.7803231096190202, 2.381202893751049, 1.9882157389016761, 1.654048496152488, 6.2449158710802894, 4.8319352278868966, 3.4923089577124045, 2.3547495972485497, 2.5616892962285704, 7.11627695720967], [7.236097782030803, 7.49073501808141, 7.769241347204443, 8.069145624606803, 5.668045175464916, 5.9897192013575316, 6.3345667658578755, 6.699010084416287, 4.404613729579376, 4.350127712046063, 4.761681542387217, 5.188796692019365, 5.627931334967681, 5.509240210207428, 0.833333333333333, 1.7159383568311666, 3.1135902820449006, 4.576510072581994, 3.5709573101776377, 4.062232897202118, 4.555407348537682, 5.04992436687037, 5.969696185197538, 0.0, 1.5, 3.0, 4.5, 0.8333333333333339, 1.715938356831167, 3.1135902820449006, 4.576510072581994, 4.166666666666667, 4.648775226993784, 5.134307266916454, 1.666666666666667, 2.242270674512285, 3.4318767136623336, 4.7987266829626565, 7.290477367240995, 9.551740168204534], [6.641619615057091, 6.808899405271832, 7.0079320138762125, 7.236097782030803, 4.8863827225373075, 5.111431904184101, 5.373707855020694, 5.668045175464916, 3.41205181036111, 3.2670492973187764, 3.5949424350204984, 3.9589911734065675, 4.350127712046063, 4.033043912873427, 1.7159383568311666, 0.833333333333333, 1.7159383568311666, 3.1135902820449006, 2.1217295094123356, 2.5984103046114773, 3.08248862303028, 3.5709573101776377, 4.4705588412620125, 1.5, 0.0, 1.5, 3.0, 1.715938356831167, 0.8333333333333339, 1.715938356831167, 3.1135902820449006, 2.758824226207808, 3.218867985971328, 3.689323936863109, 2.242270674512285, 1.666666666666667, 2.242270674512285, 3.4318767136623336, 5.8769486823459305, 8.585682297202226], [6.353039517515306, 6.411794687223781, 6.508541396588878, 6.641619615057091, 4.486283106438013, 4.569106708221105, 4.70390647346555, 4.8863827225373075, 2.8954400367436235, 2.631275567307824, 2.7701283564324433, 2.98724138815582, 3.2670492973187764, 2.5844068395986786, 3.1135902820449006, 1.7159383568311666, 0.833333333333333, 1.7159383568311666, 0.8670271686118669, 1.2254534308210616, 1.658835769782865, 2.1217295094123356, 2.972292072258352, 3.0, 1.5, 0.0, 1.5, 3.1135902820449006, 1.715938356831167, 0.8333333333333339, 1.715938356831167, 1.5365907428821481, 1.90029237516523, 2.3154073315749675, 3.4318767136623336, 2.242270674512285, 1.666666666666667, 2.242270674512285, 4.519512295325894, 7.790516078931576], [6.411794687223781, 6.353039517515306, 6.333333333333333, 6.353039517515306, 4.569106708221105, 4.486283106438013, 4.458333333333333, 4.486283106438013, 3.1024262209063576, 2.7701283564324433, 2.631275567307824, 2.583333333333333, 2.631275567307824, 1.2620912098431927, 4.576510072581994, 3.1135902820449006, 1.7159383568311666, 0.833333333333333, 1.2254534308210616, 0.8670271686118669, 0.708333333333333, 0.8670271686118669, 1.4775466058415065, 4.5, 3.0, 1.5, 0.0, 4.576510072581994, 3.1135902820449006, 1.715938356831167, 0.8333333333333339, 1.269295517643985, 1.166666666666667, 1.269295517643985, 4.7987266829626565, 3.4318767136623336, 2.242270674512285, 1.666666666666667, 3.2883821189570273, 7.222903920425022], [7.975657409336932, 8.207381501496753, 8.462334849857402, 8.738484485945554, 6.344425593472676, 6.633380443718806, 6.946346961613069, 7.280229124904731, 4.988803793252341, 4.89117686360973, 5.2605713673622105, 5.65009832756131, 6.055874099674721, 5.69558151684346, 1.666666666666667, 2.242270674512285, 3.4318767136623336, 4.7987266829626565, 3.8244916147262127, 4.286809549199861, 4.7567568900576696, 5.232278290679034, 6.051750072976561, 0.8333333333333339, 1.715938356831167, 3.1135902820449006, 4.576510072581994, 0.0, 1.5, 3.0, 4.5, 4.013864859597431, 4.512328790226961, 5.011098792790969, 0.833333333333333, 1.7159383568311666, 3.1135902820449006, 4.576510072581994, 7.08502991678671, 8.967011366623142], [7.440504761849906, 7.5901983578238, 7.769241347204443, 7.975657409336932, 5.657007699403556, 5.852498279462465, 6.08290523607849, 6.344425593472676, 4.138796774106979, 3.958991173406568, 4.233628598626846, 4.5468242885679135, 4.89117686360973, 4.284082670118292, 2.242270674512285, 1.666666666666667, 2.242270674512285, 3.4318767136623336, 2.5252200124169604, 2.9371305914295185, 3.3729417592231137, 3.8244916147262127, 4.579552680709736, 1.715938356831167, 0.8333333333333339, 1.715938356831167, 3.1135902820449006, 1.5, 0.0, 1.5, 3.0, 2.5221243250702594, 3.018461712712472, 3.515837184954831, 1.7159383568311666, 0.833333333333333, 1.7159383568311666, 3.1135902820449006, 5.620063566761241, 7.930037396932524], [7.184087354084102, 7.236097782030804, 7.321960878829599, 7.440504761849906, 5.315236223453396, 5.385325998592018, 5.500157826018369, 5.657007699403556, 3.724394472548218, 3.4530582258501106, 3.5600015605489714, 3.7314355295396853, 3.958991173406568, 2.960925502914064, 3.4318767136623336, 2.242270674512285, 1.666666666666667, 2.242270674512285, 1.6207208615647273, 1.8375897559333292, 2.150984916523385, 2.5252200124169604, 3.133835759100919, 3.1135902820449006, 1.715938356831167, 0.8333333333333339, 1.715938356831167, 3.0, 1.5, 0.0, 1.5, 1.0540925533894596, 1.5365907428821477, 2.0275875100994063, 3.1135902820449006, 1.7159383568311666, 0.833333333333333, 1.7159383568311666, 4.180021539072669, 7.061422900828705], [7.236097782030804, 7.184087354084102, 7.166666666666667, 7.184087354084102, 5.385325998592018, 5.315236223453396, 5.291666666666667, 5.315236223453396, 3.8874914323940453, 3.5600015605489714, 3.4530582258501106, 3.416666666666667, 3.4530582258501106, 1.9185398987787377, 4.7987266829626565, 3.4318767136623336, 2.242270674512285, 1.666666666666667, 1.8375897559333292, 1.6207208615647273, 1.541666666666667, 1.6207208615647273, 1.7803231096190202, 4.576510072581994, 3.1135902820449006, 1.715938356831167, 0.8333333333333339, 4.5, 3.0, 1.5, 0.0, 0.6009252125773314, 0.33333333333333304, 0.6009252125773314, 4.576510072581994, 3.1135902820449006, 1.7159383568311666, 0.833333333333333, 2.803577293349662, 6.429766220629474], [7.516648189186454, 7.5, 7.516648189186454, 7.566372975210778, 5.647178499038259, 5.625, 5.647178499038259, 5.71319744101322, 4.096665698858539, 3.783186487605389, 3.75, 3.783186487605389, 3.881043674065006, 2.469874661622623, 4.47213595499958, 3.2015621187164243, 2.23606797749979, 2.0615528128088303, 1.940521837032503, 1.875, 1.940521837032503, 2.125, 2.381202893751049, 4.166666666666667, 2.758824226207808, 1.5365907428821481, 1.269295517643985, 4.013864859597431, 2.5221243250702594, 1.0540925533894596, 0.6009252125773314, 0.0, 0.5, 1.0, 4.031128874149275, 2.5495097567963922, 1.118033988749895, 0.7071067811865476, 3.125979549344555, 6.303967282191387], [7.566372975210778, 7.516648189186454, 7.5, 7.516648189186454, 5.71319744101322, 5.647178499038259, 5.625, 5.647178499038259, 4.206720218666071, 3.881043674065006, 3.783186487605389, 3.75, 3.783186487605389, 2.2146901996874884, 4.924428900898052, 3.605551275463989, 2.5, 2.0, 2.125, 1.940521837032503, 1.875, 1.940521837032503, 1.9882157389016761, 4.648775226993784, 3.218867985971328, 1.90029237516523, 1.166666666666667, 4.512328790226961, 3.018461712712472, 1.5365907428821477, 0.33333333333333304, 0.5, 0.0, 0.5, 4.527692569068709, 3.0413812651491097, 1.5811388300841898, 0.5, 2.6584901731017383, 6.115505178163074], [7.648529270389178, 7.566372975210778, 7.516648189186454, 7.5, 5.821565511097509, 5.71319744101322, 5.647178499038259, 5.625, 4.371535216381507, 4.038873605350878, 3.881043674065006, 3.783186487605389, 3.75, 2.051688211463464, 5.385164807134504, 4.031128874149275, 2.8284271247461903, 2.0615528128088303, 2.401171589037318, 2.125, 1.940521837032503, 1.875, 1.654048496152488, 5.134307266916454, 3.689323936863109, 2.3154073315749675, 1.269295517643985, 5.011098792790969, 3.515837184954831, 2.0275875100994063, 0.6009252125773314, 1.0, 0.5, 0.0, 5.024937810560445, 3.5355339059327378, 2.0615528128088303, 0.7071067811865476, 2.205309923352415, 5.963120296735534], [8.73212459828649, 8.94427190999916, 9.17877987534291, 9.433981132056603, 7.054475529761231, 7.315437444199766, 7.600370056780131, 7.906682300434235, 5.636008637078871, 5.50567888638631, 5.836308764964376, 6.189709201569974, 6.562202374203344, 5.993034191888131, 2.5, 2.9154759474226504, 3.905124837953327, 5.1478150704935, 4.229731078922158, 4.651948516482099, 5.088283109261905, 5.535397456371133, 6.2449158710802894, 1.666666666666667, 2.242270674512285, 3.4318767136623336, 4.7987266829626565, 0.833333333333333, 1.7159383568311666, 3.1135902820449006, 4.576510072581994, 4.031128874149275, 4.527692569068709, 5.024937810560445, 0.0, 1.5, 3.0, 4.5, 6.973745513722243, 8.424234941304414], [8.246211251235321, 8.381527307120106, 8.54400374531753, 8.73212459828649, 6.443261984429936, 6.615559311199621, 6.82023643285187, 7.054475529761231, 4.899598841437636, 4.697073557013984, 4.930770730829005, 5.202163011671203, 5.50567888638631, 4.6722772107976684, 2.9154759474226504, 2.5, 2.9154759474226504, 3.905124837953327, 3.1049355870935553, 3.4482785560334306, 3.8263069662534916, 4.229731078922158, 4.8319352278868966, 2.242270674512285, 1.666666666666667, 2.242270674512285, 3.4318767136623336, 1.7159383568311666, 0.833333333333333, 1.7159383568311666, 3.1135902820449006, 2.5495097567963922, 3.0413812651491097, 3.5355339059327378, 1.5, 0.0, 1.5, 3.0, 5.479105042142875, 7.31067265126089], [8.0156097709407, 8.06225774829855, 8.139410298049853, 8.246211251235321, 6.145374276640927, 6.206095793653205, 6.30599912781472, 6.443261984429936, 4.554947228761977, 4.2793106921559225, 4.366062299143245, 4.5069390943299865, 4.697073557013984, 3.499127011689954, 3.905124837953327, 2.9154759474226504, 2.5, 2.9154759474226504, 2.42706097986845, 2.576941016011038, 2.809025631780529, 3.1049355870935553, 3.4923089577124045, 3.4318767136623336, 2.242270674512285, 1.666666666666667, 2.242270674512285, 3.1135902820449006, 1.7159383568311666, 0.833333333333333, 1.7159383568311666, 1.118033988749895, 1.5811388300841898, 2.0615528128088303, 3.0, 1.5, 0.0, 1.5, 3.988490646285866, 6.357997710088739], [8.06225774829855, 8.0156097709407, 8.0, 8.0156097709407, 6.206095793653205, 6.145374276640927, 6.125, 6.145374276640927, 4.6892451105264055, 4.366062299143245, 4.2793106921559225, 4.25, 4.2793106921559225, 2.675370133894989, 5.1478150704935, 3.905124837953327, 2.9154759474226504, 2.5, 2.576941016011038, 2.42706097986845, 2.375, 2.42706097986845, 2.3547495972485497, 4.7987266829626565, 3.4318767136623336, 2.242270674512285, 1.666666666666667, 4.576510072581994, 3.1135902820449006, 1.7159383568311666, 0.833333333333333, 0.7071067811865476, 0.5, 0.7071067811865476, 4.5, 3.0, 1.5, 0.0, 2.509088122841487, 5.6482152180218295], [9.19546780592356, 9.019559303388098, 8.868386092457461, 8.74323131013077, 7.490966406190396, 7.273953502479322, 7.0856348631431265, 6.9283506891140725, 6.224133056891048, 5.890991192284153, 5.6124503637117, 5.366136500564044, 5.156669739303055, 3.380197967954018, 7.582437632558053, 6.23544914375115, 4.976775220660595, 3.8930395797699884, 4.508239873439063, 4.137638047730128, 3.7968237345947617, 3.494523190528321, 2.5616892962285704, 7.290477367240995, 5.8769486823459305, 4.519512295325894, 3.2883821189570273, 7.08502991678671, 5.620063566761241, 4.180021539072669, 2.803577293349662, 3.125979549344555, 2.6584901731017383, 2.205309923352415, 6.973745513722243, 5.479105042142875, 3.988490646285866, 2.509088122841487, 0.0, 4.738989201823081], [13.602816985147948, 13.498000963869776, 13.411018981040527, 13.34221983775673, 11.78455549861797, 11.663410667090776, 11.562635879348914, 11.48276746118316, 10.31636643355223, 9.987297766091913, 9.84405997329275, 9.72444943670254, 9.629346651574252, 7.833973802196917, 10.171188550092078, 9.269912447759358, 8.538704647469874, 8.024193250684045, 8.22482431649224, 8.050287890899428, 7.903577368227749, 7.786265812619152, 7.11627695720967, 9.551740168204534, 8.585682297202226, 7.790516078931576, 7.222903920425022, 8.967011366623142, 7.930037396932524, 7.061422900828705, 6.429766220629474, 6.303967282191387, 6.115505178163074, 5.963120296735534, 8.424234941304414, 7.31067265126089, 6.357997710088739, 5.6482152180218295, 4.738989201823081, 0.0]];