totalHoles = 40;
zeroHoleID = 4;
C = [[0.0, 6.290721651221988, 3.0516389039334255, 4.712618719418502, 4.5, 5.0, 5.068968775248516, 5.270462766947299, 5.5901699437494745, 5.830951894845301, 6.103277807866851, 6.4031242374328485, 6.726812023536855, 6.590710402884456, 6.596637400979381, 6.838539683294965, 7.10743448791475, 6.166666666666667, 6.222718234198156, 6.3879226322456, 6.654154925892376, 7.386643351347079, 7.603453162872775, 7.846177413237608, 8.217709588597698, 7.333333333333334, 7.3805299418281765, 7.5203427817856525, 7.74775953277964, 8.193938308286192, 8.389912097274918, 8.610495049647263, 8.5, 8.540751983545972, 8.661857640124188, 8.860022573334675, 9.013878188659973, 9.192388155425117, 9.394147114027968, 10.312384415589733], [6.290721651221988, 0.0, 3.656800145141972, 4.466969092284724, 6.886084719581935, 7.126698228488305, 6.422966542030528, 5.753960344757141, 5.1332746845382, 4.791935439498036, 4.480488982880519, 4.205581742768793, 3.9748023931393974, 4.169719528657377, 5.48326397203387, 5.213283040119838, 4.979001539043508, 7.784695891638885, 7.146059171697684, 6.551314534839456, 6.013499103873031, 6.221010554378772, 5.984405449757607, 5.781456983882613, 6.3969098661752, 8.551922288753715, 7.974963723615789, 7.446717857014723, 6.978255955456563, 6.990494320745815, 6.7807925139894945, 6.602369528220338, 9.401674412714366, 8.880098722581481, 8.408906811933843, 7.997009635461897, 7.782306816045414, 7.594500355419268, 7.435628548943248, 9.524774545963595], [3.0516389039334255, 3.656800145141972, 0.0, 2.2373517115115167, 3.7165171868296265, 4.100304866714182, 3.6524345001351874, 3.355137023199566, 3.25, 3.2882366094914763, 3.400367627183861, 3.5794552658190883, 3.816084380618437, 3.7362362161196234, 4.155192534648665, 4.244481711587412, 4.38926246651986, 5.075129992861704, 4.7206696794228495, 4.494595520053934, 4.416666666666667, 5.024937810560445, 5.0990195135927845, 5.220153254455275, 5.701128325781651, 6.117484050744318, 5.826782035471114, 5.645179851479983, 5.583333333333334, 5.896238207535378, 5.959498720530108, 6.063466417817452, 7.198090024443984, 6.952717294538717, 6.801245800913568, 6.75, 6.768493185340442, 6.823672031978091, 6.914658342969665, 8.321307152131585], [4.712618719418502, 4.466969092284724, 2.2373517115115167, 0.0, 2.563766485064896, 2.7084273974394653, 1.9604554233578695, 1.3191212437205087, 1.0127512691599498, 1.1241362757165894, 1.4148143339600565, 1.7999213407190087, 2.2310836080193384, 2.0128667334639956, 1.9497430668128288, 2.1306138223013504, 2.4036498274454297, 3.3255993382519997, 2.7508939380417243, 2.337544191457386, 2.1793799862728185, 2.805452492341909, 2.934038329671973, 3.1379289592311004, 3.547982721139343, 4.184001096102364, 3.743483894977825, 3.45113996537663, 3.3460351669057746, 3.670269655895893, 3.76946900507048, 3.9302562020031098, 5.164720864481608, 4.81478432619616, 4.5911701663569024, 4.512696286478408, 4.538991628896543, 4.619573815882777, 4.751681752136462, 6.086062802029874], [4.5, 6.886084719581935, 3.7165171868296265, 2.563766485064896, 0.0, 0.5, 0.9718253158075502, 1.7400510848184252, 2.5495097567963922, 3.0413812651491097, 3.5355339059327378, 4.031128874149275, 4.527692569068709, 4.24541245692739, 3.3000946956110213, 3.760402239122831, 4.229731078922158, 1.666666666666667, 1.863389981249825, 2.357022603955159, 3.0046260628866577, 3.75, 4.16082924427331, 4.589389937671455, 4.686964623236392, 2.833333333333334, 2.9533408577782256, 3.287180487219337, 3.7785946829182118, 4.331930862790864, 4.692081094780865, 5.075985126061738, 4.0, 4.0858835573770875, 4.333333333333333, 4.716990566028302, 5.0, 5.315072906367325, 5.656854249492381, 5.999273295154019], [5.0, 7.126698228488305, 4.100304866714182, 2.7084273974394653, 0.5, 0.0, 0.8333333333333335, 1.666666666666667, 2.5, 3.0, 3.5, 4.0, 4.5, 4.207107817328685, 3.125, 3.607717422415453, 4.0945848385398, 1.166666666666667, 1.433720877840438, 2.0344259359556176, 2.758824226207808, 3.473110997362451, 3.913118960624632, 4.366062299143245, 4.4051185242241395, 2.333333333333334, 2.477678124553085, 2.867441755680876, 3.4197140881138655, 3.9863046797754937, 4.375, 4.78441480225116, 3.5, 3.5978388574871505, 3.8765677832043357, 4.301162633521313, 4.6097722286464435, 4.949747468305833, 5.315072906367325, 5.538426655494055], [5.068968775248516, 6.422966542030528, 3.6524345001351874, 1.9604554233578695, 0.9718253158075502, 0.8333333333333335, 0.0, 0.8333333333333335, 1.6666666666666665, 2.1666666666666665, 2.6666666666666665, 3.1666666666666665, 3.6666666666666665, 3.373934248568658, 2.3366791488016587, 2.806552353174818, 3.285331456303576, 1.433720877840438, 1.166666666666667, 1.433720877840438, 2.034425935955617, 2.7851291611780673, 3.1896098681674396, 3.6180488910154014, 3.721654777996137, 2.477678124553085, 2.333333333333334, 2.477678124553085, 2.867441755680876, 3.4036846864015535, 3.741889377187828, 4.113198606653681, 3.5978388574871505, 3.5, 3.5978388574871505, 3.8765677832043357, 4.1163630117428225, 4.400126260814695, 4.719934086168766, 5.257601134047942], [5.270462766947299, 5.753960344757141, 3.355137023199566, 1.3191212437205087, 1.7400510848184252, 1.666666666666667, 0.8333333333333335, 0.0, 0.833333333333333, 1.333333333333333, 1.833333333333333, 2.333333333333333, 2.833333333333333, 2.540865468612981, 1.5948049340837194, 2.0314369572081508, 2.4920010923842795, 2.0344259359556176, 1.433720877840438, 1.166666666666667, 1.4337208778404378, 2.2000631304073472, 2.534484387624258, 2.9166666666666665, 3.112113148583961, 2.867441755680876, 2.477678124553085, 2.333333333333334, 2.477678124553085, 2.9442151378215855, 3.2018332422396876, 3.5121317521477526, 3.8765677832043357, 3.5978388574871505, 3.5, 3.5978388574871505, 3.745367509040705, 3.9510898637098992, 4.206476488041321, 5.098966408997634], [5.5901699437494745, 5.1332746845382, 3.25, 1.0127512691599498, 2.5495097567963922, 2.5, 1.6666666666666665, 0.833333333333333, 0.0, 0.5, 1.0, 1.5, 2.0, 1.7080548101287802, 1.0077822185373186, 1.3287682265918312, 1.7365554986812255, 2.758824226207808, 2.034425935955617, 1.4337208778404378, 1.166666666666667, 1.8200274723201295, 2.0155644370746373, 2.3048861143232218, 2.628435105055053, 3.4197140881138655, 2.867441755680876, 2.477678124553085, 2.333333333333334, 2.6721947908039936, 2.809025631780529, 3.023346655611956, 4.301162633521313, 3.8765677832043357, 3.5978388574871505, 3.5, 3.5355339059327378, 3.640054944640259, 3.8078865529319543, 5.073996066644035], [5.830951894845301, 4.791935439498036, 3.2882366094914763, 1.1241362757165894, 3.0413812651491097, 3.0, 2.1666666666666665, 1.333333333333333, 0.5, 0.0, 0.5, 1.0, 1.5, 1.208714293768072, 0.875, 1.0077822185373186, 1.3287682265918312, 3.218867985971328, 2.4608038433722332, 1.7716909687891083, 1.269295517643985, 1.75, 1.8200274723201295, 2.0155644370746373, 2.4309239970205545, 3.80058475033046, 3.1841621957571338, 2.68741924943285, 2.3863035105460595, 2.625, 2.6721947908039936, 2.809025631780529, 4.6097722286464435, 4.1163630117428225, 3.745367509040705, 3.5355339059327378, 3.5, 3.5355339059327378, 3.640054944640259, 5.124420878257909], [6.103277807866851, 4.480488982880519, 3.400367627183861, 1.4148143339600565, 3.5355339059327378, 3.5, 2.6666666666666665, 1.833333333333333, 1.0, 0.5, 0.0, 0.5, 1.0, 0.7103022268826384, 1.0077822185373186, 0.875, 1.0077822185373186, 3.689323936863109, 2.9107081994288304, 2.1730674684008826, 1.5365907428821481, 1.8200274723201295, 1.75, 1.8200274723201295, 2.325964715358986, 4.2064764880413215, 3.5433819375782165, 2.967415635794143, 2.53859103528797, 2.6721947908039936, 2.625, 2.6721947908039936, 4.949747468305833, 4.400126260814695, 3.9510898637098992, 3.640054944640259, 3.5355339059327378, 3.5, 3.5355339059327378, 5.222446035214913], [6.4031242374328485, 4.205581742768793, 3.5794552658190883, 1.7999213407190087, 4.031128874149275, 4.0, 3.1666666666666665, 2.333333333333333, 1.5, 1.0, 0.5, 0.0, 0.5, 0.2192447560823773, 1.3287682265918312, 1.0077822185373186, 0.875, 4.166666666666667, 3.3747427885527643, 2.6087459737497545, 1.90029237516523, 2.0155644370746373, 1.8200274723201295, 1.75, 2.3261195659079155, 4.630814663149935, 3.933474573735316, 3.2998316455372216, 2.7738861628488736, 2.809025631780529, 2.6721947908039936, 2.625, 5.315072906367325, 4.719934086168766, 4.206476488041321, 3.8078865529319543, 3.640054944640259, 3.5355339059327378, 3.5, 5.365463245977777], [6.726812023536855, 3.9748023931393974, 3.816084380618437, 2.2310836080193384, 4.527692569068709, 4.5, 3.6666666666666665, 2.833333333333333, 2.0, 1.5, 1.0, 0.5, 0.0, 0.30266693348432877, 1.7365554986812255, 1.3287682265918312, 1.0077822185373186, 4.648775226993784, 3.8477987935383986, 3.064129385141706, 2.3154073315749675, 2.3048861143232218, 2.0155644370746373, 1.8200274723201295, 2.4313684650221674, 5.068968775248517, 4.346134936801766, 3.670452590924207, 3.0731814857642963, 3.023346655611956, 2.809025631780529, 2.6721947908039936, 5.70087712549569, 5.068968775248516, 4.503085362035432, 4.031128874149275, 3.8078865529319543, 3.640054944640259, 3.5355339059327378, 5.549995414155294], [6.590710402884456, 4.169719528657377, 3.7362362161196234, 2.0128667334639956, 4.24541245692739, 4.207107817328685, 3.373934248568658, 2.540865468612981, 1.7080548101287802, 1.208714293768072, 0.7103022268826384, 0.2192447560823773, 0.30266693348432877, 0.0, 1.4482805129009122, 1.0682019722897518, 0.8274022378256547, 4.346117297603109, 3.545759677637695, 2.7649551004467834, 2.026432977500337, 2.0652584932975846, 1.8190194209224364, 1.688896285521459, 2.28500081183398, 4.774927974812185, 4.060001636906125, 3.3994379399550336, 2.8315423734106338, 2.82211247901764, 2.6472358893348127, 2.559569663700807, 5.425252158838818, 4.8080180026723776, 4.264926978266684, 3.827669791761194, 3.6324365162128256, 3.498304454142257, 3.432444182128348, 5.3681611451987745], [6.596637400979381, 5.48326397203387, 4.155192534648665, 1.9497430668128288, 3.3000946956110213, 3.125, 2.3366791488016587, 1.5948049340837194, 1.0077822185373186, 0.875, 1.0077822185373186, 1.3287682265918312, 1.7365554986812255, 1.4482805129009122, 0.0, 0.5, 1.0, 3.0141448944011375, 2.186209937057484, 1.3648616128465998, 0.578851832893742, 0.875, 1.0077822185373186, 1.3287682265918312, 1.6211175734747028, 3.3356762599375727, 2.61173899070247, 1.9759842835632297, 1.5416666666666672, 1.75, 1.8200274723201295, 2.0155644370746373, 3.9863046797754937, 3.4036846864015535, 2.9442151378215855, 2.6721947908039936, 2.625, 2.6721947908039936, 2.809025631780529, 4.26120539250558], [6.838539683294965, 5.213283040119838, 4.244481711587412, 2.1306138223013504, 3.760402239122831, 3.607717422415453, 2.806552353174818, 2.0314369572081508, 1.3287682265918312, 1.0077822185373186, 0.875, 1.0077822185373186, 1.3287682265918312, 1.0682019722897518, 0.5, 0.0, 0.5, 3.512131752147753, 2.6825697671366453, 1.856389117495455, 1.0416666666666667, 1.0077822185373186, 0.875, 1.0077822185373186, 1.459021098145304, 3.791666666666667, 3.0393827041394808, 2.3426154661450997, 1.768257931160246, 1.8200274723201295, 1.75, 1.8200274723201295, 4.375, 3.741889377187828, 3.2018332422396876, 2.809025631780529, 2.6721947908039936, 2.625, 2.6721947908039936, 4.378598480144651], [7.10743448791475, 4.979001539043508, 4.38926246651986, 2.4036498274454297, 4.229731078922158, 4.0945848385398, 3.285331456303576, 2.4920010923842795, 1.7365554986812255, 1.3287682265918312, 1.0077822185373186, 0.875, 1.0077822185373186, 0.8274022378256547, 1.0, 0.5, 0.0, 4.010619583611047, 3.1800703171820306, 2.3514918432537435, 1.5280934017410208, 1.3287682265918312, 1.0077822185373186, 0.875, 1.4592679475126389, 4.257550482508823, 3.4863324409598246, 2.751577830183176, 2.0920650351055325, 2.0155644370746373, 1.8200274723201295, 1.75, 4.78441480225116, 4.113198606653681, 3.5121317521477526, 3.023346655611956, 2.809025631780529, 2.6721947908039936, 2.625, 4.548227995992666], [6.166666666666667, 7.784695891638885, 5.075129992861704, 3.3255993382519997, 1.666666666666667, 1.166666666666667, 1.433720877840438, 2.0344259359556176, 2.758824226207808, 3.218867985971328, 3.689323936863109, 4.166666666666667, 4.648775226993784, 4.346117297603109, 3.0141448944011375, 3.512131752147753, 4.010619583611047, 0.0, 0.8333333333333335, 1.666666666666667, 2.5, 3.056186803482041, 3.5482781426739614, 4.042310945211635, 3.9204831250614083, 1.166666666666667, 1.433720877840438, 2.0344259359556176, 2.758824226207808, 3.335676259937572, 3.7916666666666665, 4.257550482508823, 2.333333333333333, 2.477678124553084, 2.8674417556808756, 3.419714088113865, 3.8005847503304597, 4.206476488041321, 4.630814663149935, 4.495778428205987], [6.222718234198156, 7.146059171697684, 4.7206696794228495, 2.7508939380417243, 1.863389981249825, 1.433720877840438, 1.166666666666667, 1.433720877840438, 2.034425935955617, 2.4608038433722332, 2.9107081994288304, 3.3747427885527643, 3.8477987935383986, 3.545759677637695, 2.186209937057484, 2.6825697671366453, 3.1800703171820306, 0.8333333333333335, 0.0, 0.8333333333333335, 1.6666666666666665, 2.2438186696393765, 2.7297232256932, 3.2199465143936092, 3.1330229823622546, 1.433720877840438, 1.166666666666667, 1.433720877840438, 2.034425935955617, 2.6117389907024693, 3.0393827041394808, 3.486332440959824, 2.477678124553084, 2.333333333333333, 2.477678124553084, 2.867441755680875, 3.184162195757133, 3.543381937578216, 3.933474573735315, 4.144903321185842], [6.3879226322456, 6.551314534839456, 4.494595520053934, 2.337544191457386, 2.357022603955159, 2.0344259359556176, 1.433720877840438, 1.166666666666667, 1.4337208778404378, 1.7716909687891083, 2.1730674684008826, 2.6087459737497545, 3.064129385141706, 2.7649551004467834, 1.3648616128465998, 1.856389117495455, 2.3514918432537435, 1.666666666666667, 0.8333333333333335, 0.0, 0.833333333333333, 1.4553540997144148, 1.9238993967691989, 2.4051449482769685, 2.377050056481306, 2.0344259359556176, 1.433720877840438, 1.166666666666667, 1.4337208778404378, 1.975984283563229, 2.342615466145099, 2.7515778301831757, 2.8674417556808756, 2.477678124553084, 2.333333333333333, 2.477678124553084, 2.6874192494328493, 2.967415635794142, 3.299831645537221, 3.9417397551489173], [6.654154925892376, 6.013499103873031, 4.416666666666667, 2.1793799862728185, 3.0046260628866577, 2.758824226207808, 2.034425935955617, 1.4337208778404378, 1.166666666666667, 1.269295517643985, 1.5365907428821481, 1.90029237516523, 2.3154073315749675, 2.026432977500337, 0.578851832893742, 1.0416666666666667, 1.5280934017410208, 2.5, 1.6666666666666665, 0.833333333333333, 0.0, 0.7682953714410737, 1.1577036657874835, 1.6094339929856638, 1.6952255964662553, 2.758824226207808, 2.034425935955617, 1.4337208778404378, 1.166666666666667, 1.5416666666666663, 1.768257931160245, 2.092065035105532, 3.419714088113865, 2.867441755680875, 2.477678124553084, 2.333333333333333, 2.3863035105460586, 2.5385910352879693, 2.7738861628488727, 3.9093848546228296], [7.386643351347079, 6.221010554378772, 5.024937810560445, 2.805452492341909, 3.75, 3.473110997362451, 2.7851291611780673, 2.2000631304073472, 1.8200274723201295, 1.75, 1.8200274723201295, 2.0155644370746373, 2.3048861143232218, 2.0652584932975846, 0.875, 1.0077822185373186, 1.3287682265918312, 3.056186803482041, 2.2438186696393765, 1.4553540997144148, 0.7682953714410737, 0.0, 0.5, 1.0, 0.9369647243982179, 3.0561868034820416, 2.2438186696393765, 1.455354099714415, 0.7682953714410744, 0.875, 1.0077822185373186, 1.3287682265918312, 3.473110997362451, 2.7851291611780673, 2.2000631304073472, 1.8200274723201295, 1.75, 1.8200274723201295, 2.0155644370746373, 3.404012846143757], [7.603453162872775, 5.984405449757607, 5.0990195135927845, 2.934038329671973, 4.16082924427331, 3.913118960624632, 3.1896098681674396, 2.534484387624258, 2.0155644370746373, 1.8200274723201295, 1.75, 1.8200274723201295, 2.0155644370746373, 1.8190194209224364, 1.0077822185373186, 0.875, 1.0077822185373186, 3.5482781426739614, 2.7297232256932, 1.9238993967691989, 1.1577036657874835, 0.5, 0.0, 0.5, 0.615323713642867, 3.548278142673962, 2.7297232256932, 1.923899396769199, 1.157703665787484, 1.0077822185373186, 0.875, 1.0077822185373186, 3.913118960624632, 3.1896098681674396, 2.534484387624258, 2.0155644370746373, 1.8200274723201295, 1.75, 1.8200274723201295, 3.5498671397558157], [7.846177413237608, 5.781456983882613, 5.220153254455275, 3.1379289592311004, 4.589389937671455, 4.366062299143245, 3.6180488910154014, 2.9166666666666665, 2.3048861143232218, 2.0155644370746373, 1.8200274723201295, 1.75, 1.8200274723201295, 1.688896285521459, 1.3287682265918312, 1.0077822185373186, 0.875, 4.042310945211635, 3.2199465143936092, 2.4051449482769685, 1.6094339929856638, 1.0, 0.5, 0.0, 0.6159088003721572, 4.042310945211635, 3.2199465143936097, 2.4051449482769685, 1.609433992985664, 1.3287682265918312, 1.0077822185373186, 0.875, 4.366062299143245, 3.6180488910154014, 2.9166666666666665, 2.3048861143232218, 2.0155644370746373, 1.8200274723201295, 1.75, 3.757101271342649], [8.217709588597698, 6.3969098661752, 5.701128325781651, 3.547982721139343, 4.686964623236392, 4.4051185242241395, 3.721654777996137, 3.112113148583961, 2.628435105055053, 2.4309239970205545, 2.325964715358986, 2.3261195659079155, 2.4313684650221674, 2.28500081183398, 1.6211175734747028, 1.459021098145304, 1.4592679475126389, 3.9204831250614083, 3.1330229823622546, 2.377050056481306, 1.6952255964662553, 0.9369647243982179, 0.615323713642867, 0.6159088003721572, 0.0, 3.749337125085192, 2.9160202248374247, 2.0827164748636835, 1.249452186586265, 0.8118088460375067, 0.3996923570815046, 0.40059250880912606, 3.9328224017129405, 3.1484499547450255, 2.397346675085115, 1.7235701124231202, 1.404070621529725, 1.213315576446412, 1.2136124034683025, 3.142973728979247], [7.333333333333334, 8.551922288753715, 6.117484050744318, 4.184001096102364, 2.833333333333334, 2.333333333333334, 2.477678124553085, 2.867441755680876, 3.4197140881138655, 3.80058475033046, 4.2064764880413215, 4.630814663149935, 5.068968775248517, 4.774927974812185, 3.3356762599375727, 3.791666666666667, 4.257550482508823, 1.166666666666667, 1.433720877840438, 2.0344259359556176, 2.758824226207808, 3.0561868034820416, 3.548278142673962, 4.042310945211635, 3.749337125085192, 0.0, 0.8333333333333335, 1.666666666666667, 2.5, 3.0141448944011375, 3.512131752147753, 4.010619583611047, 1.166666666666666, 1.4337208778404373, 2.034425935955617, 2.7588242262078078, 3.2188679859713276, 3.689323936863109, 4.166666666666667, 3.5315860112674207], [7.3805299418281765, 7.974963723615789, 5.826782035471114, 3.743483894977825, 2.9533408577782256, 2.477678124553085, 2.333333333333334, 2.477678124553085, 2.867441755680876, 3.1841621957571338, 3.5433819375782165, 3.933474573735316, 4.346134936801766, 4.060001636906125, 2.61173899070247, 3.0393827041394808, 3.4863324409598246, 1.433720877840438, 1.166666666666667, 1.433720877840438, 2.034425935955617, 2.2438186696393765, 2.7297232256932, 3.2199465143936097, 2.9160202248374247, 0.8333333333333335, 0.0, 0.8333333333333335, 1.6666666666666665, 2.186209937057484, 2.6825697671366453, 3.1800703171820306, 1.4337208778404373, 1.166666666666666, 1.4337208778404373, 2.0344259359556167, 2.4608038433722332, 2.91070819942883, 3.374742788552764, 3.07250705799594], [7.5203427817856525, 7.446717857014723, 5.645179851479983, 3.45113996537663, 3.287180487219337, 2.867441755680876, 2.477678124553085, 2.333333333333334, 2.477678124553085, 2.68741924943285, 2.967415635794143, 3.2998316455372216, 3.670452590924207, 3.3994379399550336, 1.9759842835632297, 2.3426154661450997, 2.751577830183176, 2.0344259359556176, 1.433720877840438, 1.166666666666667, 1.4337208778404378, 1.455354099714415, 1.923899396769199, 2.4051449482769685, 2.0827164748636835, 1.666666666666667, 0.8333333333333335, 0.0, 0.833333333333333, 1.3648616128465996, 1.856389117495455, 2.351491843253743, 2.034425935955617, 1.4337208778404373, 1.166666666666666, 1.4337208778404371, 1.7716909687891076, 2.173067468400882, 2.608745973749754, 2.792380414051583], [7.74775953277964, 6.978255955456563, 5.583333333333334, 3.3460351669057746, 3.7785946829182118, 3.4197140881138655, 2.867441755680876, 2.477678124553085, 2.333333333333334, 2.3863035105460595, 2.53859103528797, 2.7738861628488736, 3.0731814857642963, 2.8315423734106338, 1.5416666666666672, 1.768257931160246, 2.0920650351055325, 2.758824226207808, 2.034425935955617, 1.4337208778404378, 1.166666666666667, 0.7682953714410744, 1.157703665787484, 1.609433992985664, 1.249452186586265, 2.5, 1.6666666666666665, 0.833333333333333, 0.0, 0.5788518328937415, 1.0416666666666665, 1.5280934017410206, 2.7588242262078078, 2.0344259359556167, 1.4337208778404371, 1.166666666666666, 1.2692955176439842, 1.5365907428821475, 1.9002923751652296, 2.746518891435448], [8.193938308286192, 6.990494320745815, 5.896238207535378, 3.670269655895893, 4.331930862790864, 3.9863046797754937, 3.4036846864015535, 2.9442151378215855, 2.6721947908039936, 2.625, 2.6721947908039936, 2.809025631780529, 3.023346655611956, 2.82211247901764, 1.75, 1.8200274723201295, 2.0155644370746373, 3.335676259937572, 2.6117389907024693, 1.975984283563229, 1.5416666666666663, 0.875, 1.0077822185373186, 1.3287682265918312, 0.8118088460375067, 3.0141448944011375, 2.186209937057484, 1.3648616128465996, 0.5788518328937415, 0.0, 0.5, 1.0, 3.125, 2.3366791488016587, 1.5948049340837194, 1.0077822185373186, 0.875, 1.0077822185373186, 1.3287682265918312, 2.5589031861922416], [8.389912097274918, 6.7807925139894945, 5.959498720530108, 3.76946900507048, 4.692081094780865, 4.375, 3.741889377187828, 3.2018332422396876, 2.809025631780529, 2.6721947908039936, 2.625, 2.6721947908039936, 2.809025631780529, 2.6472358893348127, 1.8200274723201295, 1.75, 1.8200274723201295, 3.7916666666666665, 3.0393827041394808, 2.342615466145099, 1.768257931160245, 1.0077822185373186, 0.875, 1.0077822185373186, 0.3996923570815046, 3.512131752147753, 2.6825697671366453, 1.856389117495455, 1.0416666666666665, 0.5, 0.0, 0.5, 3.607717422415453, 2.806552353174818, 2.0314369572081508, 1.3287682265918312, 1.0077822185373186, 0.875, 1.0077822185373186, 2.7499525031373215], [8.610495049647263, 6.602369528220338, 6.063466417817452, 3.9302562020031098, 5.075985126061738, 4.78441480225116, 4.113198606653681, 3.5121317521477526, 3.023346655611956, 2.809025631780529, 2.6721947908039936, 2.625, 2.6721947908039936, 2.559569663700807, 2.0155644370746373, 1.8200274723201295, 1.75, 4.257550482508823, 3.486332440959824, 2.7515778301831757, 2.092065035105532, 1.3287682265918312, 1.0077822185373186, 0.875, 0.40059250880912606, 4.010619583611047, 3.1800703171820306, 2.351491843253743, 1.5280934017410206, 1.0, 0.5, 0.0, 4.0945848385398, 3.285331456303576, 2.4920010923842795, 1.7365554986812255, 1.3287682265918312, 1.0077822185373186, 0.875, 3.012721696857782], [8.5, 9.401674412714366, 7.198090024443984, 5.164720864481608, 4.0, 3.5, 3.5978388574871505, 3.8765677832043357, 4.301162633521313, 4.6097722286464435, 4.949747468305833, 5.315072906367325, 5.70087712549569, 5.425252158838818, 3.9863046797754937, 4.375, 4.78441480225116, 2.333333333333333, 2.477678124553084, 2.8674417556808756, 3.419714088113865, 3.473110997362451, 3.913118960624632, 4.366062299143245, 3.9328224017129405, 1.166666666666666, 1.4337208778404373, 2.034425935955617, 2.7588242262078078, 3.125, 3.607717422415453, 4.0945848385398, 0.0, 0.8333333333333335, 1.666666666666667, 2.5, 3.0, 3.5, 4.0, 2.730274355565646], [8.540751983545972, 8.880098722581481, 6.952717294538717, 4.81478432619616, 4.0858835573770875, 3.5978388574871505, 3.5, 3.5978388574871505, 3.8765677832043357, 4.1163630117428225, 4.400126260814695, 4.719934086168766, 5.068968775248516, 4.8080180026723776, 3.4036846864015535, 3.741889377187828, 4.113198606653681, 2.477678124553084, 2.333333333333333, 2.477678124553084, 2.867441755680875, 2.7851291611780673, 3.1896098681674396, 3.6180488910154014, 3.1484499547450255, 1.4337208778404373, 1.166666666666666, 1.4337208778404373, 2.0344259359556167, 2.3366791488016587, 2.806552353174818, 3.285331456303576, 0.8333333333333335, 0.0, 0.8333333333333335, 1.6666666666666665, 2.1666666666666665, 2.6666666666666665, 3.1666666666666665, 2.102997366406943], [8.661857640124188, 8.408906811933843, 6.801245800913568, 4.5911701663569024, 4.333333333333333, 3.8765677832043357, 3.5978388574871505, 3.5, 3.5978388574871505, 3.745367509040705, 3.9510898637098992, 4.206476488041321, 4.503085362035432, 4.264926978266684, 2.9442151378215855, 3.2018332422396876, 3.5121317521477526, 2.8674417556808756, 2.477678124553084, 2.333333333333333, 2.477678124553084, 2.2000631304073472, 2.534484387624258, 2.9166666666666665, 2.397346675085115, 2.034425935955617, 1.4337208778404373, 1.166666666666666, 1.4337208778404371, 1.5948049340837194, 2.0314369572081508, 2.4920010923842795, 1.666666666666667, 0.8333333333333335, 0.0, 0.833333333333333, 1.333333333333333, 1.833333333333333, 2.333333333333333, 1.6672392385193435], [8.860022573334675, 7.997009635461897, 6.75, 4.512696286478408, 4.716990566028302, 4.301162633521313, 3.8765677832043357, 3.5978388574871505, 3.5, 3.5355339059327378, 3.640054944640259, 3.8078865529319543, 4.031128874149275, 3.827669791761194, 2.6721947908039936, 2.809025631780529, 3.023346655611956, 3.419714088113865, 2.867441755680875, 2.477678124553084, 2.333333333333333, 1.8200274723201295, 2.0155644370746373, 2.3048861143232218, 1.7235701124231202, 2.7588242262078078, 2.0344259359556167, 1.4337208778404371, 1.166666666666666, 1.0077822185373186, 1.3287682265918312, 1.7365554986812255, 2.5, 1.6666666666666665, 0.833333333333333, 0.0, 0.5, 1.0, 1.5, 1.5892338791667746], [9.013878188659973, 7.782306816045414, 6.768493185340442, 4.538991628896543, 5.0, 4.6097722286464435, 4.1163630117428225, 3.745367509040705, 3.5355339059327378, 3.5, 3.5355339059327378, 3.640054944640259, 3.8078865529319543, 3.6324365162128256, 2.625, 2.6721947908039936, 2.809025631780529, 3.8005847503304597, 3.184162195757133, 2.6874192494328493, 2.3863035105460586, 1.75, 1.8200274723201295, 2.0155644370746373, 1.404070621529725, 3.2188679859713276, 2.4608038433722332, 1.7716909687891076, 1.2692955176439842, 0.875, 1.0077822185373186, 1.3287682265918312, 3.0, 2.1666666666666665, 1.333333333333333, 0.5, 0.0, 0.5, 1.0, 1.7435359405237074], [9.192388155425117, 7.594500355419268, 6.823672031978091, 4.619573815882777, 5.315072906367325, 4.949747468305833, 4.400126260814695, 3.9510898637098992, 3.640054944640259, 3.5355339059327378, 3.5, 3.5355339059327378, 3.640054944640259, 3.498304454142257, 2.6721947908039936, 2.625, 2.6721947908039936, 4.206476488041321, 3.543381937578216, 2.967415635794142, 2.5385910352879693, 1.8200274723201295, 1.75, 1.8200274723201295, 1.213315576446412, 3.689323936863109, 2.91070819942883, 2.173067468400882, 1.5365907428821475, 1.0077822185373186, 0.875, 1.0077822185373186, 3.5, 2.6666666666666665, 1.833333333333333, 1.0, 0.5, 0.0, 0.5, 2.013497163917621], [9.394147114027968, 7.435628548943248, 6.914658342969665, 4.751681752136462, 5.656854249492381, 5.315072906367325, 4.719934086168766, 4.206476488041321, 3.8078865529319543, 3.640054944640259, 3.5355339059327378, 3.5, 3.5355339059327378, 3.432444182128348, 2.809025631780529, 2.6721947908039936, 2.625, 4.630814663149935, 3.933474573735315, 3.299831645537221, 2.7738861628488727, 2.0155644370746373, 1.8200274723201295, 1.75, 1.2136124034683025, 4.166666666666667, 3.374742788552764, 2.608745973749754, 1.9002923751652296, 1.3287682265918312, 1.0077822185373186, 0.875, 4.0, 3.1666666666666665, 2.333333333333333, 1.5, 1.0, 0.5, 0.0, 2.3597508517448866], [10.312384415589733, 9.524774545963595, 8.321307152131585, 6.086062802029874, 5.999273295154019, 5.538426655494055, 5.257601134047942, 5.098966408997634, 5.073996066644035, 5.124420878257909, 5.222446035214913, 5.365463245977777, 5.549995414155294, 5.3681611451987745, 4.26120539250558, 4.378598480144651, 4.548227995992666, 4.495778428205987, 4.144903321185842, 3.9417397551489173, 3.9093848546228296, 3.404012846143757, 3.5498671397558157, 3.757101271342649, 3.142973728979247, 3.5315860112674207, 3.07250705799594, 2.792380414051583, 2.746518891435448, 2.5589031861922416, 2.7499525031373215, 3.012721696857782, 2.730274355565646, 2.102997366406943, 1.6672392385193435, 1.5892338791667746, 1.7435359405237074, 2.013497163917621, 2.3597508517448866, 0.0]];