totalHoles = 40;
zeroHoleID = 20;
C = [[0.0, 5.0, 0.4159034790397534, 7.68315442297045, 4.100304866714182, 5.55090082779363, 7.979517027470163, 4.5, 4.743416490252569, 5.408326913195984, 6.363961030678928, 5.083333333333333, 5.300026205385948, 5.902565355654927, 6.788982087012586, 5.666666666666666, 5.8618351316896575, 6.411794687223781, 7.236097782030803, 6.25, 6.427480066091221, 6.932712311931024, 7.7014609003746815, 6.833333333333333, 6.996030620605119, 7.4628710590793705, 8.181958472422385, 7.416666666666667, 7.566831863101258, 8.000434016004661, 8.675076048337816, 8.675642727904242, 7.5, 9.013878188659973, 8.0, 8.139410298049853, 8.54400374531753, 9.17877987534291, 9.433981132056603, 13.592866091114743], [5.0, 0.0, 4.587960180097429, 3.55816949352008, 4.100304866714182, 3.2882366094914763, 4.1652641361105305, 6.726812023536855, 5.70087712549569, 4.924428900898052, 4.527692569068709, 7.130236866877409, 6.171732153761841, 5.462625538857462, 5.1078643069073175, 7.557189365836423, 6.660413734229362, 6.009252125773315, 5.688682721958671, 8.00390529679106, 7.163274390947201, 6.562202374203344, 6.269968101992227, 8.467257197253693, 7.677528537520681, 7.120003121097943, 6.851601597031489, 8.944660107821004, 8.201033132748853, 7.68159777939749, 7.433501492866228, 7.437541670984529, 9.013878188659973, 7.5, 9.433981132056603, 8.73212459828649, 8.246211251235321, 8.0156097709407, 8.0, 12.337728191578174], [0.4159034790397534, 4.587960180097429, 0.0, 7.280764323618255, 3.8172666977073657, 5.188649747818657, 7.587871840416725, 4.464905426113019, 4.576931432435728, 5.144047259726804, 6.03938267403114, 5.046033239245862, 5.1454224631859695, 5.655819409930222, 6.480834365328906, 5.627617434987052, 5.716904657911913, 6.180284762107617, 6.943258645176938, 6.209529780355512, 6.290562849714376, 6.7144695873383275, 7.422736874790592, 6.791685928194062, 6.8658516311025775, 7.256227635169572, 7.916170814635273, 7.374028136432087, 7.442392883339118, 7.8039818492268065, 8.421107621693604, 8.42191356779276, 7.457232527618466, 8.745668635459106, 7.956515551553359, 8.019916495525072, 8.356553205016995, 8.935597480939062, 9.17510450253253, 13.373805358372064], [7.68315442297045, 3.55816949352008, 7.280764323618255, 0.0, 4.6546873347876705, 2.667957549811349, 0.7331496058737561, 7.3264188521913285, 5.8749745254738315, 4.455809483381043, 3.113382506119415, 7.4798125494584395, 6.065188228922326, 4.703766653383211, 3.4589497259575586, 7.674590145921994, 6.303827915251569, 5.007709941912262, 3.8621330038657242, 7.907694202249196, 6.585631334466538, 5.358120244146214, 4.306781283969672, 8.17584716345919, 6.905316018652995, 5.746503440761836, 4.7813402171263215, 8.47572307474456, 7.257878072617323, 6.165687844369135, 5.277747537673934, 5.283471728990635, 8.520961256695196, 5.122156674244468, 8.804080985249204, 7.6387665543625936, 6.6098159542660895, 5.790386811474041, 5.5804614730533855, 9.570056460224095], [4.100304866714182, 4.100304866714182, 3.8172666977073657, 4.6546873347876705, 0.0, 2.0, 4.643929630935908, 2.7950849718747373, 1.6007810593582121, 1.346291201783626, 2.358495283014151, 3.100179206289712, 2.0883273476902775, 1.9002923751652296, 2.7131367660166177, 3.4771076741708438, 2.6153924710792023, 2.4678488158268075, 3.1369217041197848, 3.905124837953327, 3.1622776601683795, 3.0413812651491097, 3.605551275463989, 4.369242242972776, 3.720252380924952, 3.6180488910154014, 4.103690750748377, 4.859126579037751, 4.28498671072748, 4.196559437338058, 4.621808207954016, 4.6229816356184195, 4.930770730829005, 4.930770730829005, 5.367727638395972, 4.8541219597369, 4.7762432936357, 5.153882032022076, 5.367727638395972, 9.63120945422282], [5.55090082779363, 3.2882366094914763, 5.188649747818657, 2.667957549811349, 2.0, 0.0, 2.6526921701994475, 4.670385423067351, 3.25, 1.9525624189766635, 1.25, 4.85912657903775, 3.515837184954831, 2.3687784005919825, 1.833333333333333, 5.1078643069073175, 3.852308110442073, 2.844341360979335, 2.416666666666666, 5.408326913195984, 4.242640687119285, 3.3541019662496847, 3.0, 5.752414951807438, 4.6733582976033174, 3.884620673602221, 3.583333333333333, 6.132789830991366, 5.134307266916455, 4.428443418528808, 4.166666666666667, 4.170378753713216, 6.189709201569974, 4.2793106921559225, 6.5431261641512, 5.618051263561058, 4.981214711292819, 4.75, 4.7762432936357, 9.151044033028437], [7.979517027470163, 4.1652641361105305, 7.587871840416725, 0.7331496058737561, 4.643929630935908, 2.6526921701994475, 0.0, 7.191664103787367, 5.707280664315403, 4.233919293141187, 2.7891024686084718, 7.289436984231115, 5.830000990277884, 4.3979462873261435, 3.0323178503861548, 7.431844055683932, 6.007106297342282, 4.630156160123976, 3.3602627972673065, 7.616382090237355, 6.233963116994922, 4.920906028732691, 3.750778071704917, 7.8400766435365705, 6.505368688713373, 5.260498244050373, 4.186390064867553, 8.099684127428828, 6.816003445105292, 5.640117282756798, 4.654454099335026, 4.660355315137474, 8.139508153140998, 4.464115400270372, 8.391872240881229, 7.160763905257429, 6.052235926201352, 5.146122783802096, 4.909200855450433, 8.844511094190613], [4.5, 6.726812023536855, 4.464905426113019, 7.3264188521913285, 2.7950849718747373, 4.670385423067351, 7.191664103787367, 0.0, 1.5, 3.0, 4.5, 0.583333333333333, 1.6094339929856638, 3.056186803482041, 4.53765113002066, 1.166666666666666, 1.9002923751652296, 3.2188679859713276, 4.648775226993784, 1.75, 2.3048861143232218, 3.473110997362451, 4.828301978956992, 2.333333333333333, 2.7738861628488727, 3.8005847503304597, 5.068968775248516, 2.916666666666667, 3.279778109025738, 4.184130070211064, 5.36255018106539, 5.360354018583257, 3.0, 5.830951894845301, 3.5, 3.8078865529319543, 4.6097722286464435, 5.70087712549569, 6.103277807866851, 9.704862864487222], [4.743416490252569, 5.70087712549569, 4.576931432435728, 5.8749745254738315, 1.6007810593582121, 3.25, 5.707280664315403, 1.5, 0.0, 1.5, 3.0, 1.6094339929856638, 0.583333333333333, 1.6094339929856638, 3.056186803482041, 1.9002923751652296, 1.166666666666666, 1.9002923751652296, 3.2188679859713276, 2.3048861143232218, 1.75, 2.3048861143232218, 3.473110997362451, 2.7738861628488727, 2.333333333333333, 2.7738861628488727, 3.8005847503304597, 3.279778109025738, 2.916666666666667, 3.279778109025738, 4.184130070211064, 4.183117260388447, 3.3541019662496847, 4.6097722286464435, 3.8078865529319543, 3.5, 3.8078865529319543, 4.6097722286464435, 4.949747468305833, 8.897776223640877], [5.408326913195984, 4.924428900898052, 5.144047259726804, 4.455809483381043, 1.346291201783626, 1.9525624189766635, 4.233919293141187, 3.0, 1.5, 0.0, 1.5, 3.056186803482041, 1.6094339929856638, 0.583333333333333, 1.6094339929856638, 3.2188679859713276, 1.9002923751652296, 1.166666666666666, 1.9002923751652296, 3.473110997362451, 2.3048861143232218, 1.75, 2.3048861143232218, 3.8005847503304597, 2.7738861628488727, 2.333333333333333, 2.7738861628488727, 4.184130070211064, 3.279778109025738, 2.916666666666667, 3.279778109025738, 3.280784178177197, 4.242640687119285, 3.605551275463989, 4.6097722286464435, 3.8078865529319543, 3.5, 3.8078865529319543, 4.031128874149275, 8.285920602653313], [6.363961030678928, 4.527692569068709, 6.03938267403114, 3.113382506119415, 2.358495283014151, 1.25, 2.7891024686084718, 4.5, 3.0, 1.5, 0.0, 4.53765113002066, 3.056186803482041, 1.6094339929856638, 0.583333333333333, 4.648775226993784, 3.2188679859713276, 1.9002923751652296, 1.166666666666666, 4.828301978956992, 3.473110997362451, 2.3048861143232218, 1.75, 5.068968775248516, 3.8005847503304597, 2.7738861628488727, 2.333333333333333, 5.36255018106539, 4.184130070211064, 3.279778109025738, 2.916666666666667, 2.920380049479161, 5.408326913195984, 3.0413812651491097, 5.70087712549569, 4.6097722286464435, 3.8078865529319543, 3.5, 3.5355339059327378, 7.914703957884994], [5.083333333333333, 7.130236866877409, 5.046033239245862, 7.4798125494584395, 3.100179206289712, 4.85912657903775, 7.289436984231115, 0.583333333333333, 1.6094339929856638, 3.056186803482041, 4.53765113002066, 0.0, 1.5, 3.0, 4.5, 0.583333333333333, 1.6094339929856638, 3.056186803482041, 4.53765113002066, 1.166666666666667, 1.90029237516523, 3.218867985971328, 4.648775226993784, 1.75, 2.3048861143232218, 3.473110997362451, 4.828301978956992, 2.333333333333334, 2.7738861628488736, 3.80058475033046, 5.068968775248517, 5.066218310354742, 2.416666666666667, 5.553402360515379, 2.916666666666667, 3.279778109025738, 4.184130070211064, 5.36255018106539, 5.7885183289374185, 9.241621927886753], [5.300026205385948, 6.171732153761841, 5.1454224631859695, 6.065188228922326, 2.0883273476902775, 3.515837184954831, 5.830000990277884, 1.6094339929856638, 0.583333333333333, 1.6094339929856638, 3.056186803482041, 1.5, 0.0, 1.5, 3.0, 1.6094339929856638, 0.583333333333333, 1.6094339929856638, 3.056186803482041, 1.90029237516523, 1.166666666666667, 1.90029237516523, 3.218867985971328, 2.3048861143232218, 1.75, 2.3048861143232218, 3.473110997362451, 2.7738861628488736, 2.333333333333334, 2.7738861628488736, 3.80058475033046, 3.7989002063481134, 2.8443413609793353, 4.2532667183916155, 3.279778109025738, 2.916666666666667, 3.279778109025738, 4.184130070211064, 4.555978977612216, 8.390091439637771], [5.902565355654927, 5.462625538857462, 5.655819409930222, 4.703766653383211, 1.9002923751652296, 2.3687784005919825, 4.3979462873261435, 3.056186803482041, 1.6094339929856638, 0.583333333333333, 1.6094339929856638, 3.0, 1.5, 0.0, 1.5, 3.056186803482041, 1.6094339929856638, 0.583333333333333, 1.6094339929856638, 3.218867985971328, 1.90029237516523, 1.166666666666667, 1.90029237516523, 3.473110997362451, 2.3048861143232218, 1.75, 2.3048861143232218, 3.80058475033046, 2.7738861628488736, 2.333333333333334, 2.7738861628488736, 2.7742958723628988, 3.8523081104420736, 3.136921704119785, 4.184130070211064, 3.279778109025738, 2.916666666666667, 3.279778109025738, 3.536515862320491, 7.738197004016425], [6.788982087012586, 5.1078643069073175, 6.480834365328906, 3.4589497259575586, 2.7131367660166177, 1.833333333333333, 3.0323178503861548, 4.53765113002066, 3.056186803482041, 1.6094339929856638, 0.583333333333333, 4.5, 3.0, 1.5, 0.0, 4.53765113002066, 3.056186803482041, 1.6094339929856638, 0.583333333333333, 4.648775226993784, 3.218867985971328, 1.90029237516523, 1.166666666666667, 4.828301978956992, 3.473110997362451, 2.3048861143232218, 1.75, 5.068968775248517, 3.80058475033046, 2.7738861628488736, 2.333333333333334, 2.3370477951954465, 5.107864306907318, 2.4678488158268084, 5.36255018106539, 4.184130070211064, 3.279778109025738, 2.916666666666667, 2.9592134840941178, 7.33932908244715], [5.666666666666666, 7.557189365836423, 5.627617434987052, 7.674590145921994, 3.4771076741708438, 5.1078643069073175, 7.431844055683932, 1.166666666666666, 1.9002923751652296, 3.2188679859713276, 4.648775226993784, 0.583333333333333, 1.6094339929856638, 3.056186803482041, 4.53765113002066, 0.0, 1.5, 3.0, 4.5, 0.5833333333333339, 1.609433992985664, 3.0561868034820416, 4.53765113002066, 1.166666666666667, 1.90029237516523, 3.218867985971328, 4.648775226993784, 1.7500000000000009, 2.3048861143232227, 3.4731109973624514, 4.828301978956992, 4.824965936393873, 1.833333333333334, 5.325515102890153, 2.333333333333334, 2.7738861628488736, 3.80058475033046, 5.068968775248517, 5.517648452415616, 8.792686964349803], [5.8618351316896575, 6.660413734229362, 5.716904657911913, 6.303827915251569, 2.6153924710792023, 3.852308110442073, 6.007106297342282, 1.9002923751652296, 1.166666666666666, 1.9002923751652296, 3.2188679859713276, 1.6094339929856638, 0.583333333333333, 1.6094339929856638, 3.056186803482041, 1.5, 0.0, 1.5, 3.0, 1.609433992985664, 0.5833333333333339, 1.609433992985664, 3.0561868034820416, 1.90029237516523, 1.166666666666667, 1.90029237516523, 3.218867985971328, 2.3048861143232227, 1.7500000000000009, 2.3048861143232227, 3.4731109973624514, 3.470644190489611, 2.368778400591983, 3.9510898637098997, 2.7738861628488736, 2.333333333333334, 2.7738861628488736, 3.80058475033046, 4.2064764880413215, 7.892870362582469], [6.411794687223781, 6.009252125773315, 6.180284762107617, 5.007709941912262, 2.4678488158268075, 2.844341360979335, 4.630156160123976, 3.2188679859713276, 1.9002923751652296, 1.166666666666666, 1.9002923751652296, 3.056186803482041, 1.6094339929856638, 0.583333333333333, 1.6094339929856638, 3.0, 1.5, 0.0, 1.5, 3.0561868034820416, 1.609433992985664, 0.5833333333333339, 1.609433992985664, 3.218867985971328, 1.90029237516523, 1.166666666666667, 1.90029237516523, 3.4731109973624514, 2.3048861143232227, 1.7500000000000009, 2.3048861143232227, 2.304440475819969, 3.5158371849548313, 2.713136766016618, 3.80058475033046, 2.7738861628488736, 2.333333333333334, 2.7738861628488736, 3.0731814857642963, 7.196072614142972], [7.236097782030803, 5.688682721958671, 6.943258645176938, 3.8621330038657242, 3.1369217041197848, 2.416666666666666, 3.3602627972673065, 4.648775226993784, 3.2188679859713276, 1.9002923751652296, 1.166666666666666, 4.53765113002066, 3.056186803482041, 1.6094339929856638, 0.583333333333333, 4.5, 3.0, 1.5, 0.0, 4.53765113002066, 3.0561868034820416, 1.609433992985664, 0.5833333333333339, 4.648775226993784, 3.218867985971328, 1.90029237516523, 1.166666666666667, 4.828301978956992, 3.4731109973624514, 2.3048861143232227, 1.7500000000000009, 1.7537162587532347, 4.859126579037751, 1.9002923751652305, 5.068968775248517, 3.80058475033046, 2.7738861628488736, 2.333333333333334, 2.3863035105460595, 6.765317403899407], [6.25, 8.00390529679106, 6.209529780355512, 7.907694202249196, 3.905124837953327, 5.408326913195984, 7.616382090237355, 1.75, 2.3048861143232218, 3.473110997362451, 4.828301978956992, 1.166666666666667, 1.90029237516523, 3.218867985971328, 4.648775226993784, 0.5833333333333339, 1.609433992985664, 3.0561868034820416, 4.53765113002066, 0.0, 1.5, 3.0, 4.5, 0.583333333333333, 1.6094339929856638, 3.056186803482041, 4.53765113002066, 1.166666666666667, 1.90029237516523, 3.218867985971328, 4.648775226993784, 4.644844471250281, 1.25, 5.153882032022076, 1.75, 2.3048861143232218, 3.473110997362451, 4.828301978956992, 5.297405025104273, 8.36036289904046], [6.427480066091221, 7.163274390947201, 6.290562849714376, 6.585631334466538, 3.1622776601683795, 4.242640687119285, 6.233963116994922, 2.3048861143232218, 1.75, 2.3048861143232218, 3.473110997362451, 1.90029237516523, 1.166666666666667, 1.90029237516523, 3.218867985971328, 1.609433992985664, 0.5833333333333339, 1.609433992985664, 3.0561868034820416, 1.5, 0.0, 1.5, 3.0, 1.6094339929856638, 0.583333333333333, 1.6094339929856638, 3.056186803482041, 1.90029237516523, 1.166666666666667, 1.90029237516523, 3.218867985971328, 3.2155333883700203, 1.9525624189766635, 3.7165171868296265, 2.3048861143232218, 1.75, 2.3048861143232218, 3.473110997362451, 3.913118960624632, 7.408220185114502], [6.932712311931024, 6.562202374203344, 6.7144695873383275, 5.358120244146214, 3.0413812651491097, 3.3541019662496847, 4.920906028732691, 3.473110997362451, 2.3048861143232218, 1.75, 2.3048861143232218, 3.218867985971328, 1.90029237516523, 1.166666666666667, 1.90029237516523, 3.0561868034820416, 1.609433992985664, 0.5833333333333339, 1.609433992985664, 3.0, 1.5, 0.0, 1.5, 3.056186803482041, 1.6094339929856638, 0.583333333333333, 1.6094339929856638, 3.218867985971328, 1.90029237516523, 1.166666666666667, 1.90029237516523, 1.8986125938011846, 3.25, 2.358495283014151, 3.473110997362451, 2.3048861143232218, 1.75, 2.3048861143232218, 2.6575364531836625, 6.660914713357595], [7.7014609003746815, 6.269968101992227, 7.422736874790592, 4.306781283969672, 3.605551275463989, 3.0, 3.750778071704917, 4.828301978956992, 3.473110997362451, 2.3048861143232218, 1.75, 4.648775226993784, 3.218867985971328, 1.90029237516523, 1.166666666666667, 4.53765113002066, 3.0561868034820416, 1.609433992985664, 0.5833333333333339, 4.5, 3.0, 1.5, 0.0, 4.53765113002066, 3.056186803482041, 1.6094339929856638, 0.583333333333333, 4.648775226993784, 3.218867985971328, 1.90029237516523, 1.166666666666667, 1.1703865134896851, 4.670385423067351, 1.346291201783626, 4.828301978956992, 3.473110997362451, 2.3048861143232218, 1.75, 1.8200274723201295, 6.193047983514211], [6.833333333333333, 8.467257197253693, 6.791685928194062, 8.17584716345919, 4.369242242972776, 5.752414951807438, 7.8400766435365705, 2.333333333333333, 2.7738861628488727, 3.8005847503304597, 5.068968775248516, 1.75, 2.3048861143232218, 3.473110997362451, 4.828301978956992, 1.166666666666667, 1.90029237516523, 3.218867985971328, 4.648775226993784, 0.583333333333333, 1.6094339929856638, 3.056186803482041, 4.53765113002066, 0.0, 1.5, 3.0, 4.5, 0.5833333333333339, 1.609433992985664, 3.0561868034820416, 4.53765113002066, 4.533146764930843, 0.666666666666667, 5.044248650140519, 1.166666666666667, 1.90029237516523, 3.218867985971328, 4.648775226993784, 5.134307266916454, 7.947361015444875], [6.996030620605119, 7.677528537520681, 6.8658516311025775, 6.905316018652995, 3.720252380924952, 4.6733582976033174, 6.505368688713373, 2.7738861628488727, 2.333333333333333, 2.7738861628488727, 3.8005847503304597, 2.3048861143232218, 1.75, 2.3048861143232218, 3.473110997362451, 1.90029237516523, 1.166666666666667, 1.90029237516523, 3.218867985971328, 1.6094339929856638, 0.583333333333333, 1.6094339929856638, 3.056186803482041, 1.5, 0.0, 1.5, 3.0, 1.609433992985664, 0.5833333333333339, 1.609433992985664, 3.0561868034820416, 3.0519656619990077, 1.6414763002993509, 3.5629263877386586, 1.90029237516523, 1.166666666666667, 1.90029237516523, 3.218867985971328, 3.689323936863109, 6.938775512819157], [7.4628710590793705, 7.120003121097943, 7.256227635169572, 5.746503440761836, 3.6180488910154014, 3.884620673602221, 5.260498244050373, 3.8005847503304597, 2.7738861628488727, 2.333333333333333, 2.7738861628488727, 3.473110997362451, 2.3048861143232218, 1.75, 2.3048861143232218, 3.218867985971328, 1.90029237516523, 1.166666666666667, 1.90029237516523, 3.056186803482041, 1.6094339929856638, 0.583333333333333, 1.6094339929856638, 3.0, 1.5, 0.0, 1.5, 3.0561868034820416, 1.609433992985664, 0.5833333333333339, 1.609433992985664, 1.6061037362633583, 3.073181485764296, 2.1081851067789197, 3.218867985971328, 1.90029237516523, 1.166666666666667, 1.90029237516523, 2.3154073315749675, 6.134546774194854], [8.181958472422385, 6.851601597031489, 7.916170814635273, 4.7813402171263215, 4.103690750748377, 3.583333333333333, 4.186390064867553, 5.068968775248516, 3.8005847503304597, 2.7738861628488727, 2.333333333333333, 4.828301978956992, 3.473110997362451, 2.3048861143232218, 1.75, 4.648775226993784, 3.218867985971328, 1.90029237516523, 1.166666666666667, 4.53765113002066, 3.056186803482041, 1.6094339929856638, 0.583333333333333, 4.5, 3.0, 1.5, 0.0, 4.53765113002066, 3.0561868034820416, 1.609433992985664, 0.5833333333333339, 0.5870638987854709, 4.549114687985393, 0.8333333333333336, 4.648775226993784, 3.218867985971328, 1.90029237516523, 1.166666666666667, 1.269295517643985, 5.623052785833532], [7.416666666666667, 8.944660107821004, 7.374028136432087, 8.47572307474456, 4.859126579037751, 6.132789830991366, 8.099684127428828, 2.916666666666667, 3.279778109025738, 4.184130070211064, 5.36255018106539, 2.333333333333334, 2.7738861628488736, 3.80058475033046, 5.068968775248517, 1.7500000000000009, 2.3048861143232227, 3.4731109973624514, 4.828301978956992, 1.166666666666667, 1.90029237516523, 3.218867985971328, 4.648775226993784, 0.5833333333333339, 1.609433992985664, 3.0561868034820416, 4.53765113002066, 0.0, 1.5, 3.0, 4.5, 4.494976593738523, 0.08333333333333304, 5.000694396225833, 0.583333333333333, 1.6094339929856638, 3.056186803482041, 4.53765113002066, 5.033912770179652, 7.556850003244033], [7.566831863101258, 8.201033132748853, 7.442392883339118, 7.257878072617323, 4.28498671072748, 5.134307266916455, 6.816003445105292, 3.279778109025738, 2.916666666666667, 3.279778109025738, 4.184130070211064, 2.7738861628488736, 2.333333333333334, 2.7738861628488736, 3.80058475033046, 2.3048861143232227, 1.7500000000000009, 2.3048861143232227, 3.4731109973624514, 1.90029237516523, 1.166666666666667, 1.90029237516523, 3.218867985971328, 1.609433992985664, 0.5833333333333339, 1.609433992985664, 3.0561868034820416, 1.5, 0.0, 1.5, 3.0, 2.9949773601607164, 1.5023130314433288, 3.500991922933334, 1.6094339929856638, 0.583333333333333, 1.6094339929856638, 3.056186803482041, 3.5482781426739614, 6.487837889390818], [8.000434016004661, 7.68159777939749, 7.8039818492268065, 6.165687844369135, 4.196559437338058, 4.428443418528808, 5.640117282756798, 4.184130070211064, 3.279778109025738, 2.916666666666667, 3.279778109025738, 3.80058475033046, 2.7738861628488736, 2.333333333333334, 2.7738861628488736, 3.4731109973624514, 2.3048861143232227, 1.7500000000000009, 2.3048861143232227, 3.218867985971328, 1.90029237516523, 1.166666666666667, 1.90029237516523, 3.0561868034820416, 1.609433992985664, 0.5833333333333339, 1.609433992985664, 3.0, 1.5, 0.0, 1.5, 1.4949796645751843, 3.0011571842281843, 2.0017353582440522, 3.056186803482041, 1.6094339929856638, 0.583333333333333, 1.6094339929856638, 2.0833333333333335, 5.619439383648589], [8.675076048337816, 7.433501492866228, 8.421107621693604, 5.277747537673934, 4.621808207954016, 4.166666666666667, 4.654454099335026, 5.36255018106539, 4.184130070211064, 3.279778109025738, 2.916666666666667, 5.068968775248517, 3.80058475033046, 2.7738861628488736, 2.333333333333334, 4.828301978956992, 3.4731109973624514, 2.3048861143232227, 1.7500000000000009, 4.648775226993784, 3.218867985971328, 1.90029237516523, 1.166666666666667, 4.53765113002066, 3.0561868034820416, 1.609433992985664, 0.5833333333333339, 4.5, 3.0, 1.5, 0.0, 0.00624556734085989, 4.500771538796926, 0.5068968775248516, 4.53765113002066, 3.056186803482041, 1.6094339929856638, 0.583333333333333, 0.7682953714410737, 5.056101016987951], [8.675642727904242, 7.437541670984529, 8.42191356779276, 5.283471728990635, 4.6229816356184195, 4.170378753713216, 4.660355315137474, 5.360354018583257, 4.183117260388447, 3.280784178177197, 2.920380049479161, 5.066218310354742, 3.7989002063481134, 2.7742958723628988, 2.3370477951954465, 4.824965936393873, 3.470644190489611, 2.304440475819969, 1.7537162587532347, 4.644844471250281, 3.2155333883700203, 1.8986125938011846, 1.1703865134896851, 4.533146764930843, 3.0519656619990077, 1.6061037362633583, 0.5870638987854709, 4.494976593738523, 2.9949773601607164, 1.4949796645751843, 0.00624556734085989, 0.0, 4.495680242863989, 0.5112633484528416, 4.532192087684164, 3.0505474802541626, 1.6034072280313252, 0.579646054520495, 0.7687746646843509, 5.053758194543668], [7.5, 9.013878188659973, 7.457232527618466, 8.520961256695196, 4.930770730829005, 6.189709201569974, 8.139508153140998, 3.0, 3.3541019662496847, 4.242640687119285, 5.408326913195984, 2.416666666666667, 2.8443413609793353, 3.8523081104420736, 5.107864306907318, 1.833333333333334, 2.368778400591983, 3.5158371849548313, 4.859126579037751, 1.25, 1.9525624189766635, 3.25, 4.670385423067351, 0.666666666666667, 1.6414763002993509, 3.073181485764296, 4.549114687985393, 0.08333333333333304, 1.5023130314433288, 3.0011571842281843, 4.500771538796926, 4.495680242863989, 0.0, 5.0, 0.5, 1.5811388300841898, 3.0413812651491097, 4.527692569068709, 5.024937810560445, 7.503106000196667], [9.013878188659973, 7.5, 8.745668635459106, 5.122156674244468, 4.930770730829005, 4.2793106921559225, 4.464115400270372, 5.830951894845301, 4.6097722286464435, 3.605551275463989, 3.0413812651491097, 5.553402360515379, 4.2532667183916155, 3.136921704119785, 2.4678488158268084, 5.325515102890153, 3.9510898637098997, 2.713136766016618, 1.9002923751652305, 5.153882032022076, 3.7165171868296265, 2.358495283014151, 1.346291201783626, 5.044248650140519, 3.5629263877386586, 2.1081851067789197, 0.8333333333333336, 5.000694396225833, 3.500991922933334, 2.0017353582440522, 0.5068968775248516, 0.5112633484528416, 5.0, 0.0, 5.024937810560445, 3.5355339059327378, 2.0615528128088303, 0.7071067811865476, 0.5, 4.87341030577901], [8.0, 9.433981132056603, 7.956515551553359, 8.804080985249204, 5.367727638395972, 6.5431261641512, 8.391872240881229, 3.5, 3.8078865529319543, 4.6097722286464435, 5.70087712549569, 2.916666666666667, 3.279778109025738, 4.184130070211064, 5.36255018106539, 2.333333333333334, 2.7738861628488736, 3.80058475033046, 5.068968775248517, 1.75, 2.3048861143232218, 3.473110997362451, 4.828301978956992, 1.166666666666667, 1.90029237516523, 3.218867985971328, 4.648775226993784, 0.583333333333333, 1.6094339929856638, 3.056186803482041, 4.53765113002066, 4.532192087684164, 0.5, 5.024937810560445, 0.0, 1.5, 3.0, 4.5, 5.0, 7.1924941702306056], [8.139410298049853, 8.73212459828649, 8.019916495525072, 7.6387665543625936, 4.8541219597369, 5.618051263561058, 7.160763905257429, 3.8078865529319543, 3.5, 3.8078865529319543, 4.6097722286464435, 3.279778109025738, 2.916666666666667, 3.279778109025738, 4.184130070211064, 2.7738861628488736, 2.333333333333334, 2.7738861628488736, 3.80058475033046, 2.3048861143232218, 1.75, 2.3048861143232218, 3.473110997362451, 1.90029237516523, 1.166666666666667, 1.90029237516523, 3.218867985971328, 1.6094339929856638, 0.583333333333333, 1.6094339929856638, 3.056186803482041, 3.0505474802541626, 1.5811388300841898, 3.5355339059327378, 1.5, 0.0, 1.5, 3.0, 3.5, 6.059540485572071], [8.54400374531753, 8.246211251235321, 8.356553205016995, 6.6098159542660895, 4.7762432936357, 4.981214711292819, 6.052235926201352, 4.6097722286464435, 3.8078865529319543, 3.5, 3.8078865529319543, 4.184130070211064, 3.279778109025738, 2.916666666666667, 3.279778109025738, 3.80058475033046, 2.7738861628488736, 2.333333333333334, 2.7738861628488736, 3.473110997362451, 2.3048861143232218, 1.75, 2.3048861143232218, 3.218867985971328, 1.90029237516523, 1.166666666666667, 1.90029237516523, 3.056186803482041, 1.6094339929856638, 0.583333333333333, 1.6094339929856638, 1.6034072280313252, 3.0413812651491097, 2.0615528128088303, 3.0, 1.5, 0.0, 1.5, 2.0, 5.1189930068103], [9.17877987534291, 8.0156097709407, 8.935597480939062, 5.790386811474041, 5.153882032022076, 4.75, 5.146122783802096, 5.70087712549569, 4.6097722286464435, 3.8078865529319543, 3.5, 5.36255018106539, 4.184130070211064, 3.279778109025738, 2.916666666666667, 5.068968775248517, 3.80058475033046, 2.7738861628488736, 2.333333333333334, 4.828301978956992, 3.473110997362451, 2.3048861143232218, 1.75, 4.648775226993784, 3.218867985971328, 1.90029237516523, 1.166666666666667, 4.53765113002066, 3.056186803482041, 1.6094339929856638, 0.583333333333333, 0.579646054520495, 4.527692569068709, 0.7071067811865476, 4.5, 3.0, 1.5, 0.0, 0.5, 4.4933448466881], [9.433981132056603, 8.0, 9.17510450253253, 5.5804614730533855, 5.367727638395972, 4.7762432936357, 4.909200855450433, 6.103277807866851, 4.949747468305833, 4.031128874149275, 3.5355339059327378, 5.7885183289374185, 4.555978977612216, 3.536515862320491, 2.9592134840941178, 5.517648452415616, 4.2064764880413215, 3.0731814857642963, 2.3863035105460595, 5.297405025104273, 3.913118960624632, 2.6575364531836625, 1.8200274723201295, 5.134307266916454, 3.689323936863109, 2.3154073315749675, 1.269295517643985, 5.033912770179652, 3.5482781426739614, 2.0833333333333335, 0.7682953714410737, 0.7687746646843509, 5.024937810560445, 0.5, 5.0, 3.5, 2.0, 0.5, 0.0, 4.380125654257773], [13.592866091114743, 12.337728191578174, 13.373805358372064, 9.570056460224095, 9.63120945422282, 9.151044033028437, 8.844511094190613, 9.704862864487222, 8.897776223640877, 8.285920602653313, 7.914703957884994, 9.241621927886753, 8.390091439637771, 7.738197004016425, 7.33932908244715, 8.792686964349803, 7.892870362582469, 7.196072614142972, 6.765317403899407, 8.36036289904046, 7.408220185114502, 6.660914713357595, 6.193047983514211, 7.947361015444875, 6.938775512819157, 6.134546774194854, 5.623052785833532, 7.556850003244033, 6.487837889390818, 5.619439383648589, 5.056101016987951, 5.053758194543668, 7.503106000196667, 4.87341030577901, 7.1924941702306056, 6.059540485572071, 5.1189930068103, 4.4933448466881, 4.380125654257773, 0.0]];