totalHoles = 40;
zeroHoleID = 14;
C = [[0.0, 4.333333333333333, 1.6604571296946418, 2.3863035105460586, 6.576473218982953, 2.1, 4.815368913985488, 2.5, 5.002777006601211, 3.782121685568095, 7.201388754955532, 4.1163630117428225, 4.2, 6.03471439073779, 5.633333333333334, 8.324061508662703, 7.297510380812448, 6.300000000000001, 7.646422547687107, 6.75, 8.021239167222094, 7.6147517651230405, 9.774456506629923, 8.047169964928319, 10.114964162071955, 8.4, 9.451866364786257, 9.646473160924902, 11.428473213863697, 10.5, 11.359039474259157, 11.0, 11.8227652339788, 12.839058005407503, 11.702326454361305, 13.209844813622906, 12.653627965297687, 12.194033149226899, 13.647344063956181, 15.036062299654631], [4.333333333333333, 0.0, 2.7064029593953296, 2.3863035105460586, 2.386303510546059, 4.815368913985488, 2.1, 5.002777006601211, 2.5, 3.782121685568095, 3.782121685568095, 4.1163630117428225, 6.03471439073779, 4.2, 5.633333333333334, 5.633333333333334, 6.133154323911075, 7.646422547687107, 6.300000000000001, 8.021239167222094, 6.75, 7.6147517651230405, 7.6147517651230405, 8.047169964928319, 8.047169964928319, 9.451866364786257, 8.4, 9.646473160924902, 9.646473160924902, 11.359039474259157, 10.5, 11.8227652339788, 11.0, 11.552933514360033, 11.702326454361305, 11.702326454361305, 11.846833927031573, 12.194033149226899, 12.194033149226899, 13.063381498568896], [1.6604571296946418, 2.7064029593953296, 0.0, 0.9068126391924867, 4.9160539093308415, 2.4630223006012484, 3.2609780668273585, 2.77431673109633, 3.5020468905357416, 2.8864632573972844, 5.628227697344196, 3.280552485098585, 4.265658193873996, 4.771094101569827, 4.965987425478425, 6.928658455058789, 6.307110247023749, 6.256612565971276, 6.6115580538735115, 6.6919242061420094, 7.024909158118658, 7.057647772715435, 8.553108730781046, 7.506466603122593, 8.927055379050959, 8.301479493100912, 8.572167804788064, 9.153128047690606, 10.350122218325167, 10.36840984664863, 10.586379071578266, 10.862406079550594, 11.070653320203274, 11.942202667019254, 11.250293953098549, 12.243953238557127, 11.919651927887749, 11.749768385806727, 12.704421828519038, 13.938547574699513], [2.3863035105460586, 2.3863035105460586, 0.9068126391924867, 0.0, 4.333333333333334, 2.429906262481013, 2.429906262481013, 2.6352313834736494, 2.6352313834736494, 2.1, 4.8153689139854885, 2.5, 3.864510893301304, 3.864510893301304, 4.2, 6.034714390737791, 5.430956106738415, 5.725770205347439, 5.725770205347439, 6.1446679686085925, 6.1446679686085925, 6.300000000000001, 7.6464225476871075, 6.75, 8.021239167222094, 7.710670816760657, 7.710670816760657, 8.4, 9.451866364786257, 9.74394398816231, 9.74394398816231, 10.232030318780552, 10.232030318780552, 11.069734463765982, 10.5, 11.359039474259157, 11.08349558797451, 11.0, 11.8227652339788, 13.036619433283729], [6.576473218982953, 2.386303510546059, 4.9160539093308415, 4.333333333333334, 0.0, 6.592419889539804, 2.429906262481013, 6.670832032063167, 2.63523138347365, 4.8153689139854885, 2.1, 5.002777006601212, 7.244998274671983, 3.8645108933013046, 6.034714390737791, 4.2, 5.7127039319345725, 8.386894538504702, 5.725770205347439, 8.678277478854891, 6.1446679686085925, 7.6464225476871075, 6.300000000000001, 8.021239167222094, 6.75, 9.849365461794989, 7.710670816760657, 9.451866364786257, 8.4, 11.510864433221338, 9.74394398816231, 11.926860441876563, 10.232030318780552, 10.485497660915806, 11.359039474259157, 10.5, 11.03878732637471, 11.8227652339788, 11.0, 11.54556151618905], [2.1, 4.815368913985488, 2.4630223006012484, 2.429906262481013, 6.592419889539804, 0.0, 4.333333333333333, 0.3999999999999999, 4.351755712098023, 2.3863035105460586, 6.576473218982953, 2.5796209885261137, 2.1, 4.815368913985488, 3.782121685568095, 7.201388754955532, 5.652378815724046, 4.200000000000001, 6.034714390737791, 4.65, 6.356121284067648, 5.633333333333334, 8.324061508662703, 6.0511936379894875, 8.612345789620852, 6.300000000000001, 7.646422547687107, 7.6147517651230405, 9.774456506629923, 8.4, 9.451866364786257, 8.9, 9.898877601919208, 11.005199711492903, 9.646473160924902, 11.428473213863697, 10.713071774327444, 10.134320127391105, 11.843141475132347, 13.363453108936246], [4.815368913985488, 2.1, 3.2609780668273585, 2.429906262481013, 2.429906262481013, 4.333333333333333, 0.0, 4.351755712098023, 0.3999999999999999, 2.3863035105460586, 2.386303510546059, 2.5796209885261137, 4.815368913985488, 2.1, 3.782121685568095, 3.782121685568095, 4.0387263436991665, 6.034714390737791, 4.200000000000001, 6.356121284067648, 4.65, 5.633333333333334, 5.633333333333335, 6.0511936379894875, 6.0511936379894875, 7.646422547687107, 6.300000000000001, 7.6147517651230405, 7.6147517651230405, 9.451866364786257, 8.4, 9.898877601919208, 8.9, 9.473293144986501, 9.646473160924902, 9.646473160924902, 9.746952357141902, 10.134320127391105, 10.134320127391105, 11.097326060488385], [2.5, 5.002777006601211, 2.77431673109633, 2.6352313834736494, 6.670832032063167, 0.3999999999999999, 4.351755712098023, 0.0, 4.333333333333333, 2.2482091638556327, 6.527633568147036, 2.3863035105460586, 1.7000000000000002, 4.6548660322052, 3.461855635991259, 7.0384657419071095, 5.375074864944351, 3.8000000000000007, 5.763486599080264, 4.25, 6.069619244876714, 5.266350201462532, 8.080222769206305, 5.679519737129579, 8.355387483534201, 5.9, 7.320367325331276, 7.232181167838957, 9.479451460923254, 8.0, 9.098229375970787, 8.5, 9.54084785424114, 10.667027245500417, 9.257129384665877, 11.10180165558726, 10.350501410239183, 9.74394398816231, 11.510864433221338, 13.058867261006005], [5.002777006601211, 2.5, 3.5020468905357416, 2.6352313834736494, 2.63523138347365, 4.351755712098023, 0.3999999999999999, 4.333333333333333, 0.0, 2.2482091638556327, 2.248209163855633, 2.3863035105460586, 4.6548660322052, 1.7000000000000002, 3.461855635991259, 3.461855635991259, 3.640515623726976, 5.763486599080264, 3.8000000000000007, 6.069619244876714, 4.25, 5.266350201462532, 5.266350201462532, 5.679519737129579, 5.679519737129579, 7.320367325331276, 5.9, 7.232181167838957, 7.232181167838957, 9.098229375970787, 8.0, 9.54084785424114, 8.5, 9.078234001018753, 9.257129384665877, 9.257129384665877, 9.346980948620041, 9.74394398816231, 9.74394398816231, 10.728596405804039], [3.782121685568095, 3.782121685568095, 2.8864632573972844, 2.1, 4.8153689139854885, 2.3863035105460586, 2.3863035105460586, 2.2482091638556327, 2.2482091638556327, 0.0, 4.333333333333334, 0.3999999999999999, 2.429906262481013, 2.429906262481013, 2.1, 4.8153689139854885, 3.520087037517651, 3.8645108933013046, 3.8645108933013046, 4.244637139314083, 4.244637139314083, 4.200000000000001, 6.034714390737791, 4.65, 6.356121284067649, 5.725770205347439, 5.725770205347439, 6.300000000000001, 7.6464225476871075, 7.710670816760657, 7.710670816760657, 8.191730247294796, 8.191730247294796, 9.111093859790563, 8.4, 9.451866364786257, 9.038776499415071, 8.9, 9.898877601919208, 11.253983995186482], [7.201388754955532, 3.782121685568095, 5.628227697344196, 4.8153689139854885, 2.1, 6.576473218982953, 2.386303510546059, 6.527633568147036, 2.248209163855633, 4.333333333333334, 0.0, 4.351755712098024, 6.592419889539804, 2.429906262481013, 4.8153689139854885, 2.1, 3.9409027813841386, 7.244998274671983, 3.8645108933013046, 7.45469650623015, 4.244637139314083, 6.034714390737791, 4.200000000000001, 6.356121284067649, 4.65, 8.386894538504702, 5.725770205347439, 7.6464225476871075, 6.300000000000001, 9.849365461794989, 7.710670816760657, 10.230347012687302, 8.191730247294796, 8.391583367916677, 9.451866364786257, 8.4, 8.983898474195856, 9.898877601919208, 8.9, 9.486764476877672], [4.1163630117428225, 4.1163630117428225, 3.280552485098585, 2.5, 5.002777006601212, 2.5796209885261137, 2.5796209885261137, 2.3863035105460586, 2.3863035105460586, 0.3999999999999999, 4.351755712098024, 0.0, 2.276937514391742, 2.276937514391742, 1.7000000000000002, 4.6548660322052005, 3.18324618573719, 3.5404017348945653, 3.5404017348945653, 3.906013881752655, 3.906013881752655, 3.8000000000000007, 5.763486599080264, 4.25, 6.069619244876715, 5.3576528857741845, 5.3576528857741845, 5.9, 7.320367325331277, 7.327649312326869, 7.327649312326869, 7.806692285753579, 7.806692285753579, 8.745460587545862, 8.0, 9.098229375970787, 8.65230912576811, 8.5, 9.540847854241141, 10.927227045767381], [4.2, 6.03471439073779, 4.265658193873996, 3.864510893301304, 7.244998274671983, 2.1, 4.815368913985488, 1.7000000000000002, 4.6548660322052, 2.429906262481013, 6.592419889539804, 2.276937514391742, 0.0, 4.333333333333333, 2.3863035105460586, 6.576473218982953, 4.4119286933070985, 2.1000000000000005, 4.815368913985488, 2.55, 5.027949659431544, 3.782121685568095, 7.201388754955532, 4.158959538688065, 7.406247362868728, 4.2, 6.03471439073779, 5.633333333333334, 8.324061508662703, 6.3, 7.646422547687106, 6.8, 8.063360203896249, 9.284795685068596, 7.61475176512304, 9.774456506629921, 8.845649382584588, 8.095334733316742, 10.153324578678651, 11.827957918016969], [6.03471439073779, 4.2, 4.771094101569827, 3.864510893301304, 3.8645108933013046, 4.815368913985488, 2.1, 4.6548660322052, 1.7000000000000002, 2.429906262481013, 2.429906262481013, 2.276937514391742, 4.333333333333333, 0.0, 2.3863035105460586, 2.386303510546059, 1.9562819320512452, 4.815368913985488, 2.1000000000000005, 5.027949659431544, 2.55, 3.782121685568095, 3.7821216855680952, 4.158959538688065, 4.158959538688065, 6.03471439073779, 4.2, 5.633333333333334, 5.633333333333334, 7.646422547687106, 6.3, 8.063360203896249, 6.8, 7.405153154018704, 7.61475176512304, 7.61475176512304, 7.647135830500318, 8.095334733316742, 8.095334733316742, 9.190721147354932], [5.633333333333334, 5.633333333333334, 4.965987425478425, 4.2, 6.034714390737791, 3.782121685568095, 3.782121685568095, 3.461855635991259, 3.461855635991259, 2.1, 4.8153689139854885, 1.7000000000000002, 2.3863035105460586, 2.3863035105460586, 0.0, 4.333333333333334, 2.026509627433413, 2.429906262481013, 2.429906262481013, 2.664009092410242, 2.664009092410242, 2.1000000000000005, 4.8153689139854885, 2.55, 5.0279496594315445, 3.864510893301304, 3.864510893301304, 4.2, 6.034714390737791, 5.725770205347438, 5.725770205347438, 6.191481603335703, 6.191481603335703, 7.23222244856574, 6.3, 7.646422547687107, 7.026740835131595, 6.8, 8.06336020389625, 9.600565883298545], [8.324061508662703, 5.633333333333334, 6.928658455058789, 6.034714390737791, 4.2, 7.201388754955532, 3.782121685568095, 7.0384657419071095, 3.461855635991259, 4.8153689139854885, 2.1, 4.6548660322052005, 6.576473218982953, 2.386303510546059, 4.333333333333334, 0.0, 2.69192185077906, 6.592419889539804, 2.4299062624810133, 6.682252614201292, 2.6640090924102426, 4.8153689139854885, 2.1000000000000005, 5.0279496594315445, 2.55, 7.244998274671983, 3.8645108933013046, 6.034714390737791, 4.2, 8.386894538504702, 5.725770205347438, 8.711486669908874, 6.191481603335703, 6.301720530483778, 7.646422547687107, 6.3, 6.956007328373536, 8.06336020389625, 6.8, 7.45100058753122], [7.297510380812448, 6.133154323911075, 6.307110247023749, 5.430956106738415, 5.7127039319345725, 5.652378815724046, 4.0387263436991665, 5.375074864944351, 3.640515623726976, 3.520087037517651, 3.9409027813841386, 3.18324618573719, 4.4119286933070985, 1.9562819320512452, 2.026509627433413, 2.69192185077906, 0.0, 3.975027460685901, 0.4034445637887203, 4.020341065311673, 0.7246147143655496, 2.1546391318410674, 2.789654417500899, 2.429972995052666, 3.0074026563309864, 4.577834841012454, 2.306186470004364, 3.7414166176518417, 4.139794715618493, 5.910355348874383, 4.392519157933373, 6.28966253141663, 4.890989568783594, 5.638943034095161, 5.6722065217357756, 5.942527139680837, 5.74362956021714, 6.148290919789018, 6.398529769797241, 7.745128580307236], [6.300000000000001, 7.646422547687107, 6.256612565971276, 5.725770205347439, 8.386894538504702, 4.200000000000001, 6.034714390737791, 3.8000000000000007, 5.763486599080264, 3.8645108933013046, 7.244998274671983, 3.5404017348945653, 2.1000000000000005, 4.815368913985488, 2.429906262481013, 6.592419889539804, 3.975027460685901, 0.0, 4.333333333333333, 0.4499999999999993, 4.356636062121528, 2.3863035105460586, 6.576473218982953, 2.6070950202177983, 6.659767263200719, 2.0999999999999996, 4.815368913985488, 3.7821216855680944, 7.201388754955532, 4.199999999999999, 6.03471439073779, 4.699999999999999, 6.392791078846373, 7.753737236784167, 5.633333333333333, 8.324061508662703, 7.109227746903796, 6.097904922548763, 8.645229898620395, 10.48996177428797], [7.646422547687107, 6.300000000000001, 6.6115580538735115, 5.725770205347439, 5.725770205347439, 6.034714390737791, 4.200000000000001, 5.763486599080264, 3.8000000000000007, 3.8645108933013046, 3.8645108933013046, 3.5404017348945653, 4.815368913985488, 2.1000000000000005, 2.429906262481013, 2.4299062624810133, 0.4034445637887203, 4.333333333333333, 0.0, 4.356636062121528, 0.4499999999999993, 2.3863035105460586, 2.386303510546059, 2.6070950202177983, 2.6070950202177987, 4.815368913985488, 2.0999999999999996, 3.7821216855680944, 3.7821216855680944, 6.03471439073779, 4.199999999999999, 6.392791078846373, 4.699999999999999, 5.361837694121122, 5.633333333333333, 5.633333333333333, 5.547458207850648, 6.097904922548763, 6.097904922548763, 7.389726972228382], [6.75, 8.021239167222094, 6.6919242061420094, 6.1446679686085925, 8.678277478854891, 4.65, 6.356121284067648, 4.25, 6.069619244876714, 4.244637139314083, 7.45469650623015, 3.906013881752655, 2.55, 5.027949659431544, 2.664009092410242, 6.682252614201292, 4.020341065311673, 0.4499999999999993, 4.356636062121528, 0.0, 4.333333333333333, 2.235384630090411, 6.523227728663166, 2.3863035105460586, 6.576473218982953, 1.6500000000000004, 4.636839201199215, 3.42300225598004, 7.019437299385187, 3.75, 5.730643748984731, 4.25, 6.069619244876714, 7.46176064339367, 5.220818369225695, 8.050621094052309, 6.764019761502976, 5.679519737129579, 8.355387483534201, 10.236598559340358], [8.021239167222094, 6.75, 7.024909158118658, 6.1446679686085925, 6.1446679686085925, 6.356121284067648, 4.65, 6.069619244876714, 4.25, 4.244637139314083, 4.244637139314083, 3.906013881752655, 5.027949659431544, 2.55, 2.664009092410242, 2.6640090924102426, 0.7246147143655496, 4.356636062121528, 0.4499999999999993, 4.333333333333333, 0.0, 2.235384630090411, 2.2353846300904117, 2.3863035105460586, 2.386303510546059, 4.636839201199215, 1.6500000000000004, 3.42300225598004, 3.4230022559800406, 5.730643748984731, 3.75, 6.069619244876714, 4.25, 4.93018602289036, 5.220818369225695, 5.220818369225695, 5.09756184312711, 5.679519737129579, 5.679519737129579, 7.025433564068905], [7.6147517651230405, 7.6147517651230405, 7.057647772715435, 6.300000000000001, 7.6464225476871075, 5.633333333333334, 5.633333333333334, 5.266350201462532, 5.266350201462532, 4.200000000000001, 6.034714390737791, 3.8000000000000007, 3.782121685568095, 3.782121685568095, 2.1000000000000005, 4.8153689139854885, 2.1546391318410674, 2.3863035105460586, 2.3863035105460586, 2.235384630090411, 2.235384630090411, 0.0, 4.333333333333334, 0.4499999999999993, 4.356636062121529, 2.4299062624810124, 2.4299062624810124, 2.0999999999999996, 4.8153689139854885, 3.8645108933013033, 3.8645108933013033, 4.287708530724125, 4.287708530724125, 5.515256274114845, 4.199999999999999, 6.03471439073779, 5.086324107037773, 4.699999999999999, 6.392791078846373, 8.155340262380134], [9.774456506629923, 7.6147517651230405, 8.553108730781046, 7.6464225476871075, 6.300000000000001, 8.324061508662703, 5.633333333333335, 8.080222769206305, 5.266350201462532, 6.034714390737791, 4.200000000000001, 5.763486599080264, 7.201388754955532, 3.7821216855680952, 4.8153689139854885, 2.1000000000000005, 2.789654417500899, 6.576473218982953, 2.386303510546059, 6.523227728663166, 2.2353846300904117, 4.333333333333334, 0.0, 4.356636062121529, 0.4499999999999993, 6.592419889539804, 2.429906262481013, 4.8153689139854885, 2.0999999999999996, 7.244998274671982, 3.8645108933013037, 7.4793047805260615, 4.287708530724125, 4.221929874825693, 6.03471439073779, 4.199999999999999, 4.988150369637433, 6.392791078846373, 4.699999999999999, 5.464075335409742], [8.047169964928319, 8.047169964928319, 7.506466603122593, 6.75, 8.021239167222094, 6.0511936379894875, 6.0511936379894875, 5.679519737129579, 5.679519737129579, 4.65, 6.356121284067649, 4.25, 4.158959538688065, 4.158959538688065, 2.55, 5.0279496594315445, 2.429972995052666, 2.6070950202177983, 2.6070950202177983, 2.3863035105460586, 2.3863035105460586, 0.4499999999999993, 4.356636062121529, 0.0, 4.333333333333334, 2.2620664102639525, 2.2620664102639525, 1.6500000000000004, 4.636839201199216, 3.5009919229333337, 3.5009919229333337, 3.906013881752655, 3.906013881752655, 5.184156877580821, 3.75, 5.730643748984732, 4.688447194806565, 4.25, 6.069619244876715, 7.884048885836815], [10.114964162071955, 8.047169964928319, 8.927055379050959, 8.021239167222094, 6.75, 8.612345789620852, 6.0511936379894875, 8.355387483534201, 5.679519737129579, 6.356121284067649, 4.65, 6.069619244876715, 7.406247362868728, 4.158959538688065, 5.0279496594315445, 2.55, 3.0074026563309864, 6.659767263200719, 2.6070950202177987, 6.576473218982953, 2.386303510546059, 4.356636062121529, 0.4499999999999993, 4.333333333333334, 0.0, 6.532419153728578, 2.262066410263953, 4.636839201199216, 1.6500000000000004, 7.057797106746552, 3.5009919229333346, 7.267220926874317, 3.9060138817526555, 3.779169568853857, 5.730643748984732, 3.75, 4.581756026543754, 6.069619244876715, 4.25, 5.050224877181147], [8.4, 9.451866364786257, 8.301479493100912, 7.710670816760657, 9.849365461794989, 6.300000000000001, 7.646422547687107, 5.9, 7.320367325331276, 5.725770205347439, 8.386894538504702, 5.3576528857741845, 4.2, 6.03471439073779, 3.864510893301304, 7.244998274671983, 4.577834841012454, 2.0999999999999996, 4.815368913985488, 1.6500000000000004, 4.636839201199215, 2.4299062624810124, 6.592419889539804, 2.2620664102639525, 6.532419153728578, 0.0, 4.333333333333333, 2.3863035105460586, 6.576473218982953, 2.0999999999999996, 4.815368913985488, 2.5999999999999996, 5.05349164219926, 6.54625475831168, 3.7821216855680944, 7.201388754955532, 5.62643095710545, 4.201719224846473, 7.430343195303969, 9.433875531385038], [9.451866364786257, 8.4, 8.572167804788064, 7.710670816760657, 7.710670816760657, 7.646422547687107, 6.300000000000001, 7.320367325331276, 5.9, 5.725770205347439, 5.725770205347439, 5.3576528857741845, 6.03471439073779, 4.2, 3.864510893301304, 3.8645108933013046, 2.306186470004364, 4.815368913985488, 2.0999999999999996, 4.636839201199215, 1.6500000000000004, 2.4299062624810124, 2.429906262481013, 2.2620664102639525, 2.262066410263953, 4.333333333333333, 0.0, 2.3863035105460586, 2.386303510546059, 4.815368913985488, 2.0999999999999996, 5.05349164219926, 2.5999999999999996, 3.3885562828029077, 3.7821216855680944, 3.7821216855680944, 3.4481732447162865, 4.201719224846473, 4.201719224846473, 5.793683995500805], [9.646473160924902, 9.646473160924902, 9.153128047690606, 8.4, 9.451866364786257, 7.6147517651230405, 7.6147517651230405, 7.232181167838957, 7.232181167838957, 6.300000000000001, 7.6464225476871075, 5.9, 5.633333333333334, 5.633333333333334, 4.2, 6.034714390737791, 3.7414166176518417, 3.7821216855680944, 3.7821216855680944, 3.42300225598004, 3.42300225598004, 2.0999999999999996, 4.8153689139854885, 1.6500000000000004, 4.636839201199216, 2.3863035105460586, 2.3863035105460586, 0.0, 4.333333333333334, 2.4299062624810124, 2.4299062624810124, 2.6934075897354344, 2.6934075897354344, 4.165460597915689, 2.0999999999999996, 4.8153689139854885, 3.34459251323107, 2.5999999999999996, 5.053491642199261, 7.047572937603483], [11.428473213863697, 9.646473160924902, 10.350122218325167, 9.451866364786257, 8.4, 9.774456506629923, 7.6147517651230405, 9.479451460923254, 7.232181167838957, 7.6464225476871075, 6.300000000000001, 7.320367325331277, 8.324061508662703, 5.633333333333334, 6.034714390737791, 4.2, 4.139794715618493, 7.201388754955532, 3.7821216855680944, 7.019437299385187, 3.4230022559800406, 4.8153689139854885, 2.0999999999999996, 4.636839201199216, 1.6500000000000004, 6.576473218982953, 2.386303510546059, 4.333333333333334, 0.0, 6.592419889539804, 2.429906262481013, 6.694027188471825, 2.693407589735435, 2.181215737053684, 4.8153689139854885, 2.0999999999999996, 3.193313368249629, 5.053491642199261, 2.5999999999999996, 3.6076070721013376], [10.5, 11.359039474259157, 10.36840984664863, 9.74394398816231, 11.510864433221338, 8.4, 9.451866364786257, 8.0, 9.098229375970787, 7.710670816760657, 9.849365461794989, 7.327649312326869, 6.3, 7.646422547687106, 5.725770205347438, 8.386894538504702, 5.910355348874383, 4.199999999999999, 6.03471439073779, 3.75, 5.730643748984731, 3.8645108933013033, 7.244998274671982, 3.5009919229333337, 7.057797106746552, 2.0999999999999996, 4.815368913985488, 2.4299062624810124, 6.592419889539804, 0.0, 4.333333333333333, 0.5, 4.362084109434133, 5.865702139074509, 2.3863035105460586, 6.576473218982953, 4.6467549400417365, 2.6352313834736494, 6.670832032063167, 8.762232424291645], [11.359039474259157, 10.5, 10.586379071578266, 9.74394398816231, 9.74394398816231, 9.451866364786257, 8.4, 9.098229375970787, 8.0, 7.710670816760657, 7.710670816760657, 7.327649312326869, 7.646422547687106, 6.3, 5.725770205347438, 5.725770205347438, 4.392519157933373, 6.03471439073779, 4.199999999999999, 5.730643748984731, 3.75, 3.8645108933013033, 3.8645108933013037, 3.5009919229333337, 3.5009919229333346, 4.815368913985488, 2.0999999999999996, 2.4299062624810124, 2.429906262481013, 4.333333333333333, 0.0, 4.362084109434133, 0.5, 1.7422180992482001, 2.3863035105460586, 2.386303510546059, 1.3511124613832004, 2.6352313834736494, 2.63523138347365, 4.6201172880528345], [11.0, 11.8227652339788, 10.862406079550594, 10.232030318780552, 11.926860441876563, 8.9, 9.898877601919208, 8.5, 9.54084785424114, 8.191730247294796, 10.230347012687302, 7.806692285753579, 6.8, 8.063360203896249, 6.191481603335703, 8.711486669908874, 6.28966253141663, 4.699999999999999, 6.392791078846373, 4.25, 6.069619244876714, 4.287708530724125, 7.4793047805260615, 3.906013881752655, 7.267220926874317, 2.5999999999999996, 5.05349164219926, 2.6934075897354344, 6.694027188471825, 0.5, 4.362084109434133, 0.0, 4.333333333333333, 5.804763004839147, 2.223610677354389, 6.519202405202649, 4.52725603700986, 2.3863035105460586, 6.576473218982953, 8.669883850986913], [11.8227652339788, 11.0, 11.070653320203274, 10.232030318780552, 10.232030318780552, 9.898877601919208, 8.9, 9.54084785424114, 8.5, 8.191730247294796, 8.191730247294796, 7.806692285753579, 8.063360203896249, 6.8, 6.191481603335703, 6.191481603335703, 4.890989568783594, 6.392791078846373, 4.699999999999999, 6.069619244876714, 4.25, 4.287708530724125, 4.287708530724125, 3.906013881752655, 3.9060138817526555, 5.05349164219926, 2.5999999999999996, 2.6934075897354344, 2.693407589735435, 4.362084109434133, 0.5, 4.333333333333333, 0.0, 1.5245116802943663, 2.223610677354389, 2.2236106773543893, 0.8539441639503746, 2.3863035105460586, 2.386303510546059, 4.442482716641733], [12.839058005407503, 11.552933514360033, 11.942202667019254, 11.069734463765982, 10.485497660915806, 11.005199711492903, 9.473293144986501, 10.667027245500417, 9.078234001018753, 9.111093859790563, 8.391583367916677, 8.745460587545862, 9.284795685068596, 7.405153154018704, 7.23222244856574, 6.301720530483778, 5.638943034095161, 7.753737236784167, 5.361837694121122, 7.46176064339367, 4.93018602289036, 5.515256274114845, 4.221929874825693, 5.184156877580821, 3.779169568853857, 6.54625475831168, 3.3885562828029077, 4.165460597915689, 2.181215737053684, 5.865702139074509, 1.7422180992482001, 5.804763004839147, 1.5245116802943663, 0.0, 3.6199547257407896, 0.7146413892265109, 1.3932373151554704, 3.6596289667695845, 0.8941612120873604, 2.917987444493275], [11.702326454361305, 11.702326454361305, 11.250293953098549, 10.5, 11.359039474259157, 9.646473160924902, 9.646473160924902, 9.257129384665877, 9.257129384665877, 8.4, 9.451866364786257, 8.0, 7.61475176512304, 7.61475176512304, 6.3, 7.646422547687107, 5.6722065217357756, 5.633333333333333, 5.633333333333333, 5.220818369225695, 5.220818369225695, 4.199999999999999, 6.03471439073779, 3.75, 5.730643748984732, 3.7821216855680944, 3.7821216855680944, 2.0999999999999996, 4.8153689139854885, 2.3863035105460586, 2.3863035105460586, 2.223610677354389, 2.223610677354389, 3.6199547257407896, 0.0, 4.333333333333334, 2.3069254945249207, 0.5, 4.362084109434134, 6.453448212117572], [13.209844813622906, 11.702326454361305, 12.243953238557127, 11.359039474259157, 10.5, 11.428473213863697, 9.646473160924902, 11.10180165558726, 9.257129384665877, 9.451866364786257, 8.4, 9.098229375970787, 9.774456506629921, 7.61475176512304, 7.646422547687107, 6.3, 5.942527139680837, 8.324061508662703, 5.633333333333333, 8.050621094052309, 5.220818369225695, 6.03471439073779, 4.199999999999999, 5.730643748984732, 3.75, 7.201388754955532, 3.7821216855680944, 4.8153689139854885, 2.0999999999999996, 6.576473218982953, 2.386303510546059, 6.519202405202649, 2.2236106773543893, 0.7146413892265109, 4.333333333333334, 0.0, 2.0815514467746206, 4.362084109434134, 0.5, 2.234622630852488], [12.653627965297687, 11.846833927031573, 11.919651927887749, 11.08349558797451, 11.03878732637471, 10.713071774327444, 9.746952357141902, 10.350501410239183, 9.346980948620041, 9.038776499415071, 8.983898474195856, 8.65230912576811, 8.845649382584588, 7.647135830500318, 7.026740835131595, 6.956007328373536, 5.74362956021714, 7.109227746903796, 5.547458207850648, 6.764019761502976, 5.09756184312711, 5.086324107037773, 4.988150369637433, 4.688447194806565, 4.581756026543754, 5.62643095710545, 3.4481732447162865, 3.34459251323107, 3.193313368249629, 4.6467549400417365, 1.3511124613832004, 4.52725603700986, 0.8539441639503746, 1.3932373151554704, 2.3069254945249207, 2.0815514467746206, 0.0, 2.285961720836328, 2.0582935109962937, 4.147044085673772], [12.194033149226899, 12.194033149226899, 11.749768385806727, 11.0, 11.8227652339788, 10.134320127391105, 10.134320127391105, 9.74394398816231, 9.74394398816231, 8.9, 9.898877601919208, 8.5, 8.095334733316742, 8.095334733316742, 6.8, 8.06336020389625, 6.148290919789018, 6.097904922548763, 6.097904922548763, 5.679519737129579, 5.679519737129579, 4.699999999999999, 6.392791078846373, 4.25, 6.069619244876715, 4.201719224846473, 4.201719224846473, 2.5999999999999996, 5.053491642199261, 2.6352313834736494, 2.6352313834736494, 2.3863035105460586, 2.3863035105460586, 3.6596289667695845, 0.5, 4.362084109434134, 2.285961720836328, 0.0, 4.333333333333334, 6.4060255040687535], [13.647344063956181, 12.194033149226899, 12.704421828519038, 11.8227652339788, 11.0, 11.843141475132347, 10.134320127391105, 11.510864433221338, 9.74394398816231, 9.898877601919208, 8.9, 9.540847854241141, 10.153324578678651, 8.095334733316742, 8.06336020389625, 6.8, 6.398529769797241, 8.645229898620395, 6.097904922548763, 8.355387483534201, 5.679519737129579, 6.392791078846373, 4.699999999999999, 6.069619244876715, 4.25, 7.430343195303969, 4.201719224846473, 5.053491642199261, 2.5999999999999996, 6.670832032063167, 2.63523138347365, 6.576473218982953, 2.386303510546059, 0.8941612120873604, 4.362084109434134, 0.5, 2.0582935109962937, 4.333333333333334, 0.0, 2.0937304589210926], [15.036062299654631, 13.063381498568896, 13.938547574699513, 13.036619433283729, 11.54556151618905, 13.363453108936246, 11.097326060488385, 13.058867261006005, 10.728596405804039, 11.253983995186482, 9.486764476877672, 10.927227045767381, 11.827957918016969, 9.190721147354932, 9.600565883298545, 7.45100058753122, 7.745128580307236, 10.48996177428797, 7.389726972228382, 10.236598559340358, 7.025433564068905, 8.155340262380134, 5.464075335409742, 7.884048885836815, 5.050224877181147, 9.433875531385038, 5.793683995500805, 7.047572937603483, 3.6076070721013376, 8.762232424291645, 4.6201172880528345, 8.669883850986913, 4.442482716641733, 2.917987444493275, 6.453448212117572, 2.234622630852488, 4.147044085673772, 6.4060255040687535, 2.0937304589210926, 0.0]];