totalHoles = 40;
zeroHoleID = 6;
C = [[0.0, 1.5, 3.0, 3.333333333333333, 4.5, 5.0, 2.692582403567252, 4.28498671072748, 4.166666666666666, 5.5901699437494745, 4.301162633521313, 5.441609239104836, 4.5, 5.408326913195984, 6.726812023536855, 6.009252125773315, 7.0710678118654755, 8.197123073307324, 5.70087712549569, 7.106335201775948, 6.5, 7.304869000270376, 6.308833472248338, 6.25, 6.932712311931024, 7.403546447480424, 8.533024082938006, 8.207381501496753, 9.013878188659973, 11.703806193000359, 8.0, 8.54400374531753, 9.020039418489873, 9.433981132056603, 8.860022573334675, 9.466314547441952, 9.12414379544733, 10.062305898749054, 11.441161644774565, 14.065940113764226], [1.5, 0.0, 1.5, 1.833333333333333, 3.0, 3.5, 1.4142135623730951, 2.8480012484391772, 3.100179206289712, 4.301162633521313, 3.640054944640259, 4.400126260814695, 4.743416490252569, 4.743416490252569, 5.70087712549569, 5.325515102890153, 6.103277807866851, 7.090928506149152, 5.5, 6.264982043070834, 6.082762530298219, 6.5659052011974035, 6.025293819460993, 6.427480066091221, 6.427480066091221, 7.25, 7.846177413237608, 7.720823214600313, 8.276472678623424, 10.630404596536945, 8.139410298049853, 8.139410298049853, 8.432740427115679, 8.73212459828649, 8.558621384311845, 8.908485343261844, 9.0, 9.486832980505138, 11.50268900093181, 13.463145097535175], [3.0, 1.5, 0.0, 0.33333333333333304, 1.5, 2.0, 1.118033988749895, 1.5365907428821481, 2.5221243250702594, 3.2015621187164243, 3.5355339059327378, 3.689323936863109, 5.408326913195984, 4.5, 4.924428900898052, 5.011098792790969, 5.385164807134504, 6.153836809640793, 5.70087712549569, 5.70087712549569, 6.020797289396148, 6.112373606964083, 6.107941669753293, 6.932712311931024, 6.25, 7.403546447480424, 7.403546447480424, 7.507403753036805, 7.762087348130012, 9.671190431835889, 8.54400374531753, 8.0, 8.08462189042327, 8.246211251235321, 8.514693182963201, 8.579691784155834, 9.12414379544733, 9.12414379544733, 11.756850289191176, 13.00622468476419], [3.333333333333333, 1.833333333333333, 0.33333333333333304, 0.0, 1.166666666666667, 1.666666666666667, 1.3017082793177757, 1.301708279317776, 2.5, 3.0046260628866577, 3.5978388574871505, 3.5978388574871505, 5.600099205470481, 4.512328790226961, 4.7987266829626565, 5.0, 5.270462766947299, 5.976846512612487, 5.7975090436420285, 5.622375931144333, 6.057593948462083, 6.057593948462083, 6.175832239288577, 7.083333333333333, 6.258882576875134, 7.47820908447411, 7.343269783353402, 7.5, 7.68295371441074, 9.477107882125614, 8.666666666666666, 8.006941432976209, 8.043285674675769, 8.171767114754175, 8.540751983545972, 8.540751983545972, 9.184830488969903, 9.07530226004132, 11.838426638342172, 12.926149784326912], [4.5, 3.0, 1.5, 1.166666666666667, 0.0, 0.5, 2.23606797749979, 1.0540925533894596, 2.758824226207808, 2.5495097567963922, 4.031128874149275, 3.515837184954831, 6.363961030678928, 4.743416490252569, 4.527692569068709, 5.134307266916454, 5.024937810560445, 5.47340368327253, 6.264982043070834, 5.5, 6.324555320336759, 6.009252125773315, 6.542915043876274, 7.7014609003746815, 6.427480066091221, 7.846177413237608, 7.25, 7.5901983578238, 7.516648189186454, 8.863314665044578, 9.17877987534291, 8.139410298049853, 8.006941432976209, 8.0156097709407, 8.73212459828649, 8.506533436783231, 9.486832980505138, 9.0, 12.191603799039388, 12.710919918867134], [5.0, 3.5, 2.0, 1.666666666666667, 0.5, 0.0, 2.692582403567252, 1.3017082793177757, 3.0046260628866577, 2.5, 4.301162633521313, 3.5978388574871505, 6.726812023536855, 4.924428900898052, 4.5, 5.270462766947299, 5.0, 5.32174420156134, 6.519202405202649, 5.522680508593631, 6.5, 6.057593948462083, 6.7560342816483, 8.00390529679106, 6.562202374203344, 8.050621094052309, 7.267220926874317, 7.68295371441074, 7.5, 8.635227521371263, 9.433981132056603, 8.246211251235321, 8.043285674675769, 8.0, 8.860022573334675, 8.540751983545972, 9.656603957913983, 9.013878188659973, 12.37359128747662, 12.650534378500167], [2.692582403567252, 1.4142135623730951, 1.118033988749895, 1.3017082793177757, 2.23606797749979, 2.692582403567252, 0.0, 1.666666666666667, 1.7159383568311666, 2.9154759474226504, 2.5, 3.0046260628866577, 4.301162633521313, 3.5355339059327378, 4.301162633521313, 4.0858835573770875, 4.716990566028302, 5.677266518589937, 4.6097722286464435, 4.924428900898052, 5.0, 5.270462766947299, 5.044880723056085, 5.814851674806504, 5.273755777432247, 6.329494450586082, 6.562202374203344, 6.553201083779166, 6.96419413859206, 9.217249558162713, 7.433034373659253, 7.0178344238090995, 7.195677714974301, 7.433034373659253, 7.5, 7.68295371441074, 8.06225774829855, 8.246211251235321, 10.671338878182267, 12.186977500767837], [4.28498671072748, 2.8480012484391772, 1.5365907428821481, 1.301708279317776, 1.0540925533894596, 1.3017082793177757, 1.666666666666667, 0.0, 1.715938356831167, 1.7159383568311666, 3.0046260628866577, 2.5, 5.441609239104836, 3.689323936863109, 3.5978388574871505, 4.0858835573770875, 4.0858835573770875, 4.695939145351888, 5.230784942158405, 4.512328790226961, 5.270462766947299, 5.0, 5.493281268882562, 6.702507822532631, 5.378067600087517, 6.795116710632064, 6.258882576875134, 6.553201083779166, 6.553201083779166, 8.181166920193794, 8.146232939899958, 7.096556285347924, 7.0, 7.0494286608522, 7.68295371441074, 7.5, 8.432740427115679, 8.006941432976209, 11.138092823878528, 11.776897496420846], [4.166666666666666, 3.100179206289712, 2.5221243250702594, 2.5, 2.758824226207808, 3.0046260628866577, 1.7159383568311666, 1.715938356831167, 0.0, 1.666666666666667, 1.3017082793177757, 1.301708279317776, 3.8873012632302, 2.0275875100994063, 2.6034165586355518, 2.5, 3.0046260628866577, 4.035324895325652, 3.515837184954831, 3.218867985971328, 3.5978388574871505, 3.5978388574871505, 3.786321945936885, 5.01733107449679, 3.7647856660255057, 5.091523456796709, 4.891176863609729, 5.0, 5.270462766947299, 7.5598945208661945, 6.431260460524912, 5.510091751605513, 5.562773089426212, 5.74697988318889, 6.057593948462083, 6.057593948462083, 6.75359986311827, 6.60387091871965, 9.445083508878998, 10.507522808701781], [5.5901699437494745, 4.301162633521313, 3.2015621187164243, 3.0046260628866577, 2.5495097567963922, 2.5, 2.9154759474226504, 1.7159383568311666, 1.666666666666667, 0.0, 2.692582403567252, 1.3017082793177757, 5.385164807134504, 2.8284271247461903, 2.0, 3.0046260628866577, 2.5, 2.9802875905453625, 4.6097722286464435, 3.0413812651491097, 4.301162633521313, 3.5978388574871505, 4.673256813535308, 6.25, 4.25, 5.900211860602973, 4.7762432936357, 5.270462766947299, 5.0, 6.47329790006786, 7.433034373659253, 5.852349955359813, 5.562773089426212, 5.5, 6.5, 6.057593948462083, 7.3824115301167, 6.519202405202649, 10.107770207508963, 10.166548450194297], [4.301162633521313, 3.640054944640259, 3.5355339059327378, 3.5978388574871505, 4.031128874149275, 4.301162633521313, 2.5, 3.0046260628866577, 1.3017082793177757, 2.692582403567252, 0.0, 1.666666666666667, 2.692582403567252, 1.118033988749895, 2.692582403567252, 1.7159383568311666, 2.9154759474226504, 4.218116629327506, 2.23606797749979, 2.8284271247461903, 2.5, 3.0046260628866577, 2.57801309932863, 3.7165171868296265, 2.7950849718747373, 3.881043674065006, 4.25, 4.0858835573770875, 4.716990566028302, 7.569287996544062, 5.1478150704935, 4.527692569068709, 4.7987266829626565, 5.1478150704935, 5.0, 5.270462766947299, 5.5901699437494745, 5.852349955359813, 8.242495415303114, 9.840991206822357], [5.441609239104836, 4.400126260814695, 3.689323936863109, 3.5978388574871505, 3.515837184954831, 3.5978388574871505, 3.0046260628866577, 2.5, 1.301708279317776, 1.3017082793177757, 1.666666666666667, 0.0, 4.28498671072748, 1.5365907428821481, 1.3017082793177757, 1.715938356831167, 1.7159383568311666, 2.7591660392870816, 3.3333333333333335, 2.0275875100994063, 3.0046260628866577, 2.5, 3.372160899112487, 4.99235526691672, 2.9872413881558204, 4.601479230759508, 3.7647856660255057, 4.0858835573770875, 4.0858835573770875, 6.266412333484648, 6.132789830991366, 4.648775226993784, 4.5, 4.576510072581994, 5.270462766947299, 5.0, 6.112373606964083, 5.510091751605513, 8.838459649261452, 9.328344010044713], [4.5, 4.743416490252569, 5.408326913195984, 5.600099205470481, 6.363961030678928, 6.726812023536855, 4.301162633521313, 5.441609239104836, 3.8873012632302, 5.385164807134504, 2.692582403567252, 4.28498671072748, 0.0, 3.0, 5.0, 3.3706247360261137, 5.024937810560445, 6.418948642484982, 1.8027756377319946, 4.6097722286464435, 2.9154759474226504, 4.428443418528808, 2.439871684201003, 1.75, 3.473110997362451, 3.132491021535417, 5.273755777432247, 4.484541349024569, 5.830951894845301, 9.337272398630613, 3.5, 4.6097722286464435, 5.441609239104836, 6.103277807866851, 4.716990566028302, 5.7759078170544855, 4.743416490252569, 6.363961030678928, 6.943374019508089, 10.23872592051188], [5.408326913195984, 4.743416490252569, 4.5, 4.512328790226961, 4.743416490252569, 4.924428900898052, 3.5355339059327378, 3.689323936863109, 2.0275875100994063, 2.8284271247461903, 1.118033988749895, 1.5365907428821481, 3.0, 0.0, 2.0, 0.6009252125773314, 2.0615528128088303, 3.446706032664007, 1.8027756377319946, 1.8027756377319946, 1.5811388300841898, 1.90029237516523, 1.859716509555546, 3.473110997362451, 1.75, 3.132491021535417, 3.132491021535417, 3.018461712712472, 3.605551275463989, 6.613433360346919, 4.6097722286464435, 3.5, 3.689323936863109, 4.031128874149275, 4.031128874149275, 4.166666666666667, 4.743416490252569, 4.743416490252569, 7.452099819203572, 8.725979471780212], [6.726812023536855, 5.70087712549569, 4.924428900898052, 4.7987266829626565, 4.527692569068709, 4.5, 4.301162633521313, 3.5978388574871505, 2.6034165586355518, 2.0, 2.692582403567252, 1.3017082793177757, 5.0, 2.0, 0.0, 1.7400510848184252, 0.5, 1.526773179867996, 3.640054944640259, 1.118033988749895, 2.9154759474226504, 1.7159383568311666, 3.434471323160506, 5.297405025104273, 2.6575364531836625, 4.451123453691214, 2.7950849718747373, 3.4318767136623336, 3.0, 4.97722119146449, 6.103277807866851, 4.031128874149275, 3.5978388574871505, 3.5, 4.716990566028302, 4.0858835573770875, 5.70087712549569, 4.527692569068709, 8.391425644217827, 8.186382427725622], [6.009252125773315, 5.325515102890153, 5.011098792790969, 5.0, 5.134307266916454, 5.270462766947299, 4.0858835573770875, 4.0858835573770875, 2.5, 3.0046260628866577, 1.7159383568311666, 1.715938356831167, 3.3706247360261137, 0.6009252125773314, 1.7400510848184252, 0.0, 1.666666666666667, 3.056959238580377, 1.9002923751652296, 1.269295517643985, 1.3017082793177757, 1.301708279317776, 1.741138681647846, 3.560001560548971, 1.2936812246883354, 2.9023457945446665, 2.5344843876242584, 2.5, 3.0046260628866577, 6.081811944132931, 4.484541349024569, 3.018461712712472, 3.1135902820449006, 3.4318767136623336, 3.5978388574871505, 3.5978388574871505, 4.400126260814695, 4.166666666666667, 7.125367338459576, 8.138226029296659], [7.0710678118654755, 6.103277807866851, 5.385164807134504, 5.270462766947299, 5.024937810560445, 5.0, 4.716990566028302, 4.0858835573770875, 3.0046260628866577, 2.5, 2.9154759474226504, 1.7159383568311666, 5.024937810560445, 2.0615528128088303, 0.5, 1.666666666666667, 0.0, 1.3940110824041605, 3.5355339059327378, 0.7071067811865476, 2.692582403567252, 1.3017082793177757, 3.2457139855047767, 5.153882032022076, 2.358495283014151, 4.16082924427331, 2.3048861143232218, 3.0046260628866577, 2.5, 4.6626191202154015, 5.830951894845301, 3.605551275463989, 3.1135902820449006, 3.0, 4.301162633521313, 3.5978388574871505, 5.315072906367325, 4.031128874149275, 7.98299917237214, 7.6929444765110295], [8.197123073307324, 7.090928506149152, 6.153836809640793, 5.976846512612487, 5.47340368327253, 5.32174420156134, 5.677266518589937, 4.695939145351888, 4.035324895325652, 2.9802875905453625, 4.218116629327506, 2.7591660392870816, 6.418948642484982, 3.446706032664007, 1.526773179867996, 3.056959238580377, 1.3940110824041605, 0.0, 4.900592126002112, 1.921635757935557, 3.9816655653276776, 2.3820474403046843, 4.555904719026202, 6.48330229263719, 3.565121234748871, 5.324106509855786, 2.8324884693554218, 3.860848684143016, 2.739419586951323, 3.5407731334327566, 6.999179634826464, 4.434568339907749, 3.62257811900139, 3.180668204713271, 5.139534361167664, 4.029305496406178, 6.229078348451207, 4.298639072065283, 8.774638568200253, 7.44844341930279], [5.70087712549569, 5.5, 5.70087712549569, 5.7975090436420285, 6.264982043070834, 6.519202405202649, 4.6097722286464435, 5.230784942158405, 3.515837184954831, 4.6097722286464435, 2.23606797749979, 3.3333333333333335, 1.8027756377319946, 1.8027756377319946, 3.640054944640259, 1.9002923751652296, 3.5355339059327378, 4.900592126002112, 0.0, 3.0, 1.118033988749895, 2.713136766016618, 0.6587045451630795, 1.6770509831248424, 1.6770509831248424, 1.75, 3.473110997362451, 2.7131367660166177, 4.031128874149275, 7.592473303993859, 2.9154759474226504, 2.9154759474226504, 3.655285366576885, 4.301162633521313, 3.1622776601683795, 4.013864859597432, 3.5, 4.6097722286464435, 6.061899053299412, 8.547876229804638], [7.106335201775948, 6.264982043070834, 5.70087712549569, 5.622375931144333, 5.5, 5.522680508593631, 4.924428900898052, 4.512328790226961, 3.218867985971328, 3.0413812651491097, 2.8284271247461903, 2.0275875100994063, 4.6097722286464435, 1.8027756377319946, 1.118033988749895, 1.269295517643985, 0.7071067811865476, 1.921635757935557, 3.0, 0.0, 2.0615528128088303, 0.6009252125773314, 2.6342861155094983, 4.562071897723665, 1.6770509831248424, 3.473110997362451, 1.75, 2.3154073315749675, 2.0615528128088303, 4.816481686602772, 5.1478150704935, 2.9154759474226504, 2.5221243250702594, 2.5495097567963922, 3.605551275463989, 3.018461712712472, 4.6097722286464435, 3.5, 7.284913799969517, 7.305983664546956], [6.5, 6.082762530298219, 6.020797289396148, 6.057593948462083, 6.324555320336759, 6.5, 5.0, 5.270462766947299, 3.5978388574871505, 4.301162633521313, 2.5, 3.0046260628866577, 2.9154759474226504, 1.5811388300841898, 2.9154759474226504, 1.3017082793177757, 2.692582403567252, 3.9816655653276776, 1.118033988749895, 2.0615528128088303, 0.0, 1.666666666666667, 0.5843642449338696, 2.5124689052802225, 0.5590169943749475, 1.6007810593582121, 2.358495283014151, 1.7159383568311666, 2.9154759474226504, 6.490805199033575, 3.2015621187164243, 2.0615528128088303, 2.6034165586355518, 3.2015621187164243, 2.5, 3.0046260628866577, 3.1622776601683795, 3.605551275463989, 5.873669031327977, 7.593931475941066], [7.304869000270376, 6.5659052011974035, 6.112373606964083, 6.057593948462083, 6.009252125773315, 6.057593948462083, 5.270462766947299, 5.0, 3.5978388574871505, 3.5978388574871505, 3.0046260628866577, 2.5, 4.428443418528808, 1.90029237516523, 1.7159383568311666, 1.301708279317776, 1.3017082793177757, 2.3820474403046843, 2.713136766016618, 0.6009252125773314, 1.666666666666667, 0.0, 2.2509551661350913, 4.174159928789399, 1.1931517552730297, 2.945099507845382, 1.2936812246883354, 1.715938356831167, 1.7159383568311666, 4.909618609466909, 4.621808207954016, 2.3154073315749675, 2.0, 2.1666666666666665, 3.0046260628866577, 2.5, 4.013864859597432, 3.018461712712472, 6.684282025012958, 6.916696415072051], [6.308833472248338, 6.025293819460993, 6.107941669753293, 6.175832239288577, 6.542915043876274, 6.7560342816483, 5.044880723056085, 5.493281268882562, 3.786321945936885, 4.673256813535308, 2.57801309932863, 3.372160899112487, 2.439871684201003, 1.859716509555546, 3.434471323160506, 1.741138681647846, 3.2457139855047767, 4.555904719026202, 0.6587045451630795, 2.6342861155094983, 0.5843642449338696, 2.2509551661350913, 0.0, 1.9305970207888605, 1.1103046956698184, 1.3069516820186906, 2.8659543540815697, 2.0559411322257066, 3.4249071967205804, 7.051668729162107, 2.7616002386282865, 2.2653934621913767, 3.003841404653041, 3.67002115964443, 2.556718913217535, 3.3559095921072393, 3.0178392469521085, 3.951319448107441, 5.668137400664822, 7.892021182192309], [6.25, 6.427480066091221, 6.932712311931024, 7.083333333333333, 7.7014609003746815, 8.00390529679106, 5.814851674806504, 6.702507822532631, 5.01733107449679, 6.25, 3.7165171868296265, 4.99235526691672, 1.75, 3.473110997362451, 5.297405025104273, 3.560001560548971, 5.153882032022076, 6.48330229263719, 1.6770509831248424, 4.562071897723665, 2.5124689052802225, 4.174159928789399, 1.9305970207888605, 0.0, 3.0, 1.8027756377319946, 4.6097722286464435, 3.560001560548971, 5.153882032022076, 8.874551132099683, 1.75, 3.473110997362451, 4.5192489543187495, 5.297405025104273, 3.3634060117684275, 4.735357548391791, 3.132491021535417, 5.273755777432247, 5.1952692738280515, 8.921596808045928], [6.932712311931024, 6.427480066091221, 6.25, 6.258882576875134, 6.427480066091221, 6.562202374203344, 5.273755777432247, 5.378067600087517, 3.7647856660255057, 4.25, 2.7950849718747373, 2.9872413881558204, 3.473110997362451, 1.75, 2.6575364531836625, 1.2936812246883354, 2.358495283014151, 3.565121234748871, 1.6770509831248424, 1.6770509831248424, 0.5590169943749475, 1.1931517552730297, 1.1103046956698184, 3.0, 0.0, 1.8027756377319946, 1.8027756377319946, 1.2936812246883354, 2.358495283014151, 5.94226411073862, 3.473110997362451, 1.75, 2.1032382440206607, 2.6575364531836625, 2.3048861143232218, 2.5344843876242584, 3.132491021535417, 3.132491021535417, 5.8578299538460366, 7.134851005585408], [7.403546447480424, 7.25, 7.403546447480424, 7.47820908447411, 7.846177413237608, 8.050621094052309, 6.329494450586082, 6.795116710632064, 5.091523456796709, 5.900211860602973, 3.881043674065006, 4.601479230759508, 3.132491021535417, 3.132491021535417, 4.451123453691214, 2.9023457945446665, 4.16082924427331, 5.324106509855786, 1.75, 3.473110997362451, 1.6007810593582121, 2.945099507845382, 1.3069516820186906, 1.8027756377319946, 1.8027756377319946, 0.0, 3.0, 1.8503002759312095, 3.5089172119045497, 7.260761173725666, 1.6770509831248424, 1.6770509831248424, 2.7701283564324437, 3.5794552658190883, 1.6007810593582121, 2.945099507845382, 1.75, 3.473110997362451, 4.361994977667242, 7.1644657281637265], [8.533024082938006, 7.846177413237608, 7.403546447480424, 7.343269783353402, 7.25, 7.267220926874317, 6.562202374203344, 6.258882576875134, 4.891176863609729, 4.7762432936357, 4.25, 3.7647856660255057, 5.273755777432247, 3.132491021535417, 2.7950849718747373, 2.5344843876242584, 2.3048861143232218, 2.8324884693554218, 3.473110997362451, 1.75, 2.358495283014151, 1.2936812246883354, 2.8659543540815697, 4.6097722286464435, 1.8027756377319946, 3.0, 0.0, 1.1931517552730297, 0.5590169943749475, 4.274517257820184, 4.562071897723665, 1.6770509831248424, 0.8207381501496753, 0.9013878188659973, 2.358495283014151, 1.2936812246883354, 3.473110997362451, 1.75, 5.9456159584847255, 5.625013638792391], [8.207381501496753, 7.720823214600313, 7.507403753036805, 7.5, 7.5901983578238, 7.68295371441074, 6.553201083779166, 6.553201083779166, 5.0, 5.270462766947299, 4.0858835573770875, 4.0858835573770875, 4.484541349024569, 3.018461712712472, 3.4318767136623336, 2.5, 3.0046260628866577, 3.860848684143016, 2.7131367660166177, 2.3154073315749675, 1.7159383568311666, 1.715938356831167, 2.0559411322257066, 3.560001560548971, 1.2936812246883354, 1.8503002759312095, 1.1931517552730297, 0.0, 1.666666666666667, 5.415244027832288, 3.3706247360261137, 0.6009252125773314, 0.9718253158075506, 1.7400510848184252, 1.3017082793177757, 1.301708279317776, 2.3687784005919825, 1.90029237516523, 4.983183412867219, 5.8782148848485605], [9.013878188659973, 8.276472678623424, 7.762087348130012, 7.68295371441074, 7.516648189186454, 7.5, 6.96419413859206, 6.553201083779166, 5.270462766947299, 5.0, 4.716990566028302, 4.0858835573770875, 5.830951894845301, 3.605551275463989, 3.0, 3.0046260628866577, 2.5, 2.739419586951323, 4.031128874149275, 2.0615528128088303, 2.9154759474226504, 1.7159383568311666, 3.4249071967205804, 5.153882032022076, 2.358495283014151, 3.5089172119045497, 0.5590169943749475, 1.666666666666667, 0.0, 3.75185932803637, 5.024937810560445, 2.0615528128088303, 0.9718253158075498, 0.5, 2.692582403567252, 1.3017082793177757, 3.8078865529319543, 1.5811388300841898, 6.1473191721581175, 5.24443343433922], [11.703806193000359, 10.630404596536945, 9.671190431835889, 9.477107882125614, 8.863314665044578, 8.635227521371263, 9.217249558162713, 8.181166920193794, 7.5598945208661945, 6.47329790006786, 7.569287996544062, 6.266412333484648, 9.337272398630613, 6.613433360346919, 4.97722119146449, 6.081811944132931, 4.6626191202154015, 3.5407731334327566, 7.592473303993859, 4.816481686602772, 6.490805199033575, 4.909618609466909, 7.051668729162107, 8.874551132099683, 5.94226411073862, 7.260761173725666, 4.274517257820184, 5.415244027832288, 3.75185932803637, 0.0, 8.743892711274222, 5.7453028389976915, 4.579683392568094, 3.747497123255544, 6.282275343295339, 4.6304196621471645, 7.342796114008941, 4.41242560701314, 9.217402229847195, 5.3959850715234285], [8.0, 8.139410298049853, 8.54400374531753, 8.666666666666666, 9.17877987534291, 9.433981132056603, 7.433034373659253, 8.146232939899958, 6.431260460524912, 7.433034373659253, 5.1478150704935, 6.132789830991366, 3.5, 4.6097722286464435, 6.103277807866851, 4.484541349024569, 5.830951894845301, 6.999179634826464, 2.9154759474226504, 5.1478150704935, 3.2015621187164243, 4.621808207954016, 2.7616002386282865, 1.75, 3.473110997362451, 1.6770509831248424, 4.562071897723665, 3.3706247360261137, 5.024937810560445, 8.743892711274222, 0.0, 3.0, 4.166666666666667, 5.0, 2.5495097567963922, 4.196559437338058, 1.8027756377319946, 4.6097722286464435, 3.4490872532285684, 7.777099120836043], [8.54400374531753, 8.139410298049853, 8.0, 8.006941432976209, 8.139410298049853, 8.246211251235321, 7.0178344238090995, 7.096556285347924, 5.510091751605513, 5.852349955359813, 4.527692569068709, 4.648775226993784, 4.6097722286464435, 3.5, 4.031128874149275, 3.018461712712472, 3.605551275463989, 4.434568339907749, 2.9154759474226504, 2.9154759474226504, 2.0615528128088303, 2.3154073315749675, 2.2653934621913767, 3.473110997362451, 1.75, 1.6770509831248424, 1.6770509831248424, 0.6009252125773314, 2.0615528128088303, 5.7453028389976915, 3.0, 0.0, 1.166666666666667, 2.0, 0.7071067811865476, 1.269295517643985, 1.8027756377319946, 1.8027756377319946, 4.384010928473809, 5.638659415311103], [9.020039418489873, 8.432740427115679, 8.08462189042327, 8.043285674675769, 8.006941432976209, 8.043285674675769, 7.195677714974301, 7.0, 5.562773089426212, 5.562773089426212, 4.7987266829626565, 4.5, 5.441609239104836, 3.689323936863109, 3.5978388574871505, 3.1135902820449006, 3.1135902820449006, 3.62257811900139, 3.655285366576885, 2.5221243250702594, 2.6034165586355518, 2.0, 3.003841404653041, 4.5192489543187495, 2.1032382440206607, 2.7701283564324437, 0.8207381501496753, 0.9718253158075506, 0.9718253158075498, 4.579683392568094, 4.166666666666667, 1.166666666666667, 0.0, 0.833333333333333, 1.7400510848184252, 0.5, 2.8480012484391772, 1.0540925533894596, 5.189280486208288, 5.049637527694178], [9.433981132056603, 8.73212459828649, 8.246211251235321, 8.171767114754175, 8.0156097709407, 8.0, 7.433034373659253, 7.0494286608522, 5.74697988318889, 5.5, 5.1478150704935, 4.576510072581994, 6.103277807866851, 4.031128874149275, 3.5, 3.4318767136623336, 3.0, 3.180668204713271, 4.301162633521313, 2.5495097567963922, 3.2015621187164243, 2.1666666666666665, 3.67002115964443, 5.297405025104273, 2.6575364531836625, 3.5794552658190883, 0.9013878188659973, 1.7400510848184252, 0.5, 3.747497123255544, 5.0, 2.0, 0.833333333333333, 0.0, 2.5495097567963922, 0.9718253158075498, 3.640054944640259, 1.118033988749895, 5.839673316893716, 4.761157371156909], [8.860022573334675, 8.558621384311845, 8.514693182963201, 8.540751983545972, 8.73212459828649, 8.860022573334675, 7.5, 7.68295371441074, 6.057593948462083, 6.5, 5.0, 5.270462766947299, 4.716990566028302, 4.031128874149275, 4.716990566028302, 3.5978388574871505, 4.301162633521313, 5.139534361167664, 3.1622776601683795, 3.605551275463989, 2.5, 3.0046260628866577, 2.556718913217535, 3.3634060117684275, 2.3048861143232218, 1.6007810593582121, 2.358495283014151, 1.3017082793177757, 2.692582403567252, 6.282275343295339, 2.5495097567963922, 0.7071067811865476, 1.7400510848184252, 2.5495097567963922, 0.0, 1.666666666666667, 1.118033988749895, 2.0615528128088303, 3.6825595864656178, 5.566909608554997], [9.466314547441952, 8.908485343261844, 8.579691784155834, 8.540751983545972, 8.506533436783231, 8.540751983545972, 7.68295371441074, 7.5, 6.057593948462083, 6.057593948462083, 5.270462766947299, 5.0, 5.7759078170544855, 4.166666666666667, 4.0858835573770875, 3.5978388574871505, 3.5978388574871505, 4.029305496406178, 4.013864859597432, 3.018461712712472, 3.0046260628866577, 2.5, 3.3559095921072393, 4.735357548391791, 2.5344843876242584, 2.945099507845382, 1.2936812246883354, 1.301708279317776, 1.3017082793177757, 4.6304196621471645, 4.196559437338058, 1.269295517643985, 0.5, 0.9718253158075498, 1.666666666666667, 0.0, 2.713136766016618, 0.6009252125773314, 4.8724617400447405, 4.600367010011709], [9.12414379544733, 9.0, 9.12414379544733, 9.184830488969903, 9.486832980505138, 9.656603957913983, 8.06225774829855, 8.432740427115679, 6.75359986311827, 7.3824115301167, 5.5901699437494745, 6.112373606964083, 4.743416490252569, 4.743416490252569, 5.70087712549569, 4.400126260814695, 5.315072906367325, 6.229078348451207, 3.5, 4.6097722286464435, 3.1622776601683795, 4.013864859597432, 3.0178392469521085, 3.132491021535417, 3.132491021535417, 1.75, 3.473110997362451, 2.3687784005919825, 3.8078865529319543, 7.342796114008941, 1.8027756377319946, 1.8027756377319946, 2.8480012484391772, 3.640054944640259, 1.118033988749895, 2.713136766016618, 0.0, 3.0, 2.726239211440585, 5.976449640046008], [10.062305898749054, 9.486832980505138, 9.12414379544733, 9.07530226004132, 9.0, 9.013878188659973, 8.246211251235321, 8.006941432976209, 6.60387091871965, 6.519202405202649, 5.852349955359813, 5.510091751605513, 6.363961030678928, 4.743416490252569, 4.527692569068709, 4.166666666666667, 4.031128874149275, 4.298639072065283, 4.6097722286464435, 3.5, 3.605551275463989, 3.018461712712472, 3.951319448107441, 5.273755777432247, 3.132491021535417, 3.473110997362451, 1.75, 1.90029237516523, 1.5811388300841898, 4.41242560701314, 4.6097722286464435, 1.8027756377319946, 1.0540925533894596, 1.118033988749895, 2.0615528128088303, 0.6009252125773314, 3.0, 0.0, 4.873984938281015, 4.003643286629551], [11.441161644774565, 11.50268900093181, 11.756850289191176, 11.838426638342172, 12.191603799039388, 12.37359128747662, 10.671338878182267, 11.138092823878528, 9.445083508878998, 10.107770207508963, 8.242495415303114, 8.838459649261452, 6.943374019508089, 7.452099819203572, 8.391425644217827, 7.125367338459576, 7.98299917237214, 8.774638568200253, 6.061899053299412, 7.284913799969517, 5.873669031327977, 6.684282025012958, 5.668137400664822, 5.1952692738280515, 5.8578299538460366, 4.361994977667242, 5.9456159584847255, 4.983183412867219, 6.1473191721581175, 9.217402229847195, 3.4490872532285684, 4.384010928473809, 5.189280486208288, 5.839673316893716, 3.6825595864656178, 4.8724617400447405, 2.726239211440585, 4.873984938281015, 0.0, 6.110771703876231], [14.065940113764226, 13.463145097535175, 13.00622468476419, 12.926149784326912, 12.710919918867134, 12.650534378500167, 12.186977500767837, 11.776897496420846, 10.507522808701781, 10.166548450194297, 9.840991206822357, 9.328344010044713, 10.23872592051188, 8.725979471780212, 8.186382427725622, 8.138226029296659, 7.6929444765110295, 7.44844341930279, 8.547876229804638, 7.305983664546956, 7.593931475941066, 6.916696415072051, 7.892021182192309, 8.921596808045928, 7.134851005585408, 7.1644657281637265, 5.625013638792391, 5.8782148848485605, 5.24443343433922, 5.3959850715234285, 7.777099120836043, 5.638659415311103, 5.049637527694178, 4.761157371156909, 5.566909608554997, 4.600367010011709, 5.976449640046008, 4.003643286629551, 6.110771703876231, 0.0]];