totalHoles = 40;
zeroHoleID = 39;
C = [[0.0, 5.0, 0.5, 5.024937810560445, 2.692582403567252, 7.566372975210778, 2.9154759474226504, 2.4111714966424804, 3.7553505170098203, 3.375, 6.032464256006827, 3.833333333333334, 6.300352723811933, 5.038911092686593, 8.682777493406128, 5.441609239104837, 8.922505876216116, 7.200034149460818, 6.25, 8.00390529679106, 7.668930825088983, 10.431323022512533, 7.666666666666668, 9.153020145163989, 9.020039418489873, 11.461287497969463, 9.125, 10.405076885828379, 10.429075941808076, 12.600223212308581, 11.797486705139109, 11.5, 12.539936203984453, 12.0, 13.0, 12.747548783981962, 14.577379737113251, 13.238202294873727, 15.008331019803634, 15.835660562640765], [5.0, 0.0, 5.024937810560445, 0.5, 2.692582403567252, 2.692582403567252, 2.9154759474226504, 3.7574086358352874, 4.46514248098192, 6.032464256006827, 3.375, 6.300352723811933, 3.833333333333334, 5.038911092686593, 5.038911092686593, 5.441609239104837, 5.441609239104837, 5.160329158259773, 8.00390529679106, 6.25, 7.668930825088983, 7.668930825088983, 9.153020145163989, 7.666666666666668, 9.020039418489873, 9.020039418489873, 10.405076885828379, 9.125, 10.429075941808076, 10.429075941808076, 10.202620362216384, 12.539936203984453, 11.5, 13.0, 12.0, 12.747548783981962, 12.747548783981962, 13.238202294873727, 13.238202294873727, 13.671456890196731], [0.5, 5.024937810560445, 0.0, 5.0, 2.5495097567963922, 7.516648189186454, 2.692582403567252, 2.079451684808857, 3.3351408793536423, 2.875, 5.767635997529664, 3.333333333333334, 6.009252125773315, 4.611466686424179, 8.441897002451523, 5.002777006601212, 8.66185764012419, 6.850562453959798, 5.75, 7.6198753270640855, 7.198090024443984, 10.090218035305282, 7.166666666666668, 8.738484485945554, 8.540751983545972, 11.088031585653265, 8.625, 9.969484690795207, 9.944376551599401, 12.202074618686774, 11.370051028109106, 11.0, 12.083045973594572, 11.5, 12.539936203984453, 12.257650672131263, 14.150971698084906, 12.747548783981962, 14.577379737113251, 15.424350325426678], [5.024937810560445, 0.5, 5.0, 0.0, 2.5495097567963922, 2.5495097567963922, 2.692582403567252, 3.55365881590831, 4.1180097808285065, 5.767635997529664, 2.875, 6.009252125773315, 3.333333333333334, 4.611466686424179, 4.611466686424179, 5.002777006601212, 5.002777006601212, 4.660333808193114, 7.6198753270640855, 5.75, 7.198090024443984, 7.198090024443984, 8.738484485945554, 7.166666666666668, 8.540751983545972, 8.540751983545972, 9.969484690795207, 8.625, 9.944376551599401, 9.944376551599401, 9.705196035082613, 12.083045973594572, 11.0, 12.539936203984453, 11.5, 12.257650672131263, 12.257650672131263, 12.747548783981962, 12.747548783981962, 13.192845447697088], [2.692582403567252, 2.692582403567252, 2.5495097567963922, 2.5495097567963922, 0.0, 5.0, 0.5, 1.1120595613103983, 2.304580612518767, 3.4482785560334306, 3.4482785560334306, 3.7785946829182118, 3.7785946829182118, 3.375, 6.032464256006827, 3.833333333333334, 6.300352723811933, 4.864583512686099, 5.814851674806504, 5.814851674806504, 6.25, 8.00390529679106, 7.120003121097944, 7.120003121097944, 7.666666666666668, 9.153020145163989, 8.500919067959652, 8.500919067959652, 9.125, 10.405076885828379, 9.802133086959442, 10.793516572461451, 10.793516572461451, 11.280514172678478, 11.280514172678478, 11.5, 12.539936203984453, 12.0, 13.0, 13.688437255233707], [7.566372975210778, 2.692582403567252, 7.516648189186454, 2.5495097567963922, 5.0, 0.0, 5.024937810560445, 5.877163273070634, 6.012148673266558, 7.867059488779781, 3.4482785560334306, 8.017342313870463, 3.7785946829182118, 6.032464256006827, 3.375, 6.300352723811933, 3.833333333333334, 4.842796508225539, 9.154916711800277, 5.814851674806504, 8.00390529679106, 6.25, 10.034662148993581, 7.120003121097944, 9.153020145163989, 7.666666666666668, 11.057378758096332, 8.500919067959652, 10.405076885828379, 9.125, 9.273326412460815, 12.90348790056394, 10.793516572461451, 13.313526955694348, 11.280514172678478, 12.539936203984453, 11.5, 13.0, 12.0, 12.186628021557143], [2.9154759474226504, 2.9154759474226504, 2.692582403567252, 2.692582403567252, 0.5, 5.024937810560445, 0.0, 0.8643192645863732, 1.8252668240909975, 3.125, 3.125, 3.4197140881138655, 3.4197140881138655, 2.875, 5.767635997529664, 3.333333333333334, 6.009252125773315, 4.44453450139597, 5.367727638395972, 5.367727638395972, 5.75, 7.6198753270640855, 6.654154925892378, 6.654154925892378, 7.166666666666668, 8.738484485945554, 8.024376922852017, 8.024376922852017, 8.625, 9.969484690795207, 9.336979215910034, 10.307764064044152, 10.307764064044152, 10.793516572461451, 10.793516572461451, 11.0, 12.083045973594572, 11.5, 12.539936203984453, 13.248235806958757], [2.4111714966424804, 3.7574086358352874, 2.079451684808857, 3.55365881590831, 1.1120595613103983, 5.877163273070634, 0.8643192645863732, 0.0, 1.510192385040085, 2.337066412844445, 3.7102898927811636, 2.677879616808891, 3.9338798802898123, 2.7631156146144766, 6.398373197161509, 3.203222500930576, 6.600379236142147, 4.788948557190925, 4.809458340253797, 5.606715722868894, 5.572595266867812, 8.022355619065138, 6.157695947910129, 6.798646266525218, 6.976638245023379, 9.05416218500372, 7.571733595104098, 8.101575236067148, 8.426391761418927, 10.213150825643242, 9.466094183874642, 9.90213554848579, 10.312936540627721, 10.395319126598242, 10.78735516307161, 10.792368456565349, 12.238447147113689, 11.290951608500498, 12.680298099647676, 13.464992979454246], [3.7553505170098203, 4.46514248098192, 3.3351408793536423, 4.1180097808285065, 2.304580612518767, 6.012148673266558, 1.8252668240909975, 1.510192385040085, 0.0, 1.922031729038959, 3.0869152624093754, 2.0093921949466815, 3.142052969473318, 1.2855505674316898, 5.6997789545988, 1.7066803900469352, 5.809268269208629, 3.6560512196255925, 3.5772192062731065, 4.316403261929155, 4.062626188036581, 6.880390353285494, 4.83337825640703, 5.4033679533575825, 5.468392176575583, 7.793468603048099, 6.199196603756482, 6.653185583003781, 6.920149769045273, 8.872615887993845, 8.042140064045636, 8.48965974788111, 8.826616707700419, 8.977462325976234, 9.29675586880639, 9.288851216850455, 10.822088375107997, 9.787914185786166, 11.253359675144907, 12.089216179832238], [3.375, 6.032464256006827, 2.875, 5.767635997529664, 3.4482785560334306, 7.867059488779781, 3.125, 2.337066412844445, 1.922031729038959, 0.0, 5.0, 0.4583333333333339, 5.0209629997087655, 2.692582403567252, 7.566372975210778, 2.8942591644687097, 7.640467008705103, 5.329088804220053, 2.875, 5.767635997529664, 4.611466686424179, 8.441897002451523, 4.291666666666668, 6.589264206099023, 5.852498279462466, 9.178874446854099, 5.75, 7.6198753270640855, 7.198090024443984, 10.090218035305282, 9.057651481982665, 8.125, 9.540210951546092, 8.625, 9.969484690795207, 9.46126973508313, 11.81167325149151, 9.944376551599401, 12.202074618686774, 13.178874140942243], [6.032464256006827, 3.375, 5.767635997529664, 2.875, 3.4482785560334306, 3.4482785560334306, 3.125, 3.7102898927811636, 3.0869152624093754, 5.0, 0.0, 5.0209629997087655, 0.4583333333333339, 2.692582403567252, 2.692582403567252, 2.8942591644687097, 2.8942591644687097, 1.7854110875223013, 5.767635997529664, 2.875, 4.611466686424179, 4.611466686424179, 6.589264206099023, 4.291666666666668, 5.852498279462466, 5.852498279462466, 7.6198753270640855, 5.75, 7.198090024443984, 7.198090024443984, 6.8522857548880065, 9.540210951546092, 8.125, 9.969484690795207, 8.625, 9.46126973508313, 9.46126973508313, 9.944376551599401, 9.944376551599401, 10.479661810770796], [3.833333333333334, 6.300352723811933, 3.333333333333334, 6.009252125773315, 3.7785946829182118, 8.017342313870463, 3.4197140881138655, 2.677879616808891, 2.0093921949466815, 0.4583333333333339, 5.0209629997087655, 0.0, 5.0, 2.5580075796951376, 7.519534744768308, 2.692582403567252, 7.566372975210778, 5.1935291400029255, 2.416666666666666, 5.553402360515379, 4.233628598626845, 8.24157819298653, 3.833333333333334, 6.300352723811933, 5.441609239104837, 8.922505876216116, 5.291666666666666, 7.28022912490473, 6.770160222952219, 9.789538775879302, 8.71999371093364, 7.666666666666666, 9.153020145163987, 8.166666666666666, 9.575721614815482, 9.020039418489871, 11.461287497969462, 9.50146187582615, 11.843892002959914, 12.844114506186424], [6.300352723811933, 3.833333333333334, 6.009252125773315, 3.333333333333334, 3.7785946829182118, 3.7785946829182118, 3.4197140881138655, 3.9338798802898123, 3.142052969473318, 5.0209629997087655, 0.4583333333333339, 5.0, 0.0, 2.5580075796951376, 2.5580075796951376, 2.692582403567252, 2.692582403567252, 1.3271210179345279, 5.553402360515379, 2.416666666666666, 4.233628598626845, 4.233628598626845, 6.300352723811933, 3.833333333333334, 5.441609239104837, 5.441609239104837, 7.28022912490473, 5.291666666666666, 6.770160222952219, 6.770160222952219, 6.399301525658918, 9.153020145163987, 7.666666666666666, 9.575721614815482, 8.166666666666666, 9.020039418489871, 9.020039418489871, 9.50146187582615, 9.50146187582615, 10.055439597221008], [5.038911092686593, 5.038911092686593, 4.611466686424179, 4.611466686424179, 3.375, 6.032464256006827, 2.875, 2.7631156146144766, 1.2855505674316898, 2.692582403567252, 2.692582403567252, 2.5580075796951376, 2.5580075796951376, 0.0, 5.0, 0.4583333333333339, 5.0209629997087655, 2.6406189580776247, 3.125, 3.125, 2.875, 5.767635997529664, 4.133408937480594, 4.133408937480594, 4.291666666666668, 6.589264206099023, 5.367727638395972, 5.367727638395972, 5.75, 7.6198753270640855, 6.759598424876568, 7.550869155269478, 7.550869155269478, 8.024376922852017, 8.024376922852017, 8.125, 9.540210951546092, 8.625, 9.969484690795207, 10.818405273333505], [8.682777493406128, 5.038911092686593, 8.441897002451523, 4.611466686424179, 6.032464256006827, 3.375, 5.767635997529664, 6.398373197161509, 5.6997789545988, 7.566372975210778, 2.692582403567252, 7.519534744768308, 2.5580075796951376, 5.0, 0.0, 5.0209629997087655, 0.4583333333333339, 2.60026416926108, 7.7308230480331135, 3.125, 5.767635997529664, 2.875, 8.190547566826314, 4.133408937480594, 6.589264206099023, 4.291666666666668, 8.877640452282352, 5.367727638395972, 7.6198753270640855, 5.75, 5.966987561841578, 10.344835668100291, 7.550869155269478, 10.695355300316114, 8.024376922852017, 9.540210951546092, 8.125, 9.969484690795207, 8.625, 8.841859572704255], [5.441609239104837, 5.441609239104837, 5.002777006601212, 5.002777006601212, 3.833333333333334, 6.300352723811933, 3.333333333333334, 3.203222500930576, 1.7066803900469352, 2.8942591644687097, 2.8942591644687097, 2.692582403567252, 2.692582403567252, 0.4583333333333339, 5.0209629997087655, 0.0, 5.0, 2.542261314896964, 2.8734899415944444, 2.8734899415944444, 2.416666666666666, 5.553402360515379, 3.7785946829182118, 3.7785946829182118, 3.833333333333334, 6.300352723811933, 4.9667295857312155, 4.9667295857312155, 5.291666666666666, 7.28022912490473, 6.372289814652179, 7.120003121097942, 7.120003121097942, 7.590198357823799, 7.590198357823799, 7.666666666666666, 9.153020145163987, 8.166666666666666, 9.575721614815482, 10.45194303227822], [8.922505876216116, 5.441609239104837, 8.66185764012419, 5.002777006601212, 6.300352723811933, 3.833333333333334, 6.009252125773315, 6.600379236142147, 5.809268269208629, 7.640467008705103, 2.8942591644687097, 7.566372975210778, 2.692582403567252, 5.0209629997087655, 0.4583333333333339, 5.0, 0.0, 2.5003195518584604, 7.632623693360261, 2.8734899415944444, 5.553402360515379, 2.416666666666666, 8.017342313870463, 3.7785946829182118, 6.300352723811933, 3.833333333333334, 8.641088055203335, 4.9667295857312155, 7.28022912490473, 5.291666666666666, 5.524386588527112, 10.03466214899358, 7.120003121097942, 10.373577546396957, 7.590198357823799, 9.153020145163987, 7.666666666666666, 9.575721614815482, 8.166666666666666, 8.389499460356433], [7.200034149460818, 5.160329158259773, 6.850562453959798, 4.660333808193114, 4.864583512686099, 4.842796508225539, 4.44453450139597, 4.788948557190925, 3.6560512196255925, 5.329088804220053, 1.7854110875223013, 5.1935291400029255, 1.3271210179345279, 2.6406189580776247, 2.60026416926108, 2.542261314896964, 2.5003195518584604, 0.0, 5.138036495678417, 1.089919400280315, 3.2746144856179322, 3.242160590964434, 5.611941463665313, 2.5064700795720722, 4.318668929593326, 4.294113015701708, 6.397726203783902, 3.9647705919469334, 5.568175785396742, 5.5491519032427545, 5.089088689750252, 8.087268880409585, 6.339749459736194, 8.484906135381996, 6.839746880874107, 7.760644235019201, 7.747006145003424, 8.235126782554016, 8.222275742938965, 8.837184032244199], [6.25, 8.00390529679106, 5.75, 7.6198753270640855, 5.814851674806504, 9.154916711800277, 5.367727638395972, 4.809458340253797, 3.5772192062731065, 2.875, 5.767635997529664, 2.416666666666666, 5.553402360515379, 3.125, 7.7308230480331135, 2.8734899415944444, 7.632623693360261, 5.138036495678417, 0.0, 5.0, 2.692582403567252, 7.566372975210778, 1.4166666666666679, 5.196820609222955, 3.477107674170845, 7.879738433335068, 2.875, 5.767635997529664, 4.611466686424179, 8.441897002451523, 7.164864992190752, 5.25, 7.25, 5.75, 7.6198753270640855, 6.73145600891813, 9.762812094883317, 7.198090024443984, 10.090218035305282, 11.224353624334105], [8.00390529679106, 6.25, 7.6198753270640855, 5.75, 5.814851674806504, 5.814851674806504, 5.367727638395972, 5.606715722868894, 4.316403261929155, 5.767635997529664, 2.875, 5.553402360515379, 2.416666666666666, 3.125, 3.125, 2.8734899415944444, 2.8734899415944444, 1.089919400280315, 5.0, 0.0, 2.692582403567252, 2.692582403567252, 5.196820609222955, 1.4166666666666679, 3.477107674170845, 3.477107674170845, 5.767635997529664, 2.875, 4.611466686424179, 4.611466686424179, 4.030888246267677, 7.25, 5.25, 7.6198753270640855, 5.75, 6.73145600891813, 6.73145600891813, 7.198090024443984, 7.198090024443984, 7.882049373699322], [7.668930825088983, 7.668930825088983, 7.198090024443984, 7.198090024443984, 6.25, 8.00390529679106, 5.75, 5.572595266867812, 4.062626188036581, 4.611466686424179, 4.611466686424179, 4.233628598626845, 4.233628598626845, 2.875, 5.767635997529664, 2.416666666666666, 5.553402360515379, 3.2746144856179322, 2.692582403567252, 2.692582403567252, 0.0, 5.0, 2.5344843876242584, 2.5344843876242584, 1.4166666666666679, 5.196820609222955, 3.125, 3.125, 2.875, 5.767635997529664, 4.5537249425993656, 4.930770730829005, 4.930770730829005, 5.367727638395972, 5.367727638395972, 5.25, 7.25, 5.75, 7.6198753270640855, 8.665522680103965], [10.431323022512533, 7.668930825088983, 10.090218035305282, 7.198090024443984, 8.00390529679106, 6.25, 7.6198753270640855, 8.022355619065138, 6.880390353285494, 8.441897002451523, 4.611466686424179, 8.24157819298653, 4.233628598626845, 5.767635997529664, 2.875, 5.553402360515379, 2.416666666666666, 3.242160590964434, 7.566372975210778, 2.692582403567252, 5.0, 0.0, 7.511565157216644, 2.5344843876242584, 5.196820609222955, 1.4166666666666679, 7.7308230480331135, 3.125, 5.767635997529664, 2.875, 3.2633082217942455, 8.620469824783333, 4.930770730829005, 8.877640452282352, 5.367727638395972, 7.25, 5.25, 7.6198753270640855, 5.75, 6.0192915999084065], [7.666666666666668, 9.153020145163989, 7.166666666666668, 8.738484485945554, 7.120003121097944, 10.034662148993581, 6.654154925892378, 6.157695947910129, 4.83337825640703, 4.291666666666668, 6.589264206099023, 3.833333333333334, 6.300352723811933, 4.133408937480594, 8.190547566826314, 3.7785946829182118, 8.017342313870463, 5.611941463665313, 1.4166666666666679, 5.196820609222955, 2.5344843876242584, 7.511565157216644, 0.0, 5.0, 2.692582403567252, 7.566372975210778, 1.4583333333333321, 5.208333333333333, 3.5061949144019033, 7.89261697903666, 6.50267460114677, 3.833333333333332, 6.300352723811932, 4.333333333333332, 6.616477747093069, 5.441609239104835, 8.922505876216114, 5.890199015690762, 9.202958461519014, 10.419371302039767], [9.153020145163989, 7.666666666666668, 8.738484485945554, 7.166666666666668, 7.120003121097944, 7.120003121097944, 6.654154925892378, 6.798646266525218, 5.4033679533575825, 6.589264206099023, 4.291666666666668, 6.300352723811933, 3.833333333333334, 4.133408937480594, 4.133408937480594, 3.7785946829182118, 3.7785946829182118, 2.5064700795720722, 5.196820609222955, 1.4166666666666679, 2.5344843876242584, 2.5344843876242584, 5.0, 0.0, 2.692582403567252, 2.692582403567252, 5.208333333333333, 1.4583333333333321, 3.5061949144019033, 3.5061949144019033, 2.682824382246746, 6.300352723811932, 3.833333333333332, 6.616477747093069, 4.333333333333332, 5.441609239104835, 5.441609239104835, 5.890199015690762, 5.890199015690762, 6.686096497591219], [9.020039418489873, 9.020039418489873, 8.540751983545972, 8.540751983545972, 7.666666666666668, 9.153020145163989, 7.166666666666668, 6.976638245023379, 5.468392176575583, 5.852498279462466, 5.852498279462466, 5.441609239104837, 5.441609239104837, 4.291666666666668, 6.589264206099023, 3.833333333333334, 6.300352723811933, 4.318668929593326, 3.477107674170845, 3.477107674170845, 1.4166666666666679, 5.196820609222955, 2.692582403567252, 2.692582403567252, 0.0, 5.0, 2.5416666666666665, 2.5416666666666665, 1.4583333333333321, 5.208333333333333, 3.810410843762606, 3.7785946829182104, 3.7785946829182104, 4.166666666666666, 4.166666666666666, 3.833333333333332, 6.300352723811932, 4.333333333333332, 6.616477747093069, 7.778290345467778], [11.461287497969463, 9.020039418489873, 11.088031585653265, 8.540751983545972, 9.153020145163989, 7.666666666666668, 8.738484485945554, 9.05416218500372, 7.793468603048099, 9.178874446854099, 5.852498279462466, 8.922505876216116, 5.441609239104837, 6.589264206099023, 4.291666666666668, 6.300352723811933, 3.833333333333334, 4.294113015701708, 7.879738433335068, 3.477107674170845, 5.196820609222955, 1.4166666666666679, 7.566372975210778, 2.692582403567252, 5.0, 0.0, 7.513991578678036, 2.5416666666666665, 5.208333333333333, 1.4583333333333321, 2.1052316964747555, 8.017342313870461, 3.7785946829182104, 8.207381501496753, 4.166666666666666, 6.300352723811932, 3.833333333333332, 6.616477747093069, 4.333333333333332, 4.652138083046217], [9.125, 10.405076885828379, 8.625, 9.969484690795207, 8.500919067959652, 11.057378758096332, 8.024376922852017, 7.571733595104098, 6.199196603756482, 5.75, 7.6198753270640855, 5.291666666666666, 7.28022912490473, 5.367727638395972, 8.877640452282352, 4.9667295857312155, 8.641088055203335, 6.397726203783902, 2.875, 5.767635997529664, 3.125, 7.7308230480331135, 1.4583333333333321, 5.208333333333333, 2.5416666666666665, 7.513991578678036, 0.0, 5.0, 2.692582403567252, 7.566372975210778, 6.095964266921058, 2.375, 5.535397456371133, 2.875, 5.767635997529664, 4.20007440410286, 8.22439207479799, 4.611466686424179, 8.441897002451523, 9.737594926130795], [10.405076885828379, 9.125, 9.969484690795207, 8.625, 8.500919067959652, 8.500919067959652, 8.024376922852017, 8.101575236067148, 6.653185583003781, 7.6198753270640855, 5.75, 7.28022912490473, 5.291666666666666, 5.367727638395972, 5.367727638395972, 4.9667295857312155, 4.9667295857312155, 3.9647705919469334, 5.767635997529664, 2.875, 3.125, 3.125, 5.208333333333333, 1.4583333333333321, 2.5416666666666665, 2.5416666666666665, 5.0, 0.0, 2.692582403567252, 2.692582403567252, 1.4399826530749327, 5.535397456371133, 2.375, 5.767635997529664, 2.875, 4.20007440410286, 4.20007440410286, 4.611466686424179, 4.611466686424179, 5.564291778001932], [10.429075941808076, 10.429075941808076, 9.944376551599401, 9.944376551599401, 9.125, 10.405076885828379, 8.625, 8.426391761418927, 6.920149769045273, 7.198090024443984, 7.198090024443984, 6.770160222952219, 6.770160222952219, 5.75, 7.6198753270640855, 5.291666666666666, 7.28022912490473, 5.568175785396742, 4.611466686424179, 4.611466686424179, 2.875, 5.767635997529664, 3.5061949144019033, 3.5061949144019033, 1.4583333333333321, 5.208333333333333, 2.692582403567252, 2.692582403567252, 0.0, 5.0, 3.5088318341165063, 2.8531780526283317, 2.8531780526283317, 3.125, 3.125, 2.375, 5.535397456371133, 2.875, 5.767635997529664, 7.048114923914213], [12.600223212308581, 10.429075941808076, 12.202074618686774, 9.944376551599401, 10.405076885828379, 9.125, 9.969484690795207, 10.213150825643242, 8.872615887993845, 10.090218035305282, 7.198090024443984, 9.789538775879302, 6.770160222952219, 7.6198753270640855, 5.75, 7.28022912490473, 5.291666666666666, 5.5491519032427545, 8.441897002451523, 4.611466686424179, 5.767635997529664, 2.875, 7.89261697903666, 3.5061949144019033, 5.208333333333333, 1.4583333333333321, 7.566372975210778, 2.692582403567252, 5.0, 0.0, 1.4915329489111968, 7.625, 2.8531780526283317, 7.7308230480331135, 3.125, 5.535397456371133, 2.375, 5.767635997529664, 2.875, 3.2888466102927225], [11.797486705139109, 10.202620362216384, 11.370051028109106, 9.705196035082613, 9.802133086959442, 9.273326412460815, 9.336979215910034, 9.466094183874642, 8.042140064045636, 9.057651481982665, 6.8522857548880065, 8.71999371093364, 6.399301525658918, 6.759598424876568, 5.966987561841578, 6.372289814652179, 5.524386588527112, 5.089088689750252, 7.164864992190752, 4.030888246267677, 4.5537249425993656, 3.2633082217942455, 6.50267460114677, 2.682824382246746, 3.810410843762606, 2.1052316964747555, 6.095964266921058, 1.4399826530749327, 3.5088318341165063, 1.4915329489111968, 0.0, 6.157934110313724, 1.6831286951815685, 6.286296233143663, 2.104825415186384, 4.221524961846879, 2.781014689115219, 4.518699019338112, 3.214251160837551, 4.124317828673646], [11.5, 12.539936203984453, 11.0, 12.083045973594572, 10.793516572461451, 12.90348790056394, 10.307764064044152, 9.90213554848579, 8.48965974788111, 8.125, 9.540210951546092, 7.666666666666666, 9.153020145163987, 7.550869155269478, 10.344835668100291, 7.120003121097942, 10.03466214899358, 8.087268880409585, 5.25, 7.25, 4.930770730829005, 8.620469824783333, 3.833333333333332, 6.300352723811932, 3.7785946829182104, 8.017342313870461, 2.375, 5.535397456371133, 2.8531780526283317, 7.625, 6.157934110313724, 0.0, 5.0, 0.5, 5.024937810560445, 2.692582403567252, 7.566372975210778, 2.9154759474226504, 7.648529270389178, 9.030183170921847], [12.539936203984453, 11.5, 12.083045973594572, 11.0, 10.793516572461451, 10.793516572461451, 10.307764064044152, 10.312936540627721, 8.826616707700419, 9.540210951546092, 8.125, 9.153020145163987, 7.666666666666666, 7.550869155269478, 7.550869155269478, 7.120003121097942, 7.120003121097942, 6.339749459736194, 7.25, 5.25, 4.930770730829005, 4.930770730829005, 6.300352723811932, 3.833333333333332, 3.7785946829182104, 3.7785946829182104, 5.535397456371133, 2.375, 2.8531780526283317, 2.8531780526283317, 1.6831286951815685, 5.0, 0.0, 5.024937810560445, 0.5, 2.692582403567252, 2.692582403567252, 2.9154759474226504, 2.9154759474226504, 4.205329493123201], [12.0, 13.0, 11.5, 12.539936203984453, 11.280514172678478, 13.313526955694348, 10.793516572461451, 10.395319126598242, 8.977462325976234, 8.625, 9.969484690795207, 8.166666666666666, 9.575721614815482, 8.024376922852017, 10.695355300316114, 7.590198357823799, 10.373577546396957, 8.484906135381996, 5.75, 7.6198753270640855, 5.367727638395972, 8.877640452282352, 4.333333333333332, 6.616477747093069, 4.166666666666666, 8.207381501496753, 2.875, 5.767635997529664, 3.125, 7.7308230480331135, 6.286296233143663, 0.5, 5.024937810560445, 0.0, 5.0, 2.5495097567963922, 7.516648189186454, 2.692582403567252, 7.566372975210778, 8.954699637995361], [13.0, 12.0, 12.539936203984453, 11.5, 11.280514172678478, 11.280514172678478, 10.793516572461451, 10.78735516307161, 9.29675586880639, 9.969484690795207, 8.625, 9.575721614815482, 8.166666666666666, 8.024376922852017, 8.024376922852017, 7.590198357823799, 7.590198357823799, 6.839746880874107, 7.6198753270640855, 5.75, 5.367727638395972, 5.367727638395972, 6.616477747093069, 4.333333333333332, 4.166666666666666, 4.166666666666666, 5.767635997529664, 2.875, 3.125, 3.125, 2.104825415186384, 5.024937810560445, 0.5, 5.0, 0.0, 2.5495097567963922, 2.5495097567963922, 2.692582403567252, 2.692582403567252, 4.0406971740092], [12.747548783981962, 12.747548783981962, 12.257650672131263, 12.257650672131263, 11.5, 12.539936203984453, 11.0, 10.792368456565349, 9.288851216850455, 9.46126973508313, 9.46126973508313, 9.020039418489871, 9.020039418489871, 8.125, 9.540210951546092, 7.666666666666666, 9.153020145163987, 7.760644235019201, 6.73145600891813, 6.73145600891813, 5.25, 7.25, 5.441609239104835, 5.441609239104835, 3.833333333333332, 6.300352723811932, 4.20007440410286, 4.20007440410286, 2.375, 5.535397456371133, 4.221524961846879, 2.692582403567252, 2.692582403567252, 2.5495097567963922, 2.5495097567963922, 0.0, 5.0, 0.5, 5.024937810560445, 6.414778027000948], [14.577379737113251, 12.747548783981962, 14.150971698084906, 12.257650672131263, 12.539936203984453, 11.5, 12.083045973594572, 12.238447147113689, 10.822088375107997, 11.81167325149151, 9.46126973508313, 11.461287497969462, 9.020039418489871, 9.540210951546092, 8.125, 9.153020145163987, 7.666666666666666, 7.747006145003424, 9.762812094883317, 6.73145600891813, 7.25, 5.25, 8.922505876216114, 5.441609239104835, 6.300352723811932, 3.833333333333332, 8.22439207479799, 4.20007440410286, 5.535397456371133, 2.375, 2.781014689115219, 7.566372975210778, 2.692582403567252, 7.516648189186454, 2.5495097567963922, 5.0, 0.0, 5.024937810560445, 0.5, 1.5132630904855466], [13.238202294873727, 13.238202294873727, 12.747548783981962, 12.747548783981962, 12.0, 13.0, 11.5, 11.290951608500498, 9.787914185786166, 9.944376551599401, 9.944376551599401, 9.50146187582615, 9.50146187582615, 8.625, 9.969484690795207, 8.166666666666666, 9.575721614815482, 8.235126782554016, 7.198090024443984, 7.198090024443984, 5.75, 7.6198753270640855, 5.890199015690762, 5.890199015690762, 4.333333333333332, 6.616477747093069, 4.611466686424179, 4.611466686424179, 2.875, 5.767635997529664, 4.518699019338112, 2.9154759474226504, 2.9154759474226504, 2.692582403567252, 2.692582403567252, 0.5, 5.024937810560445, 0.0, 5.0, 6.3868470031783495], [15.008331019803634, 13.238202294873727, 14.577379737113251, 12.747548783981962, 13.0, 12.0, 12.539936203984453, 12.680298099647676, 11.253359675144907, 12.202074618686774, 9.944376551599401, 11.843892002959914, 9.50146187582615, 9.969484690795207, 8.625, 9.575721614815482, 8.166666666666666, 8.222275742938965, 10.090218035305282, 7.198090024443984, 7.6198753270640855, 5.75, 9.202958461519014, 5.890199015690762, 6.616477747093069, 4.333333333333332, 8.441897002451523, 4.611466686424179, 5.767635997529664, 2.875, 3.214251160837551, 7.648529270389178, 2.9154759474226504, 7.566372975210778, 2.692582403567252, 5.024937810560445, 0.5, 5.0, 0.0, 1.3901088760740865], [15.835660562640765, 13.671456890196731, 15.424350325426678, 13.192845447697088, 13.688437255233707, 12.186628021557143, 13.248235806958757, 13.464992979454246, 12.089216179832238, 13.178874140942243, 10.479661810770796, 12.844114506186424, 10.055439597221008, 10.818405273333505, 8.841859572704255, 10.45194303227822, 8.389499460356433, 8.837184032244199, 11.224353624334105, 7.882049373699322, 8.665522680103965, 6.0192915999084065, 10.419371302039767, 6.686096497591219, 7.778290345467778, 4.652138083046217, 9.737594926130795, 5.564291778001932, 7.048114923914213, 3.2888466102927225, 4.124317828673646, 9.030183170921847, 4.205329493123201, 8.954699637995361, 4.0406971740092, 6.414778027000948, 1.5132630904855466, 6.3868470031783495, 1.3901088760740865, 0.0]];