totalHoles = 40;
zeroHoleID = 18;
C = [[0.0, 1.5, 3.0, 4.5, 5.0, 1.0714285714285714, 1.8433554143662771, 3.18558616013968, 4.625792816769193, 2.4908476913878057, 2.142857142857143, 2.6156904890857935, 3.6867108287325543, 4.984158578405575, 3.2142857142857144, 3.547059719410039, 4.396775256146398, 5.530066243098831, 4.100304866714182, 4.285714285714286, 4.540632878660805, 5.231380978171587, 6.214285714285714, 5.357142857142857, 5.5631807081773585, 6.139949477954744, 6.996354735991932, 6.428571428571429, 6.601252200321156, 7.094119438820078, 7.847071467257381, 7.5, 7.648529270389178, 8.077747210701755, 8.74642784226795, 9.013878188659973, 10.375534487715749, 10.20518848696796, 15.006681760239935, 14.914619355249737], [1.5, 0.0, 1.5, 3.0, 3.5, 1.8433554143662771, 1.0714285714285714, 1.8433554143662771, 3.18558616013968, 2.031361581202787, 2.6156904890857935, 2.142857142857143, 2.6156904890857935, 3.6867108287325543, 3.547059719410039, 3.2142857142857144, 3.547059719410039, 4.396775256146398, 3.400367627183861, 4.540632878660805, 4.285714285714286, 4.540632878660805, 5.231380978171587, 5.5631807081773585, 5.357142857142857, 5.5631807081773585, 6.139949477954744, 6.601252200321156, 6.428571428571429, 6.601252200321156, 7.094119438820078, 7.648529270389178, 7.5, 7.648529270389178, 8.077747210701755, 8.276472678623424, 9.530961317108458, 9.938471801694497, 14.18037970486009, 14.279601685627716], [3.0, 1.5, 0.0, 1.5, 2.0, 3.18558616013968, 1.8433554143662771, 1.0714285714285714, 1.8433554143662771, 2.559011044423493, 3.6867108287325543, 2.6156904890857935, 2.142857142857143, 2.6156904890857935, 4.396775256146398, 3.547059719410039, 3.2142857142857144, 3.547059719410039, 3.2882366094914763, 5.231380978171587, 4.540632878660805, 4.285714285714286, 4.540632878660805, 6.139949477954744, 5.5631807081773585, 5.357142857142857, 5.5631807081773585, 7.094119438820078, 6.601252200321156, 6.428571428571429, 6.601252200321156, 8.077747210701755, 7.648529270389178, 7.5, 7.648529270389178, 7.762087348130012, 8.861530982322227, 9.89447176213111, 13.47092571781531, 13.77926623911352], [4.5, 3.0, 1.5, 0.0, 0.5, 4.625792816769193, 3.18558616013968, 1.8433554143662771, 1.0714285714285714, 3.6702377548840266, 4.984158578405575, 3.6867108287325543, 2.6156904890857935, 2.142857142857143, 5.530066243098831, 4.396775256146398, 3.547059719410039, 3.2142857142857144, 3.816084380618437, 6.214285714285714, 5.231380978171587, 4.540632878660805, 4.285714285714286, 6.996354735991932, 6.139949477954744, 5.5631807081773585, 5.357142857142857, 7.847071467257381, 7.094119438820078, 6.601252200321156, 6.428571428571429, 8.74642784226795, 8.077747210701755, 7.648529270389178, 7.5, 7.516648189186454, 8.409175885489352, 10.076106447936283, 12.897616478085705, 13.428675730561277], [5.0, 3.5, 2.0, 0.5, 0.0, 5.113507522598697, 3.660322278662559, 2.2689114534669415, 1.1823532398033463, 4.096097459127942, 5.439837932759935, 4.103880692063779, 2.9311835040975986, 2.200417400107052, 5.944041777533299, 4.752013536708542, 3.785714285714286, 3.2529421533530574, 4.100304866714182, 6.585388898066348, 5.533294401961232, 4.729412959213385, 4.314782374439702, 7.327958760243996, 6.399138972692868, 5.718302159892981, 5.380425595790423, 8.144110179279558, 7.319599074556263, 6.732498095970388, 6.447986554905717, 9.013878188659973, 8.276472678623424, 7.762087348130012, 7.516648189186454, 7.5, 8.313246957752144, 10.185138080375783, 12.740070690126405, 13.347273746822959], [1.0714285714285714, 1.8433554143662771, 3.18558616013968, 4.625792816769193, 5.113507522598697, 0.0, 1.5, 3.0, 4.5, 1.7323683252000406, 1.0714285714285714, 1.8433554143662771, 3.18558616013968, 4.625792816769193, 2.1428571428571432, 2.615690489085794, 3.6867108287325543, 4.984158578405575, 3.31604786898316, 3.2142857142857144, 3.547059719410039, 4.396775256146398, 5.530066243098831, 4.285714285714286, 4.540632878660805, 5.231380978171587, 6.214285714285714, 5.357142857142858, 5.5631807081773585, 6.139949477954745, 6.9963547359919325, 6.428571428571429, 6.601252200321156, 7.094119438820078, 7.847071467257381, 8.144110179279558, 9.551099529407256, 9.17138099468238, 14.152162299644969, 13.97472710382668], [1.8433554143662771, 1.0714285714285714, 1.8433554143662771, 3.18558616013968, 3.660322278662559, 1.5, 0.0, 1.5, 3.0, 0.9608369612224126, 1.8433554143662771, 1.0714285714285714, 1.8433554143662771, 3.18558616013968, 2.615690489085794, 2.1428571428571432, 2.615690489085794, 3.6867108287325543, 2.397117742078548, 3.547059719410039, 3.2142857142857144, 3.547059719410039, 4.396775256146398, 4.540632878660805, 4.285714285714286, 4.540632878660805, 5.231380978171587, 5.5631807081773585, 5.357142857142858, 5.5631807081773585, 6.139949477954745, 6.601252200321156, 6.428571428571429, 6.601252200321156, 7.094119438820078, 7.319599074556263, 8.62618165488546, 8.873645195079325, 13.272767943288331, 13.294891929407317], [3.18558616013968, 1.8433554143662771, 1.0714285714285714, 1.8433554143662771, 2.2689114534669415, 3.0, 1.5, 0.0, 1.5, 1.8290203164387886, 3.18558616013968, 1.8433554143662771, 1.0714285714285714, 1.8433554143662771, 3.6867108287325543, 2.615690489085794, 2.1428571428571432, 2.615690489085794, 2.2352121754741217, 4.396775256146398, 3.547059719410039, 3.2142857142857144, 3.547059719410039, 5.231380978171587, 4.540632878660805, 4.285714285714286, 4.540632878660805, 6.139949477954745, 5.5631807081773585, 5.357142857142858, 5.5631807081773585, 7.094119438820078, 6.601252200321156, 6.428571428571429, 6.601252200321156, 6.732498095970388, 7.8802612688616716, 8.82433729787612, 12.511955882166157, 12.755990953383888], [4.625792816769193, 3.18558616013968, 1.8433554143662771, 1.0714285714285714, 1.1823532398033463, 4.5, 3.0, 1.5, 0.0, 3.2042819741465594, 4.625792816769193, 3.18558616013968, 1.8433554143662771, 1.0714285714285714, 4.984158578405575, 3.6867108287325543, 2.615690489085794, 2.1428571428571432, 2.95739301909431, 5.530066243098831, 4.396775256146398, 3.547059719410039, 3.2142857142857144, 6.214285714285714, 5.231380978171587, 4.540632878660805, 4.285714285714286, 6.9963547359919325, 6.139949477954745, 5.5631807081773585, 5.357142857142858, 7.847071467257381, 7.094119438820078, 6.601252200321156, 6.428571428571429, 6.447986554905717, 7.367905088148209, 9.027528922425054, 11.892506511167538, 12.376447753333885], [2.4908476913878057, 2.031361581202787, 2.559011044423493, 3.6702377548840266, 4.096097459127942, 1.7323683252000406, 0.9608369612224126, 1.8290203164387886, 3.2042819741465594, 0.0, 1.4469955680539468, 0.1261103717482854, 1.561413294985417, 3.059431177466155, 1.8661218344808235, 1.1851237711820655, 1.9561763736727644, 3.278526140937457, 1.614027495072216, 2.6771147894013287, 2.2558925611664327, 2.740649357254732, 3.799113916601541, 3.625933653210371, 3.3270861890516503, 3.6730927242955573, 4.518154248492152, 4.628581260676174, 4.39839426820486, 4.665616764209432, 5.3563128588952695, 5.656505324246473, 5.469749549579343, 5.686850427698811, 6.265969632779342, 6.524549383383585, 7.887495154166433, 7.929684548773351, 12.515929758794744, 12.450752349414103], [2.142857142857143, 2.6156904890857935, 3.6867108287325543, 4.984158578405575, 5.439837932759935, 1.0714285714285714, 1.8433554143662771, 3.18558616013968, 4.625792816769193, 1.4469955680539468, 0.0, 1.5, 3.0, 4.5, 1.0714285714285716, 1.8433554143662771, 3.18558616013968, 4.625792816769193, 2.734184577917601, 2.142857142857143, 2.6156904890857935, 3.6867108287325543, 4.984158578405575, 3.214285714285714, 3.5470597194100386, 4.396775256146397, 5.530066243098831, 4.2857142857142865, 4.540632878660806, 5.231380978171588, 6.214285714285714, 5.357142857142858, 5.5631807081773585, 6.139949477954745, 6.9963547359919325, 7.327958760243997, 8.780159844949015, 8.147300473902128, 13.329021585443307, 13.055115591530123], [2.6156904890857935, 2.142857142857143, 2.6156904890857935, 3.6867108287325543, 4.103880692063779, 1.8433554143662771, 1.0714285714285714, 1.8433554143662771, 3.18558616013968, 0.1261103717482854, 1.5, 0.0, 1.5, 3.0, 1.8433554143662771, 1.0714285714285716, 1.8433554143662771, 3.18558616013968, 1.4918998981575302, 2.6156904890857935, 2.142857142857143, 2.6156904890857935, 3.6867108287325543, 3.5470597194100386, 3.214285714285714, 3.5470597194100386, 4.396775256146397, 4.540632878660806, 4.2857142857142865, 4.540632878660806, 5.231380978171588, 5.5631807081773585, 5.357142857142858, 5.5631807081773585, 6.139949477954745, 6.399138972692868, 7.763936799413942, 7.810624476351368, 12.391347285348097, 12.324658084360989], [3.6867108287325543, 2.6156904890857935, 2.142857142857143, 2.6156904890857935, 2.9311835040975986, 3.18558616013968, 1.8433554143662771, 1.0714285714285714, 1.8433554143662771, 1.561413294985417, 3.0, 1.5, 0.0, 1.5, 3.18558616013968, 1.8433554143662771, 1.0714285714285716, 1.8433554143662771, 1.2148108108353535, 3.6867108287325543, 2.6156904890857935, 2.142857142857143, 2.6156904890857935, 4.396775256146397, 3.5470597194100386, 3.214285714285714, 3.5470597194100386, 5.231380978171588, 4.540632878660806, 4.2857142857142865, 4.540632878660806, 6.139949477954745, 5.5631807081773585, 5.357142857142858, 5.5631807081773585, 5.718302159892982, 6.925765109194285, 7.75456023312169, 11.572733413804778, 11.741309581328503], [4.984158578405575, 3.6867108287325543, 2.6156904890857935, 2.142857142857143, 2.200417400107052, 4.625792816769193, 3.18558616013968, 1.8433554143662771, 1.0714285714285714, 3.059431177466155, 4.5, 3.0, 1.5, 0.0, 4.625792816769193, 3.18558616013968, 1.8433554143662771, 1.0714285714285716, 2.285993286543609, 4.984158578405575, 3.6867108287325543, 2.6156904890857935, 2.142857142857143, 5.530066243098831, 4.396775256146397, 3.5470597194100386, 3.214285714285714, 6.214285714285714, 5.231380978171588, 4.540632878660806, 4.2857142857142865, 6.9963547359919325, 6.139949477954745, 5.5631807081773585, 5.357142857142858, 5.380425595790424, 6.336697094715183, 7.9850206078410055, 10.900038063597924, 11.327819934691242], [3.2142857142857144, 3.547059719410039, 4.396775256146398, 5.530066243098831, 5.944041777533299, 2.1428571428571432, 2.615690489085794, 3.6867108287325543, 4.984158578405575, 1.8661218344808235, 1.0714285714285716, 1.8433554143662771, 3.18558616013968, 4.625792816769193, 0.0, 1.5, 3.0, 4.5, 2.500255089026734, 1.0714285714285712, 1.843355414366277, 3.18558616013968, 4.625792816769193, 2.1428571428571423, 2.615690489085793, 3.686710828732554, 4.984158578405574, 3.2142857142857144, 3.547059719410039, 4.396775256146398, 5.530066243098831, 4.285714285714286, 4.540632878660805, 5.231380978171587, 6.214285714285714, 6.585388898066348, 8.078046171718356, 7.137135212521719, 12.543438661797724, 12.160386793081244], [3.547059719410039, 3.2142857142857144, 3.547059719410039, 4.396775256146398, 4.752013536708542, 2.615690489085794, 2.1428571428571432, 2.615690489085794, 3.6867108287325543, 1.1851237711820655, 1.8433554143662771, 1.0714285714285716, 1.8433554143662771, 3.18558616013968, 1.5, 0.0, 1.5, 3.0, 1.00063755186585, 1.843355414366277, 1.0714285714285712, 1.843355414366277, 3.18558616013968, 2.615690489085793, 2.1428571428571423, 2.615690489085793, 3.686710828732554, 3.547059719410039, 3.2142857142857144, 3.547059719410039, 4.396775256146398, 4.540632878660805, 4.285714285714286, 4.540632878660805, 5.231380978171587, 5.533294401961232, 6.960052993681335, 6.7502628645372535, 11.542119587977412, 11.372605714854293], [4.396775256146398, 3.547059719410039, 3.2142857142857144, 3.547059719410039, 3.785714285714286, 3.6867108287325543, 2.615690489085794, 2.1428571428571432, 2.615690489085794, 1.9561763736727644, 3.18558616013968, 1.8433554143662771, 1.0714285714285716, 1.8433554143662771, 3.0, 1.5, 0.0, 1.5, 0.5012738874149357, 3.18558616013968, 1.843355414366277, 1.0714285714285712, 1.843355414366277, 3.686710828732554, 2.615690489085793, 2.1428571428571423, 2.615690489085793, 4.396775256146398, 3.547059719410039, 3.2142857142857144, 3.547059719410039, 5.231380978171587, 4.540632878660805, 4.285714285714286, 4.540632878660805, 4.729412959213385, 6.010810710485851, 6.685312142217738, 10.658479990320469, 10.73765870819744], [5.530066243098831, 4.396775256146398, 3.547059719410039, 3.2142857142857144, 3.2529421533530574, 4.984158578405575, 3.6867108287325543, 2.615690489085794, 2.1428571428571432, 3.278526140937457, 4.625792816769193, 3.18558616013968, 1.8433554143662771, 1.0714285714285716, 4.5, 3.0, 1.5, 0.0, 2.0003188521343493, 4.625792816769193, 3.18558616013968, 1.843355414366277, 1.0714285714285712, 4.984158578405574, 3.686710828732554, 2.615690489085793, 2.1428571428571423, 5.530066243098831, 4.396775256146398, 3.547059719410039, 3.2142857142857144, 6.214285714285714, 5.231380978171587, 4.540632878660805, 4.285714285714286, 4.314782374439702, 5.321405182818758, 6.951312691673218, 9.924004576024329, 10.283893636260544], [4.100304866714182, 3.400367627183861, 3.2882366094914763, 3.816084380618437, 4.100304866714182, 3.31604786898316, 2.397117742078548, 2.2352121754741217, 2.95739301909431, 1.614027495072216, 2.734184577917601, 1.4918998981575302, 1.2148108108353535, 2.285993286543609, 2.500255089026734, 1.00063755186585, 0.5012738874149357, 2.0003188521343493, 0.0, 2.7060495342163735, 1.4396888836247408, 1.1500887277217584, 2.252266432203937, 3.269564347188806, 2.332391695322242, 2.165652562256504, 2.9051765902278923, 4.043923382870973, 3.332163910513799, 3.2176569622212083, 3.7554382336194285, 4.930770730829005, 4.366062299143245, 4.2793106921559225, 4.697073557013984, 4.930770730829005, 6.275269269743751, 6.633940193431434, 10.908911374712295, 10.897909717722413], [4.285714285714286, 4.540632878660805, 5.231380978171587, 6.214285714285714, 6.585388898066348, 3.2142857142857144, 3.547059719410039, 4.396775256146398, 5.530066243098831, 2.6771147894013287, 2.142857142857143, 2.6156904890857935, 3.6867108287325543, 4.984158578405575, 1.0714285714285712, 1.843355414366277, 3.18558616013968, 4.625792816769193, 2.7060495342163735, 0.0, 1.5, 3.0, 4.5, 1.0714285714285712, 1.843355414366277, 3.18558616013968, 4.625792816769193, 2.1428571428571432, 2.615690489085794, 3.6867108287325543, 4.984158578405575, 3.2142857142857144, 3.547059719410039, 4.396775256146398, 5.530066243098831, 5.944041777533299, 7.464206010642997, 6.147748485334774, 11.802915269826222, 11.296454717026199], [4.540632878660805, 4.285714285714286, 4.540632878660805, 5.231380978171587, 5.533294401961232, 3.547059719410039, 3.2142857142857144, 3.547059719410039, 4.396775256146398, 2.2558925611664327, 2.6156904890857935, 2.142857142857143, 2.6156904890857935, 3.6867108287325543, 1.843355414366277, 1.0714285714285712, 1.843355414366277, 3.18558616013968, 1.4396888836247408, 1.5, 0.0, 1.5, 3.0, 1.843355414366277, 1.0714285714285712, 1.843355414366277, 3.18558616013968, 2.615690489085794, 2.1428571428571432, 2.615690489085794, 3.6867108287325543, 3.547059719410039, 3.2142857142857144, 3.547059719410039, 4.396775256146398, 4.752013536708542, 6.237137090986373, 5.694046113043804, 10.732729382015881, 10.443708295524882], [5.231380978171587, 4.540632878660805, 4.285714285714286, 4.540632878660805, 4.729412959213385, 4.396775256146398, 3.547059719410039, 3.2142857142857144, 3.547059719410039, 2.740649357254732, 3.6867108287325543, 2.6156904890857935, 2.142857142857143, 2.6156904890857935, 3.18558616013968, 1.843355414366277, 1.0714285714285712, 1.843355414366277, 1.1500887277217584, 3.0, 1.5, 0.0, 1.5, 3.18558616013968, 1.843355414366277, 1.0714285714285712, 1.843355414366277, 3.6867108287325543, 2.615690489085794, 2.1428571428571432, 2.615690489085794, 4.396775256146398, 3.547059719410039, 3.2142857142857144, 3.547059719410039, 3.785714285714286, 5.156489776407674, 5.616895124176922, 9.776203307443895, 9.748445863326474], [6.214285714285714, 5.231380978171587, 4.540632878660805, 4.285714285714286, 4.314782374439702, 5.530066243098831, 4.396775256146398, 3.547059719410039, 3.2142857142857144, 3.799113916601541, 4.984158578405575, 3.6867108287325543, 2.6156904890857935, 2.142857142857143, 4.625792816769193, 3.18558616013968, 1.843355414366277, 1.0714285714285712, 2.252266432203937, 4.5, 3.0, 1.5, 0.0, 4.625792816769193, 3.18558616013968, 1.843355414366277, 1.0714285714285712, 4.984158578405575, 3.6867108287325543, 2.615690489085794, 2.1428571428571432, 5.530066243098831, 4.396775256146398, 3.547059719410039, 3.2142857142857144, 3.2529421533530574, 4.3332314196954425, 5.931008391035686, 8.969772696638803, 9.246261435758715], [5.357142857142857, 5.5631807081773585, 6.139949477954744, 6.996354735991932, 7.327958760243996, 4.285714285714286, 4.540632878660805, 5.231380978171587, 6.214285714285714, 3.625933653210371, 3.214285714285714, 3.5470597194100386, 4.396775256146397, 5.530066243098831, 2.1428571428571423, 2.615690489085793, 3.686710828732554, 4.984158578405574, 3.269564347188806, 1.0714285714285712, 1.843355414366277, 3.18558616013968, 4.625792816769193, 0.0, 1.5, 3.0, 4.5, 1.071428571428572, 1.8433554143662776, 3.18558616013968, 4.625792816769193, 2.1428571428571432, 2.615690489085794, 3.6867108287325543, 4.984158578405575, 5.439837932759935, 6.962027804711169, 5.191034791195442, 11.116459986815007, 10.470945026961472], [5.5631807081773585, 5.357142857142857, 5.5631807081773585, 6.139949477954744, 6.399138972692868, 4.540632878660805, 4.285714285714286, 4.540632878660805, 5.231380978171587, 3.3270861890516503, 3.5470597194100386, 3.214285714285714, 3.5470597194100386, 4.396775256146397, 2.615690489085793, 2.1428571428571423, 2.615690489085793, 3.686710828732554, 2.332391695322242, 1.843355414366277, 1.0714285714285712, 1.843355414366277, 3.18558616013968, 1.5, 0.0, 1.5, 3.0, 1.8433554143662776, 1.071428571428572, 1.8433554143662776, 3.18558616013968, 2.615690489085794, 2.1428571428571432, 2.615690489085794, 3.6867108287325543, 4.103880692063779, 5.62648548172039, 4.644802676318418, 9.972880915730876, 9.544728573712348], [6.139949477954744, 5.5631807081773585, 5.357142857142857, 5.5631807081773585, 5.718302159892981, 5.231380978171587, 4.540632878660805, 4.285714285714286, 4.540632878660805, 3.6730927242955573, 4.396775256146397, 3.5470597194100386, 3.214285714285714, 3.5470597194100386, 3.686710828732554, 2.615690489085793, 2.1428571428571423, 2.615690489085793, 2.165652562256504, 3.18558616013968, 1.843355414366277, 1.0714285714285712, 1.843355414366277, 3.0, 1.5, 0.0, 1.5, 3.18558616013968, 1.8433554143662776, 1.071428571428572, 1.8433554143662776, 3.6867108287325543, 2.615690489085794, 2.1428571428571432, 2.615690489085794, 2.9311835040975986, 4.398277685463851, 4.5498946801511755, 8.93538051121714, 8.778553259736638], [6.996354735991932, 6.139949477954744, 5.5631807081773585, 5.357142857142857, 5.380425595790423, 6.214285714285714, 5.231380978171587, 4.540632878660805, 4.285714285714286, 4.518154248492152, 5.530066243098831, 4.396775256146397, 3.5470597194100386, 3.214285714285714, 4.984158578405574, 3.686710828732554, 2.615690489085793, 2.1428571428571423, 2.9051765902278923, 4.625792816769193, 3.18558616013968, 1.843355414366277, 1.0714285714285712, 4.5, 3.0, 1.5, 0.0, 4.625792816769193, 3.18558616013968, 1.8433554143662776, 1.071428571428572, 4.984158578405575, 3.6867108287325543, 2.615690489085794, 2.1428571428571432, 2.2004174001070522, 3.3959320253633116, 4.93243259447113, 8.045103852724901, 8.217308021622685], [6.428571428571429, 6.601252200321156, 7.094119438820078, 7.847071467257381, 8.144110179279558, 5.357142857142858, 5.5631807081773585, 6.139949477954745, 6.9963547359919325, 4.628581260676174, 4.2857142857142865, 4.540632878660806, 5.231380978171588, 6.214285714285714, 3.2142857142857144, 3.547059719410039, 4.396775256146398, 5.530066243098831, 4.043923382870973, 2.1428571428571432, 2.615690489085794, 3.6867108287325543, 4.984158578405575, 1.071428571428572, 1.8433554143662776, 3.18558616013968, 4.625792816769193, 0.0, 1.5, 3.0, 4.5, 1.0714285714285712, 1.843355414366277, 3.18558616013968, 4.625792816769193, 5.113507522598697, 6.597060656471998, 4.288914936812565, 10.494687931404542, 9.693678801611997], [6.601252200321156, 6.428571428571429, 6.601252200321156, 7.094119438820078, 7.319599074556263, 5.5631807081773585, 5.357142857142858, 5.5631807081773585, 6.139949477954745, 4.39839426820486, 4.540632878660806, 4.2857142857142865, 4.540632878660806, 5.231380978171588, 3.547059719410039, 3.2142857142857144, 3.547059719410039, 4.396775256146398, 3.332163910513799, 2.615690489085794, 2.1428571428571432, 2.615690489085794, 3.6867108287325543, 1.8433554143662776, 1.071428571428572, 1.8433554143662776, 3.18558616013968, 1.5, 0.0, 1.5, 3.0, 1.843355414366277, 1.0714285714285712, 1.843355414366277, 3.18558616013968, 3.660322278662559, 5.168047699819502, 3.608620378170467, 9.274758535857316, 8.684961859272242], [7.094119438820078, 6.601252200321156, 6.428571428571429, 6.601252200321156, 6.732498095970388, 6.139949477954745, 5.5631807081773585, 5.357142857142858, 5.5631807081773585, 4.665616764209432, 5.231380978171588, 4.540632878660806, 4.2857142857142865, 4.540632878660806, 4.396775256146398, 3.547059719410039, 3.2142857142857144, 3.547059719410039, 3.2176569622212083, 3.6867108287325543, 2.615690489085794, 2.1428571428571432, 2.615690489085794, 3.18558616013968, 1.8433554143662776, 1.071428571428572, 1.8433554143662776, 3.0, 1.5, 0.0, 1.5, 3.18558616013968, 1.843355414366277, 1.0714285714285712, 1.843355414366277, 2.2689114534669415, 3.7942357267371474, 3.48561195951018, 8.148853724257672, 7.8351589827651456], [7.847071467257381, 7.094119438820078, 6.601252200321156, 6.428571428571429, 6.447986554905717, 6.9963547359919325, 6.139949477954745, 5.5631807081773585, 5.357142857142858, 5.3563128588952695, 6.214285714285714, 5.231380978171588, 4.540632878660806, 4.2857142857142865, 5.530066243098831, 4.396775256146398, 3.547059719410039, 3.2142857142857144, 3.7554382336194285, 4.984158578405575, 3.6867108287325543, 2.615690489085794, 2.1428571428571432, 4.625792816769193, 3.18558616013968, 1.8433554143662776, 1.071428571428572, 4.5, 3.0, 1.5, 0.0, 4.625792816769193, 3.18558616013968, 1.843355414366277, 1.0714285714285712, 1.182353239803346, 2.565878499166997, 3.972007103570389, 7.161458520457833, 7.2007548266412424], [7.5, 7.648529270389178, 8.077747210701755, 8.74642784226795, 9.013878188659973, 6.428571428571429, 6.601252200321156, 7.094119438820078, 7.847071467257381, 5.656505324246473, 5.357142857142858, 5.5631807081773585, 6.139949477954745, 6.9963547359919325, 4.285714285714286, 4.540632878660805, 5.231380978171587, 6.214285714285714, 4.930770730829005, 3.2142857142857144, 3.547059719410039, 4.396775256146398, 5.530066243098831, 2.1428571428571432, 2.615690489085794, 3.6867108287325543, 4.984158578405575, 1.0714285714285712, 1.843355414366277, 3.18558616013968, 4.625792816769193, 0.0, 1.5, 3.0, 4.5, 5.0, 6.392848021353003, 3.484057811571631, 9.949732925261067, 8.977195888880967], [7.648529270389178, 7.5, 7.648529270389178, 8.077747210701755, 8.276472678623424, 6.601252200321156, 6.428571428571429, 6.601252200321156, 7.094119438820078, 5.469749549579343, 5.5631807081773585, 5.357142857142858, 5.5631807081773585, 6.139949477954745, 4.540632878660805, 4.285714285714286, 4.540632878660805, 5.231380978171587, 4.366062299143245, 3.547059719410039, 3.2142857142857144, 3.547059719410039, 4.396775256146398, 2.615690489085794, 2.1428571428571432, 2.615690489085794, 3.6867108287325543, 1.843355414366277, 1.0714285714285712, 1.843355414366277, 3.18558616013968, 1.5, 0.0, 1.5, 3.0, 3.5, 4.904693012468355, 2.601155230451758, 8.653314764003106, 7.877258394615041], [8.077747210701755, 7.648529270389178, 7.5, 7.648529270389178, 7.762087348130012, 7.094119438820078, 6.601252200321156, 6.428571428571429, 6.601252200321156, 5.686850427698811, 6.139949477954745, 5.5631807081773585, 5.357142857142858, 5.5631807081773585, 5.231380978171587, 4.540632878660805, 4.285714285714286, 4.540632878660805, 4.2793106921559225, 4.396775256146398, 3.547059719410039, 3.2142857142857144, 3.547059719410039, 3.6867108287325543, 2.615690489085794, 2.1428571428571432, 2.615690489085794, 3.18558616013968, 1.843355414366277, 1.0714285714285712, 1.843355414366277, 3.0, 1.5, 0.0, 1.5, 2.0, 3.426882149855, 2.4276239888911486, 7.433877018474552, 6.929094717473916], [8.74642784226795, 8.077747210701755, 7.648529270389178, 7.5, 7.516648189186454, 7.847071467257381, 7.094119438820078, 6.601252200321156, 6.428571428571429, 6.265969632779342, 6.9963547359919325, 6.139949477954745, 5.5631807081773585, 5.357142857142858, 6.214285714285714, 5.231380978171587, 4.540632878660805, 4.285714285714286, 4.697073557013984, 5.530066243098831, 4.396775256146398, 3.547059719410039, 3.2142857142857144, 4.984158578405575, 3.6867108287325543, 2.615690489085794, 2.1428571428571432, 4.625792816769193, 3.18558616013968, 1.843355414366277, 1.0714285714285712, 4.5, 3.0, 1.5, 0.0, 0.5, 1.9826822719320767, 3.0855644426867843, 6.336023883059002, 6.2027016204164385], [9.013878188659973, 8.276472678623424, 7.762087348130012, 7.516648189186454, 7.5, 8.144110179279558, 7.319599074556263, 6.732498095970388, 6.447986554905717, 6.524549383383585, 7.327958760243997, 6.399138972692868, 5.718302159892982, 5.380425595790424, 6.585388898066348, 5.533294401961232, 4.729412959213385, 4.314782374439702, 4.930770730829005, 5.944041777533299, 4.752013536708542, 3.785714285714286, 3.2529421533530574, 5.439837932759935, 4.103880692063779, 2.9311835040975986, 2.2004174001070522, 5.113507522598697, 3.660322278662559, 2.2689114534669415, 1.182353239803346, 5.0, 3.5, 2.0, 0.5, 0.0, 1.5254064700640872, 3.4248831361304504, 6.008834248032147, 6.024441217904001], [10.375534487715749, 9.530961317108458, 8.861530982322227, 8.409175885489352, 8.313246957752144, 9.551099529407256, 8.62618165488546, 7.8802612688616716, 7.367905088148209, 7.887495154166433, 8.780159844949015, 7.763936799413942, 6.925765109194285, 6.336697094715183, 8.078046171718356, 6.960052993681335, 6.010810710485851, 5.321405182818758, 6.275269269743751, 7.464206010642997, 6.237137090986373, 5.156489776407674, 4.3332314196954425, 6.962027804711169, 5.62648548172039, 4.398277685463851, 3.3959320253633116, 6.597060656471998, 5.168047699819502, 3.7942357267371474, 2.565878499166997, 6.392848021353003, 4.904693012468355, 3.426882149855, 1.9826822719320767, 1.5254064700640872, 0.0, 4.167599866313523, 4.649857573189892, 5.037814729493031], [10.20518848696796, 9.938471801694497, 9.89447176213111, 10.076106447936283, 10.185138080375783, 9.17138099468238, 8.873645195079325, 8.82433729787612, 9.027528922425054, 7.929684548773351, 8.147300473902128, 7.810624476351368, 7.75456023312169, 7.9850206078410055, 7.137135212521719, 6.7502628645372535, 6.685312142217738, 6.951312691673218, 6.633940193431434, 6.147748485334774, 5.694046113043804, 5.616895124176922, 5.931008391035686, 5.191034791195442, 4.644802676318418, 4.5498946801511755, 4.93243259447113, 4.288914936812565, 3.608620378170467, 3.48561195951018, 3.972007103570389, 3.484057811571631, 2.601155230451758, 2.4276239888911486, 3.0855644426867843, 3.4248831361304504, 4.167599866313523, 0.0, 6.651131084360693, 5.504988410012787], [15.006681760239935, 14.18037970486009, 13.47092571781531, 12.897616478085705, 12.740070690126405, 14.152162299644969, 13.272767943288331, 12.511955882166157, 11.892506511167538, 12.515929758794744, 13.329021585443307, 12.391347285348097, 11.572733413804778, 10.900038063597924, 12.543438661797724, 11.542119587977412, 10.658479990320469, 9.924004576024329, 10.908911374712295, 11.802915269826222, 10.732729382015881, 9.776203307443895, 8.969772696638803, 11.116459986815007, 9.972880915730876, 8.93538051121714, 8.045103852724901, 10.494687931404542, 9.274758535857316, 8.148853724257672, 7.161458520457833, 9.949732925261067, 8.653314764003106, 7.433877018474552, 6.336023883059002, 6.008834248032147, 4.649857573189892, 6.651131084360693, 0.0, 2.132278763851029], [14.914619355249737, 14.279601685627716, 13.77926623911352, 13.428675730561277, 13.347273746822959, 13.97472710382668, 13.294891929407317, 12.755990953383888, 12.376447753333885, 12.450752349414103, 13.055115591530123, 12.324658084360989, 11.741309581328503, 11.327819934691242, 12.160386793081244, 11.372605714854293, 10.73765870819744, 10.283893636260544, 10.897909717722413, 11.296454717026199, 10.443708295524882, 9.748445863326474, 9.246261435758715, 10.470945026961472, 9.544728573712348, 8.778553259736638, 8.217308021622685, 9.693678801611997, 8.684961859272242, 7.8351589827651456, 7.2007548266412424, 8.977195888880967, 7.877258394615041, 6.929094717473916, 6.2027016204164385, 6.024441217904001, 5.037814729493031, 5.504988410012787, 2.132278763851029, 0.0]];