totalHoles = 40;
zeroHoleID = 26;
C = [[0.0, 2.1666666666666665, 2.666666666666667, 4.333333333333333, 6.5, 7.0, 1.118033988749895, 4.935697631653617, 3.05959329178097, 5.060742150229659, 7.158910531638177, 6.740383289372431, 4.703906473465551, 6.1948959725818735, 8.00097650290263, 4.739789499960056, 5.500518606670102, 5.25, 5.679519737129579, 6.807369372803107, 8.355387483534201, 6.791669384540001, 6.795116710632064, 7.900861415764177, 9.38416218956173, 9.027831196423154, 9.886947765165502, 11.108133281519446, 11.783138680132957, 10.5, 10.721214690716927, 10.833333333333334, 11.359039474259157, 12.349089035228468, 12.619429464123963, 11.31861789756643, 12.015036875145707, 13.038404810405298, 11.510864433221338, 12.47441826744282], [2.1666666666666665, 0.0, 0.5000000000000004, 2.1666666666666665, 4.333333333333334, 4.833333333333334, 1.9436506316151, 2.8480012484391777, 1.5811388300841898, 3.0595932917809705, 5.060742150229659, 5.111737950838423, 3.907124902021946, 4.703906473465551, 6.1948959725818735, 4.346460892428333, 4.66462637340887, 5.679519737129579, 5.25, 5.679519737129579, 6.807369372803109, 6.224789480326139, 6.269968101992227, 6.795116710632064, 7.900861415764177, 8.639480597813737, 9.027831196423154, 9.886947765165502, 10.795129991020108, 10.721214690716927, 10.5, 10.51189802081432, 10.721214690716927, 11.359039474259157, 11.559027256266468, 11.01135777277262, 11.31861789756643, 12.015036875145707, 11.620145342368906, 11.805130711309854], [2.666666666666667, 0.5000000000000004, 0.0, 1.666666666666666, 3.833333333333333, 4.333333333333333, 2.386303510546059, 2.386303510546059, 1.5, 2.63523138347365, 4.585605497399201, 4.796736636819219, 3.875, 4.439602397112206, 5.813209335451268, 4.404578705533254, 4.596872228963338, 5.888430275643171, 5.273755777432247, 5.50820095655358, 6.5005341660854645, 6.195041934648551, 6.25, 6.6149032074887115, 7.605279598921908, 8.625, 8.892978659844205, 9.652378089247113, 10.616980471199989, 10.833333333333334, 10.51189802081432, 10.5, 10.631452289211374, 11.17785509140481, 11.359039474259157, 11.0, 11.211353372561426, 11.8227652339788, 11.702326454361305, 11.702326454361305], [4.333333333333333, 2.1666666666666665, 1.666666666666666, 0.0, 2.166666666666667, 2.666666666666667, 3.9616214413349042, 1.1180339887498953, 2.2422706745122847, 1.58113883008419, 3.05959329178097, 4.026891078402963, 4.218222703672457, 3.907124902021946, 4.703906473465551, 4.970586380274976, 4.759271199833864, 6.807369372803107, 5.679519737129579, 5.25, 5.679519737129579, 6.384208957165238, 6.468406123441676, 6.269968101992227, 6.795116710632064, 8.784554785404765, 8.639480597813737, 9.027831196423154, 10.179204034682034, 11.359039474259157, 10.721214690716927, 10.631452289211374, 10.5, 10.721214690716927, 10.833333333333334, 11.125546178852424, 11.01135777277262, 11.31861789756643, 12.122064363978788, 11.510864433221338], [6.5, 4.333333333333334, 3.833333333333333, 2.166666666666667, 0.0, 0.5, 6.082762530298219, 1.9436506316150997, 4.1163630117428225, 2.2422706745122847, 1.5811388300841898, 3.9611522976893796, 5.450694400206679, 4.218222703672457, 3.907124902021946, 6.317485617477113, 5.738595158444569, 8.355387483534201, 6.807369372803109, 5.679519737129579, 5.25, 7.221989534193997, 7.331912741191377, 6.468406123441676, 6.269968101992227, 9.438488726721268, 8.784554785404765, 8.639480597813737, 10.004321412531741, 12.349089035228468, 11.359039474259157, 11.17785509140481, 10.721214690716927, 10.5, 10.51189802081432, 11.648795836671036, 11.125546178852424, 11.01135777277262, 12.971121771072847, 11.620145342368906], [7.0, 4.833333333333334, 4.333333333333333, 2.666666666666667, 0.5, 0.0, 6.576473218982953, 2.386303510546058, 4.585605497399201, 2.635231383473649, 1.5, 4.11131102493902, 5.813209335451268, 4.439602397112206, 3.875, 6.689734609399061, 6.052875582049374, 8.75, 7.136078132357515, 5.888430275643171, 5.273755777432247, 7.491395508382671, 7.605279598921908, 6.6149032074887115, 6.25, 9.652378089247113, 8.892978659844205, 8.625, 10.03021550423492, 12.619429464123963, 11.559027256266468, 11.359039474259157, 10.833333333333334, 10.51189802081432, 10.5, 11.8227652339788, 11.211353372561426, 11.0, 13.209844813622906, 11.702326454361305], [1.118033988749895, 1.9436506316151, 2.386303510546059, 3.9616214413349042, 6.082762530298219, 6.576473218982953, 0.0, 4.333333333333334, 2.2236106773543893, 4.362084109434134, 6.519202405202649, 5.784450623825827, 3.600009645048808, 5.200327179877991, 7.10743448791475, 3.6235349838501074, 4.393044827351361, 4.2793106921559225, 4.565115308267446, 5.723368277897592, 7.352720584926371, 5.674756977367218, 5.679519737129579, 6.807369372803109, 8.355387483534201, 7.926857475976495, 8.7703137217421, 10.019512213675874, 10.670506675433115, 9.513148795220223, 9.645090864153524, 9.74394398816231, 10.244239573752873, 11.236102527122116, 11.510864433221338, 10.232030318780552, 10.89852181618121, 11.926860441876563, 10.5, 11.359039474259157], [4.935697631653617, 2.8480012484391777, 2.386303510546059, 1.1180339887498953, 1.9436506316150997, 2.386303510546058, 4.333333333333334, 0.0, 2.2236106773543893, 0.5, 2.2236106773543884, 2.9285298739269514, 3.600009645048808, 2.875, 3.6000096450488077, 4.438971003775811, 4.003390263226402, 6.43611770488321, 5.0173310744967905, 4.2793106921559225, 4.565115308267446, 5.58279061629237, 5.679519737129579, 5.25, 5.679519737129579, 7.926857475976495, 7.625, 7.926857475976495, 9.10861590299193, 10.65885130354632, 9.867173410410457, 9.74394398816231, 9.513148795220223, 9.645090864153524, 9.74394398816231, 10.232030318780552, 10.0, 10.232030318780552, 11.359039474259157, 10.5], [3.05959329178097, 1.5811388300841898, 1.5, 2.2422706745122847, 4.1163630117428225, 4.585605497399201, 2.2236106773543893, 2.2236106773543893, 0.0, 2.166666666666667, 4.333333333333333, 3.705551151084365, 2.375, 3.2148202818267224, 4.941498029725174, 2.9383717532633375, 3.1043837600620567, 4.601479230759508, 3.783186487605389, 4.103690750748377, 5.36255018106539, 4.69540992997005, 4.75, 5.220818369225695, 6.429640563653444, 7.125, 7.447151767249305, 8.339268719604721, 9.217816631634495, 9.386751893552482, 9.013878188659973, 9.0, 9.153020145163987, 9.782353727219459, 9.988882709181132, 9.5, 9.74394398816231, 10.44163673845139, 10.232030318780552, 10.232030318780552], [5.060742150229659, 3.0595932917809705, 2.63523138347365, 1.58113883008419, 2.2422706745122847, 2.635231383473649, 4.362084109434134, 0.5, 2.166666666666667, 0.0, 2.166666666666666, 2.446173109011075, 3.2148202818267224, 2.375, 3.214820281826722, 4.076236242099901, 3.5631149780031213, 6.117484050744318, 4.601479230759508, 3.783186487605389, 4.103690750748377, 5.1209043157920755, 5.220818369225695, 4.75, 5.220818369225695, 7.447151767249305, 7.125, 7.447151767249305, 8.61488092649976, 10.215728613814637, 9.386751893552482, 9.257129384665877, 9.013878188659973, 9.153020145163987, 9.257129384665877, 9.74394398816231, 9.5, 9.74394398816231, 10.89852181618121, 10.0], [7.158910531638177, 5.060742150229659, 4.585605497399201, 3.05959329178097, 1.5811388300841898, 1.5, 6.519202405202649, 2.2236106773543884, 4.333333333333333, 2.166666666666666, 0.0, 2.7613955374201726, 4.941498029725174, 3.214820281826722, 2.375, 5.829773934839195, 5.01430623836361, 7.941190087134295, 6.117484050744318, 4.601479230759508, 3.783186487605389, 6.307878922539917, 6.429640563653444, 5.220818369225695, 4.75, 8.339268719604721, 7.447151767249305, 7.125, 8.535402286359451, 11.40175425099138, 10.215728613814637, 9.988882709181132, 9.386751893552482, 9.013878188659973, 9.0, 10.44163673845139, 9.74394398816231, 9.5, 11.926860441876563, 10.232030318780552], [6.740383289372431, 5.111737950838423, 4.796736636819219, 4.026891078402963, 3.9611522976893796, 4.11131102493902, 5.784450623825827, 2.9285298739269514, 3.705551151084365, 2.446173109011075, 2.7613955374201726, 0.0, 2.8713661736084095, 0.7052639568905004, 1.4625114302883182, 3.6635378142388317, 2.6008237761381254, 5.71390945707904, 3.6531984991357884, 1.8525242652574239, 1.7049111183683525, 3.6195165759841736, 3.746949168668096, 2.5084420699965913, 2.816704466812931, 5.578150449945078, 4.834088951205668, 5.000995743149944, 6.197097918425289, 8.659662561540344, 7.462362472443573, 7.250218697052945, 6.765562840548725, 6.726642276617823, 6.81614752891085, 7.711883480179301, 7.192065096883416, 7.30529553082172, 9.166071012793395, 7.689816383671001], [4.703906473465551, 3.907124902021946, 3.875, 4.218222703672457, 5.450694400206679, 5.813209335451268, 3.600009645048808, 3.600009645048808, 2.375, 3.2148202818267224, 4.941498029725174, 2.8713661736084095, 0.0, 2.166666666666667, 4.333333333333333, 0.8891207023490886, 0.8008954843889364, 3.0002893378991153, 1.4630874888399532, 2.160648693744028, 4.0724770649378055, 2.3219650416417146, 2.375, 3.2148202818267224, 4.941498029725174, 4.75, 5.220818369225695, 6.429640563653444, 7.087340444391945, 7.141549979599045, 6.643841132959156, 6.625, 6.831427579779923, 7.654088413680916, 7.916337712463875, 7.125, 7.447151767249305, 8.339268719604721, 7.926857475976495, 7.926857475976495], [6.1948959725818735, 4.703906473465551, 4.439602397112206, 3.907124902021946, 4.218222703672457, 4.439602397112206, 5.200327179877991, 2.875, 3.2148202818267224, 2.375, 3.214820281826722, 0.7052639568905004, 2.166666666666667, 0.0, 2.166666666666666, 2.961791512645446, 1.9235444870466967, 5.025110557103308, 3.000289337899116, 1.4630874888399534, 2.160648693744028, 3.0932682159235343, 3.2148202818267224, 2.375, 3.214820281826722, 5.220818369225695, 4.75, 5.220818369225695, 6.283185855761843, 8.200715585307853, 7.141549979599045, 6.970299092897266, 6.643841132959156, 6.831427579779923, 6.970299092897266, 7.447151767249305, 7.125, 7.447151767249305, 8.7703137217421, 7.625], [8.00097650290263, 6.1948959725818735, 5.813209335451268, 4.703906473465551, 3.907124902021946, 3.875, 7.10743448791475, 3.6000096450488077, 4.941498029725174, 3.214820281826722, 2.375, 1.4625114302883182, 4.333333333333333, 2.166666666666666, 0.0, 5.11300021458051, 4.018395463275083, 7.133766536690137, 5.025110557103308, 3.0002893378991153, 1.4630874888399532, 4.809780010101107, 4.941498029725174, 3.214820281826722, 2.375, 6.429640563653444, 5.220818369225695, 4.75, 6.17376249221384, 9.637978263100617, 8.200715585307853, 7.916337712463875, 7.141549979599045, 6.643841132959156, 6.625, 8.339268719604721, 7.447151767249305, 7.125, 10.019512213675874, 7.926857475976495], [4.739789499960056, 4.346460892428333, 4.404578705533254, 4.970586380274976, 6.317485617477113, 6.689734609399061, 3.6235349838501074, 4.438971003775811, 2.9383717532633375, 4.076236242099901, 5.829773934839195, 3.6635378142388317, 0.8891207023490886, 2.961791512645446, 5.11300021458051, 0.0, 1.161706230208649, 2.1144992217822245, 0.9472194805824767, 2.590797448424158, 4.6814663281942135, 2.052431363077491, 2.0562812760698894, 3.4942761807488076, 5.438798420356303, 4.352849612528038, 5.189313354415818, 6.655789609072698, 7.12371216142697, 6.449930961948638, 6.166662565714212, 6.207762759900629, 6.621384588871664, 7.684180466191711, 7.99303159346713, 6.70429390855259, 7.2752477726389655, 8.384497145518626, 7.298356711558958, 7.73566212307224], [5.500518606670102, 4.66462637340887, 4.596872228963338, 4.759271199833864, 5.738595158444569, 6.052875582049374, 4.393044827351361, 4.003390263226402, 3.1043837600620567, 3.5631149780031213, 5.01430623836361, 2.6008237761381254, 0.8008954843889364, 1.9235444870466967, 4.018395463275083, 1.161706230208649, 0.0, 3.1167418538360425, 1.1032289176009313, 1.4522524555659746, 3.5199217652744466, 1.6330609812856727, 1.7108239605792714, 2.446529877362076, 4.293365480185367, 4.061237948122432, 4.421791886554913, 5.656829694592624, 6.287035840684442, 6.6556333000385965, 5.983350974642909, 5.930681577329289, 6.057426189053131, 6.853701487136867, 7.118922144119025, 6.4297463961222645, 6.663349648276038, 7.539741855050638, 7.371607188217317, 7.1462495955539245], [5.25, 5.679519737129579, 5.888430275643171, 6.807369372803107, 8.355387483534201, 8.75, 4.2793106921559225, 6.43611770488321, 4.601479230759508, 6.117484050744318, 7.941190087134295, 5.71390945707904, 3.0002893378991153, 5.025110557103308, 7.133766536690137, 2.1144992217822245, 3.1167418538360425, 0.0, 2.1666666666666665, 4.333333333333333, 6.5, 2.9416708625071313, 2.8480012484391772, 4.935697631653617, 7.0710678118654755, 4.301364447603936, 5.895060314459141, 7.771140521184776, 7.835649245935523, 5.25, 5.679519737129579, 5.888430275643171, 6.807369372803107, 8.355387483534201, 8.75, 6.338265623268807, 7.511565157216644, 9.058835465996719, 6.269968101992227, 7.900861415764177], [5.679519737129579, 5.25, 5.273755777432247, 5.679519737129579, 6.807369372803109, 7.136078132357515, 4.565115308267446, 5.0173310744967905, 3.783186487605389, 4.601479230759508, 6.117484050744318, 3.6531984991357884, 1.4630874888399532, 3.000289337899116, 5.025110557103308, 0.9472194805824767, 1.1032289176009313, 2.1666666666666665, 0.0, 2.1666666666666665, 4.333333333333334, 1.129007754094031, 1.1180339887498951, 2.8480012484391777, 4.935697631653617, 3.4118360159890453, 4.301364447603936, 5.895060314459141, 6.252189494337664, 5.679519737129579, 5.25, 5.273755777432247, 5.679519737129579, 6.807369372803109, 7.136078132357515, 5.771698190307598, 6.338265623268807, 7.511565157216644, 6.468406123441676, 6.795116710632064], [6.807369372803107, 5.679519737129579, 5.50820095655358, 5.25, 5.679519737129579, 5.888430275643171, 5.723368277897592, 4.2793106921559225, 4.103690750748377, 3.783186487605389, 4.601479230759508, 1.8525242652574239, 2.160648693744028, 1.4630874888399534, 3.0002893378991153, 2.590797448424158, 1.4522524555659746, 4.333333333333333, 2.1666666666666665, 0.0, 2.166666666666667, 1.812395774430721, 1.9436506316150997, 1.1180339887498953, 2.8480012484391772, 3.7640938853564445, 3.4118360159890453, 4.301364447603936, 5.115783100344604, 6.807369372803107, 5.679519737129579, 5.50820095655358, 5.25, 5.679519737129579, 5.888430275643171, 5.986675018553937, 5.771698190307598, 6.338265623268807, 7.331912741191377, 6.269968101992227], [8.355387483534201, 6.807369372803109, 6.5005341660854645, 5.679519737129579, 5.25, 5.273755777432247, 7.352720584926371, 4.565115308267446, 5.36255018106539, 4.103690750748377, 3.783186487605389, 1.7049111183683525, 4.0724770649378055, 2.160648693744028, 1.4630874888399532, 4.6814663281942135, 3.5199217652744466, 6.5, 4.333333333333334, 2.166666666666667, 0.0, 3.8319430145075373, 3.9616214413349042, 1.9436506316150997, 1.118033988749895, 5.107354446721359, 3.7640938853564445, 3.4118360159890453, 4.758307354020497, 8.355387483534201, 6.807369372803109, 6.5005341660854645, 5.679519737129579, 5.25, 5.273755777432247, 6.910639944639312, 5.986675018553937, 5.771698190307598, 8.663861725581729, 6.468406123441676], [6.791669384540001, 6.224789480326139, 6.195041934648551, 6.384208957165238, 7.221989534193997, 7.491395508382671, 5.674756977367218, 5.58279061629237, 4.69540992997005, 5.1209043157920755, 6.307878922539917, 3.6195165759841736, 2.3219650416417146, 3.0932682159235343, 4.809780010101107, 2.052431363077491, 1.6330609812856727, 2.9416708625071313, 1.129007754094031, 1.812395774430721, 3.8319430145075373, 0.0, 0.13198067567288074, 2.0479759519554, 4.214247381171763, 2.434043167837401, 3.178262535400826, 4.864877000897137, 5.134255393035269, 5.128848008836773, 4.350438247260835, 4.30776664188127, 4.575634696695073, 5.6864260920949805, 6.0248913294653725, 4.807594345100342, 5.223959225345977, 6.391824894191235, 5.777644469940054, 5.687342079936208], [6.795116710632064, 6.269968101992227, 6.25, 6.468406123441676, 7.331912741191377, 7.605279598921908, 5.679519737129579, 5.679519737129579, 4.75, 5.220818369225695, 6.429640563653444, 3.746949168668096, 2.375, 3.2148202818267224, 4.941498029725174, 2.0562812760698894, 1.7108239605792714, 2.8480012484391772, 1.1180339887498951, 1.9436506316150997, 3.9616214413349042, 0.13198067567288074, 0.0, 2.166666666666667, 4.333333333333333, 2.375, 3.2148202818267224, 4.941498029725174, 5.1743497847546145, 5.0173310744967905, 4.2793106921559225, 4.25, 4.565115308267446, 5.723368277897592, 6.069619244876714, 4.75, 5.220818369225695, 6.429640563653444, 5.679519737129579, 5.679519737129579], [7.900861415764177, 6.795116710632064, 6.6149032074887115, 6.269968101992227, 6.468406123441676, 6.6149032074887115, 6.807369372803109, 5.25, 5.220818369225695, 4.75, 5.220818369225695, 2.5084420699965913, 3.2148202818267224, 2.375, 3.214820281826722, 3.4942761807488076, 2.446529877362076, 4.935697631653617, 2.8480012484391777, 1.1180339887498953, 1.9436506316150997, 2.0479759519554, 2.166666666666667, 0.0, 2.166666666666666, 3.2148202818267224, 2.375, 3.214820281826722, 4.002739764001901, 6.43611770488321, 5.0173310744967905, 4.770423927120571, 4.2793106921559225, 4.565115308267446, 4.77042392712057, 5.220818369225695, 4.75, 5.220818369225695, 6.807369372803109, 5.25], [9.38416218956173, 7.900861415764177, 7.605279598921908, 6.795116710632064, 6.269968101992227, 6.25, 8.355387483534201, 5.679519737129579, 6.429640563653444, 5.220818369225695, 4.75, 2.816704466812931, 4.941498029725174, 3.214820281826722, 2.375, 5.438798420356303, 4.293365480185367, 7.0710678118654755, 4.935697631653617, 2.8480012484391772, 1.118033988749895, 4.214247381171763, 4.333333333333333, 2.166666666666666, 0.0, 4.941498029725174, 3.214820281826722, 2.375, 3.8286870374245474, 8.1891696770796, 6.43611770488321, 6.069619244876714, 5.0173310744967905, 4.2793106921559225, 4.25, 6.429640563653444, 5.220818369225695, 4.75, 8.355387483534201, 5.679519737129579], [9.027831196423154, 8.639480597813737, 8.625, 8.784554785404765, 9.438488726721268, 9.652378089247113, 7.926857475976495, 7.926857475976495, 7.125, 7.447151767249305, 8.339268719604721, 5.578150449945078, 4.75, 5.220818369225695, 6.429640563653444, 4.352849612528038, 4.061237948122432, 4.301364447603936, 3.4118360159890453, 3.7640938853564445, 5.107354446721359, 2.434043167837401, 2.375, 3.2148202818267224, 4.941498029725174, 0.0, 2.166666666666667, 4.333333333333333, 3.8208175584901243, 3.259867499011442, 1.940521837032503, 1.875, 2.5086655372483944, 4.26732579544197, 4.721589009833212, 2.375, 3.2148202818267224, 4.941498029725174, 3.600009645048808, 3.600009645048808], [9.886947765165502, 9.027831196423154, 8.892978659844205, 8.639480597813737, 8.784554785404765, 8.892978659844205, 8.7703137217421, 7.625, 7.447151767249305, 7.125, 7.447151767249305, 4.834088951205668, 5.220818369225695, 4.75, 5.220818369225695, 5.189313354415818, 4.421791886554913, 5.895060314459141, 4.301364447603936, 3.4118360159890453, 3.7640938853564445, 3.178262535400826, 3.2148202818267224, 2.375, 3.214820281826722, 2.166666666666667, 0.0, 2.166666666666666, 1.961294658790031, 5.1842777810521605, 3.2598674990114422, 2.865321874492366, 1.9405218370325032, 2.5086655372483944, 2.8653218744923654, 3.2148202818267224, 2.375, 3.214820281826722, 5.200327179877991, 2.875], [11.108133281519446, 9.886947765165502, 9.652378089247113, 9.027831196423154, 8.639480597813737, 8.625, 10.019512213675874, 7.926857475976495, 8.339268719604721, 7.447151767249305, 7.125, 5.000995743149944, 6.429640563653444, 5.220818369225695, 4.75, 6.655789609072698, 5.656829694592624, 7.771140521184776, 5.895060314459141, 4.301364447603936, 3.4118360159890453, 4.864877000897137, 4.941498029725174, 3.214820281826722, 2.375, 4.333333333333333, 2.166666666666666, 0.0, 1.5759427498545329, 7.246766520317872, 5.1842777810521605, 4.721589009833212, 3.259867499011442, 1.940521837032503, 1.875, 4.941498029725174, 3.214820281826722, 2.375, 7.10743448791475, 3.6000096450488077], [11.783138680132957, 10.795129991020108, 10.616980471199989, 10.179204034682034, 10.004321412531741, 10.03021550423492, 10.670506675433115, 9.10861590299193, 9.217816631634495, 8.61488092649976, 8.535402286359451, 6.197097918425289, 7.087340444391945, 6.283185855761843, 6.17376249221384, 7.12371216142697, 6.287035840684442, 7.835649245935523, 6.252189494337664, 5.115783100344604, 4.758307354020497, 5.134255393035269, 5.1743497847546145, 4.002739764001901, 3.8286870374245474, 3.8208175584901243, 1.961294658790031, 1.5759427498545329, 0.0, 6.251195170158615, 4.095108719337097, 3.599355251431968, 1.962467497783319, 0.567036881878078, 0.9166825849570407, 3.701978921542199, 1.7183357817593787, 1.260792080834654, 5.924086141391904, 2.0498701345222994], [10.5, 10.721214690716927, 10.833333333333334, 11.359039474259157, 12.349089035228468, 12.619429464123963, 9.513148795220223, 10.65885130354632, 9.386751893552482, 10.215728613814637, 11.40175425099138, 8.659662561540344, 7.141549979599045, 8.200715585307853, 9.637978263100617, 6.449930961948638, 6.6556333000385965, 5.25, 5.679519737129579, 6.807369372803107, 8.355387483534201, 5.128848008836773, 5.0173310744967905, 6.43611770488321, 8.1891696770796, 3.259867499011442, 5.1842777810521605, 7.246766520317872, 6.251195170158615, 0.0, 2.1666666666666665, 2.666666666666667, 4.333333333333333, 6.5, 7.0, 2.713136766016618, 4.859126579037751, 7.0178344238090995, 1.118033988749895, 4.935697631653617], [10.721214690716927, 10.5, 10.51189802081432, 10.721214690716927, 11.359039474259157, 11.559027256266468, 9.645090864153524, 9.867173410410457, 9.013878188659973, 9.386751893552482, 10.215728613814637, 7.462362472443573, 6.643841132959156, 7.141549979599045, 8.200715585307853, 6.166662565714212, 5.983350974642909, 5.679519737129579, 5.25, 5.679519737129579, 6.807369372803109, 4.350438247260835, 4.2793106921559225, 5.0173310744967905, 6.43611770488321, 1.940521837032503, 3.2598674990114422, 5.1842777810521605, 4.095108719337097, 2.1666666666666665, 0.0, 0.5000000000000004, 2.1666666666666665, 4.333333333333334, 4.833333333333334, 0.7071067811865478, 2.7131367660166186, 4.859126579037751, 1.9436506316151, 2.8480012484391777], [10.833333333333334, 10.51189802081432, 10.5, 10.631452289211374, 11.17785509140481, 11.359039474259157, 9.74394398816231, 9.74394398816231, 9.0, 9.257129384665877, 9.988882709181132, 7.250218697052945, 6.625, 6.970299092897266, 7.916337712463875, 6.207762759900629, 5.930681577329289, 5.888430275643171, 5.273755777432247, 5.50820095655358, 6.5005341660854645, 4.30776664188127, 4.25, 4.770423927120571, 6.069619244876714, 1.875, 2.865321874492366, 4.721589009833212, 3.599355251431968, 2.666666666666667, 0.5000000000000004, 0.0, 1.666666666666666, 3.833333333333333, 4.333333333333333, 0.5, 2.2236106773543893, 4.362084109434133, 2.386303510546059, 2.386303510546059], [11.359039474259157, 10.721214690716927, 10.631452289211374, 10.5, 10.721214690716927, 10.833333333333334, 10.244239573752873, 9.513148795220223, 9.153020145163987, 9.013878188659973, 9.386751893552482, 6.765562840548725, 6.831427579779923, 6.643841132959156, 7.141549979599045, 6.621384588871664, 6.057426189053131, 6.807369372803107, 5.679519737129579, 5.25, 5.679519737129579, 4.575634696695073, 4.565115308267446, 4.2793106921559225, 5.0173310744967905, 2.5086655372483944, 1.9405218370325032, 3.259867499011442, 1.962467497783319, 4.333333333333333, 2.1666666666666665, 1.666666666666666, 0.0, 2.166666666666667, 2.666666666666667, 1.7400510848184245, 0.7071067811865481, 2.713136766016618, 3.9616214413349042, 1.1180339887498953], [12.349089035228468, 11.359039474259157, 11.17785509140481, 10.721214690716927, 10.5, 10.51189802081432, 11.236102527122116, 9.645090864153524, 9.782353727219459, 9.153020145163987, 9.013878188659973, 6.726642276617823, 7.654088413680916, 6.831427579779923, 6.643841132959156, 7.684180466191711, 6.853701487136867, 8.355387483534201, 6.807369372803109, 5.679519737129579, 5.25, 5.6864260920949805, 5.723368277897592, 4.565115308267446, 4.2793106921559225, 4.26732579544197, 2.5086655372483944, 1.940521837032503, 0.567036881878078, 6.5, 4.333333333333334, 3.833333333333333, 2.166666666666667, 0.0, 0.5, 3.865804501581067, 1.7400510848184245, 0.7071067811865476, 6.082762530298219, 1.9436506316150997], [12.619429464123963, 11.559027256266468, 11.359039474259157, 10.833333333333334, 10.51189802081432, 10.5, 11.510864433221338, 9.74394398816231, 9.988882709181132, 9.257129384665877, 9.0, 6.81614752891085, 7.916337712463875, 6.970299092897266, 6.625, 7.99303159346713, 7.118922144119025, 8.75, 7.136078132357515, 5.888430275643171, 5.273755777432247, 6.0248913294653725, 6.069619244876714, 4.77042392712057, 4.25, 4.721589009833212, 2.8653218744923654, 1.875, 0.9166825849570407, 7.0, 4.833333333333334, 4.333333333333333, 2.666666666666667, 0.5, 0.0, 4.362084109434133, 2.2236106773543884, 0.5, 6.576473218982953, 2.386303510546058], [11.31861789756643, 11.01135777277262, 11.0, 11.125546178852424, 11.648795836671036, 11.8227652339788, 10.232030318780552, 10.232030318780552, 9.5, 9.74394398816231, 10.44163673845139, 7.711883480179301, 7.125, 7.447151767249305, 8.339268719604721, 6.70429390855259, 6.4297463961222645, 6.338265623268807, 5.771698190307598, 5.986675018553937, 6.910639944639312, 4.807594345100342, 4.75, 5.220818369225695, 6.429640563653444, 2.375, 3.2148202818267224, 4.941498029725174, 3.701978921542199, 2.713136766016618, 0.7071067811865478, 0.5, 1.7400510848184245, 3.865804501581067, 4.362084109434133, 0.0, 2.166666666666667, 4.333333333333333, 2.2236106773543893, 2.2236106773543893], [12.015036875145707, 11.31861789756643, 11.211353372561426, 11.01135777277262, 11.125546178852424, 11.211353372561426, 10.89852181618121, 10.0, 9.74394398816231, 9.5, 9.74394398816231, 7.192065096883416, 7.447151767249305, 7.125, 7.447151767249305, 7.2752477726389655, 6.663349648276038, 7.511565157216644, 6.338265623268807, 5.771698190307598, 5.986675018553937, 5.223959225345977, 5.220818369225695, 4.75, 5.220818369225695, 3.2148202818267224, 2.375, 3.214820281826722, 1.7183357817593787, 4.859126579037751, 2.7131367660166186, 2.2236106773543893, 0.7071067811865481, 1.7400510848184245, 2.2236106773543884, 2.166666666666667, 0.0, 2.166666666666666, 4.362084109434134, 0.5], [13.038404810405298, 12.015036875145707, 11.8227652339788, 11.31861789756643, 11.01135777277262, 11.0, 11.926860441876563, 10.232030318780552, 10.44163673845139, 9.74394398816231, 9.5, 7.30529553082172, 8.339268719604721, 7.447151767249305, 7.125, 8.384497145518626, 7.539741855050638, 9.058835465996719, 7.511565157216644, 6.338265623268807, 5.771698190307598, 6.391824894191235, 6.429640563653444, 5.220818369225695, 4.75, 4.941498029725174, 3.214820281826722, 2.375, 1.260792080834654, 7.0178344238090995, 4.859126579037751, 4.362084109434133, 2.713136766016618, 0.7071067811865476, 0.5, 4.333333333333333, 2.166666666666666, 0.0, 6.519202405202649, 2.2236106773543884], [11.510864433221338, 11.620145342368906, 11.702326454361305, 12.122064363978788, 12.971121771072847, 13.209844813622906, 10.5, 11.359039474259157, 10.232030318780552, 10.89852181618121, 11.926860441876563, 9.166071012793395, 7.926857475976495, 8.7703137217421, 10.019512213675874, 7.298356711558958, 7.371607188217317, 6.269968101992227, 6.468406123441676, 7.331912741191377, 8.663861725581729, 5.777644469940054, 5.679519737129579, 6.807369372803109, 8.355387483534201, 3.600009645048808, 5.200327179877991, 7.10743448791475, 5.924086141391904, 1.118033988749895, 1.9436506316151, 2.386303510546059, 3.9616214413349042, 6.082762530298219, 6.576473218982953, 2.2236106773543893, 4.362084109434134, 6.519202405202649, 0.0, 4.333333333333334], [12.47441826744282, 11.805130711309854, 11.702326454361305, 11.510864433221338, 11.620145342368906, 11.702326454361305, 11.359039474259157, 10.5, 10.232030318780552, 10.0, 10.232030318780552, 7.689816383671001, 7.926857475976495, 7.625, 7.926857475976495, 7.73566212307224, 7.1462495955539245, 7.900861415764177, 6.795116710632064, 6.269968101992227, 6.468406123441676, 5.687342079936208, 5.679519737129579, 5.25, 5.679519737129579, 3.600009645048808, 2.875, 3.6000096450488077, 2.0498701345222994, 4.935697631653617, 2.8480012484391777, 2.386303510546059, 1.1180339887498953, 1.9436506316150997, 2.386303510546058, 2.2236106773543893, 0.5, 2.2236106773543884, 4.333333333333334, 0.0]];