totalHoles = 40;
zeroHoleID = 2;
C = [[0.0, 1.666666666666667, 0.7, 1.8076995817275, 1.3017082793177759, 2.692582403567252, 1.4, 2.1766436956419346, 1.8932629094883904, 3.023243291566195, 2.0999999999999996, 2.6810031290130523, 2.540559868305497, 3.4655446902326914, 2.8, 3.258493175959983, 3.210053651334264, 3.982461550347975, 3.5, 3.8765677832043357, 3.890301330802595, 4.548626166217663, 4.0, 4.0858835573770875, 4.333333333333333, 4.716990566028302, 7.455851439555911, 4.576510072581994, 5.1478150704935, 5.436040393782241, 6.25, 6.305310812675648, 6.468406123441676, 6.73145600891813, 7.166694628346177, 8.5, 8.540751983545972, 8.661857640124188, 12.914325947714348, 13.761824213693309], [1.666666666666667, 0.0, 1.8076995817275, 0.7, 1.3017082793177759, 1.3017082793177757, 2.1766436956419346, 1.4, 1.8932629094883904, 1.8932629094883902, 2.6810031290130523, 2.0999999999999996, 2.540559868305497, 2.540559868305497, 3.258493175959983, 2.8, 3.210053651334264, 3.210053651334264, 3.8765677832043357, 3.5, 3.890301330802595, 3.890301330802595, 4.333333333333333, 4.0858835573770875, 4.0, 4.0858835573770875, 6.14116050622609, 4.576510072581994, 4.576510072581994, 5.425327546987376, 6.468406123441676, 6.305310812675648, 6.25, 6.305310812675648, 6.942306430225756, 8.661857640124188, 8.540751983545972, 8.5, 12.23655972499353, 12.923916876629772], [0.7, 1.8076995817275, 0.0, 1.666666666666667, 0.8856886837057617, 2.5179356624028344, 0.7, 1.8076995817275, 1.3017082793177759, 2.692582403567252, 1.3999999999999997, 2.176643695641934, 1.8932629094883902, 3.023243291566195, 2.0999999999999996, 2.6810031290130523, 2.5405598683054964, 3.465544690232691, 2.8, 3.258493175959983, 3.210053651334264, 3.982461550347975, 3.3, 3.4035928728983498, 3.6969957773546045, 4.1400483088968905, 7.0904041304567365, 3.890301330802595, 4.548626166217663, 4.746343643019877, 5.55, 5.612213863035197, 5.79484924547462, 6.087076473973363, 6.491043826640878, 7.8, 7.844389360839022, 7.976075336766685, 12.297196085092143, 13.181868822387669], [1.8076995817275, 0.7, 1.666666666666667, 0.0, 0.8856886837057617, 0.8856886837057613, 1.8076995817275, 0.7, 1.3017082793177759, 1.3017082793177757, 2.176643695641934, 1.3999999999999997, 1.8932629094883902, 1.89326290948839, 2.6810031290130523, 2.0999999999999996, 2.5405598683054964, 2.5405598683054964, 3.258493175959983, 2.8, 3.210053651334264, 3.210053651334264, 3.6969957773546045, 3.4035928728983498, 3.3, 3.4035928728983498, 5.691920801249881, 3.890301330802595, 3.890301330802595, 4.734070321288338, 5.79484924547462, 5.612213863035197, 5.55, 5.612213863035197, 6.242415929314593, 7.976075336766685, 7.844389360839022, 7.8, 11.583376484200587, 12.304531173355468], [1.3017082793177759, 1.3017082793177759, 0.8856886837057617, 0.8856886837057617, 0.0, 1.6666666666666665, 0.9243616415908033, 0.9243616415908033, 0.7000000000000002, 1.8076995817274997, 1.38001610296563, 1.38001610296563, 1.4, 2.176643695641934, 1.9835434062415787, 1.9835434062415787, 2.0999999999999996, 2.681003129013052, 2.6352313834736494, 2.6352313834736494, 2.8, 3.258493175959983, 3.1135902820449006, 3.0, 3.1135902820449006, 3.431876713662333, 6.2179750380357, 3.5, 3.8765677832043357, 4.366394664761141, 5.315726144605687, 5.25, 5.315726144605687, 5.508200956553581, 6.016764984582369, 7.54615428178118, 7.5, 7.54615428178118, 11.646258060349926, 12.469571561195933], [2.692582403567252, 1.3017082793177757, 2.5179356624028344, 0.8856886837057613, 1.6666666666666665, 0.0, 2.5317977802344327, 0.9243616415908029, 1.8076995817274997, 0.7000000000000002, 2.7313000567495322, 1.3800161029656297, 2.176643695641934, 1.4, 3.080584360149872, 1.9835434062415784, 2.681003129013052, 2.0999999999999996, 3.5355339059327378, 2.6352313834736494, 3.258493175959983, 2.8, 3.905124837953327, 3.431876713662333, 3.1135902820449006, 3.0, 4.854392137633298, 3.8765677832043357, 3.5, 4.6612041336440315, 5.814851674806504, 5.508200956553581, 5.315726144605687, 5.25, 5.9844252299332945, 7.905694150420948, 7.68295371441074, 7.54615428178118, 11.016654837361884, 11.65795069654202], [1.4, 2.1766436956419346, 0.7, 1.8076995817275, 0.9243616415908033, 2.5317977802344327, 0.0, 1.666666666666667, 0.8856886837057617, 2.5179356624028344, 0.6999999999999997, 1.8076995817275, 1.3017082793177759, 2.692582403567252, 1.4, 2.1766436956419346, 1.8932629094883902, 3.0232432915661946, 2.1, 2.6810031290130527, 2.540559868305497, 3.4655446902326914, 2.6, 2.7302828506300303, 3.0883292858401257, 3.606937759374287, 6.777753372443406, 3.210053651334265, 3.9824615503479754, 4.0601749706679175, 4.85, 4.921071473210326, 5.1283796444664445, 5.456418239101544, 5.821150060149571, 7.1, 7.148737262233411, 7.292995117081718, 11.689407531034362, 12.614100269645737], [2.1766436956419346, 1.4, 1.8076995817275, 0.7, 0.9243616415908033, 0.9243616415908029, 1.666666666666667, 0.0, 0.8856886837057617, 0.8856886837057614, 1.8076995817275, 0.6999999999999997, 1.3017082793177759, 1.3017082793177757, 2.1766436956419346, 1.4, 1.8932629094883902, 1.89326290948839, 2.6810031290130527, 2.1, 2.540559868305497, 2.540559868305497, 3.0883292858401257, 2.7302828506300303, 2.6, 2.7302828506300303, 5.297364670491459, 3.210053651334265, 3.210053651334265, 4.045820636373552, 5.1283796444664445, 4.921071473210326, 4.85, 4.921071473210326, 5.542553084812744, 7.292995117081718, 7.148737262233411, 7.1, 10.935987730704918, 11.694244197814456], [1.8932629094883904, 1.8932629094883904, 1.3017082793177759, 1.3017082793177759, 0.7000000000000002, 1.8076995817274997, 0.8856886837057617, 0.8856886837057617, 0.0, 1.6666666666666665, 0.924361641590803, 0.924361641590803, 0.6999999999999997, 1.8076995817274997, 1.38001610296563, 1.38001610296563, 1.3999999999999995, 2.1766436956419337, 1.9835434062415787, 1.9835434062415787, 2.0999999999999996, 2.681003129013052, 2.446312417587836, 2.3, 2.446312417587836, 2.8403833857030243, 5.894686049155211, 2.8, 3.258493175959983, 3.666421304659024, 4.625683132732337, 4.55, 4.625683132732337, 4.845645238539216, 5.326687426825716, 6.850871801781467, 6.8, 6.850871801781467, 11.021639790868825, 11.885456443983418], [3.023243291566195, 1.8932629094883902, 2.692582403567252, 1.3017082793177757, 1.8076995817274997, 0.7000000000000002, 2.5179356624028344, 0.8856886837057614, 1.6666666666666665, 0.0, 2.5317977802344322, 0.9243616415908027, 1.8076995817274997, 0.6999999999999997, 2.7313000567495322, 1.3800161029656297, 2.1766436956419337, 1.3999999999999995, 3.080584360149872, 1.9835434062415784, 2.681003129013052, 2.0999999999999996, 3.3970575502926055, 2.8403833857030243, 2.446312417587836, 2.3, 4.432745545413811, 3.258493175959983, 2.8, 4.012987265155875, 5.1915797210483055, 4.845645238539216, 4.625683132732336, 4.55, 5.290130754156164, 7.244998274671982, 7.001269726112384, 6.850871801781467, 10.354124814631433, 11.030941682605578], [2.0999999999999996, 2.6810031290130523, 1.3999999999999997, 2.176643695641934, 1.38001610296563, 2.7313000567495322, 0.6999999999999997, 1.8076995817275, 0.924361641590803, 2.5317977802344322, 0.0, 1.666666666666667, 0.8856886837057617, 2.5179356624028344, 0.7000000000000002, 1.8076995817275001, 1.3017082793177759, 2.692582403567252, 1.4000000000000004, 2.1766436956419346, 1.8932629094883904, 3.023243291566195, 1.9000000000000004, 2.074715509279392, 2.527405344968982, 3.1400636936215167, 6.525492381586078, 2.5405598683054973, 3.4655446902326914, 3.379683950792033, 4.15, 4.232841178740876, 4.472167011391433, 4.844842618702903, 5.159256350113459, 6.4, 6.454025444979625, 6.613454299968949, 11.092495900292246, 12.06023986389646], [2.6810031290130523, 2.0999999999999996, 2.176643695641934, 1.3999999999999997, 1.38001610296563, 1.3800161029656297, 1.8076995817275, 0.6999999999999997, 0.924361641590803, 0.9243616415908027, 1.666666666666667, 0.0, 0.8856886837057617, 0.8856886837057614, 1.8076995817275001, 0.7000000000000002, 1.3017082793177759, 1.3017082793177757, 2.1766436956419346, 1.4000000000000004, 1.8932629094883904, 1.8932629094883902, 2.527405344968982, 2.074715509279392, 1.9000000000000004, 2.0747155092793914, 4.9705314098837645, 2.5405598683054973, 2.5405598683054973, 3.3624258261720987, 4.472167011391433, 4.232841178740876, 4.15, 4.232841178740876, 4.842729887302613, 6.613454299968949, 6.454025444979625, 6.4, 10.29548660906933, 11.094557554051342], [2.540559868305497, 2.540559868305497, 1.8932629094883902, 1.8932629094883902, 1.4, 2.176643695641934, 1.3017082793177759, 1.3017082793177759, 0.6999999999999997, 1.8076995817274997, 0.8856886837057617, 0.8856886837057617, 0.0, 1.6666666666666665, 0.9243616415908033, 0.9243616415908033, 0.6999999999999997, 1.8076995817274997, 1.3800161029656302, 1.3800161029656302, 1.4, 2.176643695641934, 1.8040078836979747, 1.6, 1.8040078836979747, 2.310363126821794, 5.640162556396319, 2.1, 2.6810031290130523, 2.9664605168551637, 3.939155295801937, 3.85, 3.939155295801937, 4.195268498889884, 4.639583710475527, 6.156658545383562, 6.1, 6.156658545383562, 10.406620995840118, 11.314501086829573], [3.4655446902326914, 2.540559868305497, 3.023243291566195, 1.89326290948839, 2.176643695641934, 1.4, 2.692582403567252, 1.3017082793177757, 1.8076995817274997, 0.6999999999999997, 2.5179356624028344, 0.8856886837057614, 1.6666666666666665, 0.0, 2.5317977802344327, 0.9243616415908029, 1.8076995817274997, 0.6999999999999997, 2.7313000567495327, 1.38001610296563, 2.176643695641934, 1.4, 2.968164415931166, 2.310363126821794, 1.8040078836979743, 1.6, 4.088195581776388, 2.6810031290130523, 2.1, 3.38545559786364, 4.5904792778096715, 4.195268498889884, 3.939155295801937, 3.85, 4.597566906470808, 6.592419889539803, 6.323588995007326, 6.156658545383562, 9.696861221465623, 10.41323841881505], [2.8, 3.258493175959983, 2.0999999999999996, 2.6810031290130523, 1.9835434062415787, 3.080584360149872, 1.4, 2.1766436956419346, 1.38001610296563, 2.7313000567495322, 0.7000000000000002, 1.8076995817275001, 0.9243616415908033, 2.5317977802344327, 0.0, 1.666666666666667, 0.8856886837057615, 2.5179356624028344, 0.7000000000000002, 1.8076995817275001, 1.3017082793177759, 2.692582403567252, 1.2000000000000002, 1.4609738000540753, 2.053722906766582, 2.7730849247724096, 6.340832821215834, 1.8932629094883904, 3.023243291566195, 2.709152343823482, 3.45, 3.5492174411332487, 3.831485061667053, 4.260575078554537, 4.508887240727224, 5.7, 5.760594105163499, 5.938668013770241, 10.50831490627292, 11.522293414800625], [3.258493175959983, 2.8, 2.6810031290130523, 2.0999999999999996, 1.9835434062415787, 1.9835434062415784, 2.1766436956419346, 1.4, 1.38001610296563, 1.3800161029656297, 1.8076995817275001, 0.7000000000000002, 0.9243616415908033, 0.9243616415908029, 1.666666666666667, 0.0, 0.8856886837057615, 0.8856886837057611, 1.8076995817275001, 0.7000000000000002, 1.3017082793177759, 1.3017082793177757, 2.053722906766582, 1.4609738000540753, 1.2000000000000002, 1.4609738000540748, 4.725493893881472, 1.8932629094883904, 1.8932629094883902, 2.687591905649394, 3.831485061667053, 3.5492174411332487, 3.45, 3.5492174411332487, 4.142966428150326, 5.938668013770241, 5.760594105163499, 5.7, 9.663242798818793, 10.507286390034217], [3.210053651334264, 3.210053651334264, 2.5405598683054964, 2.5405598683054964, 2.0999999999999996, 2.681003129013052, 1.8932629094883902, 1.8932629094883902, 1.3999999999999995, 2.1766436956419337, 1.3017082793177759, 1.3017082793177759, 0.6999999999999997, 1.8076995817274997, 0.8856886837057615, 0.8856886837057615, 0.0, 1.6666666666666665, 0.9243616415908034, 0.9243616415908034, 0.7000000000000002, 1.8076995817274997, 1.2265579661982735, 0.9000000000000004, 1.2265579661982735, 1.8941430193567164, 5.464022667142319, 1.4000000000000004, 2.1766436956419346, 2.266523949324963, 3.258365302485964, 3.1500000000000004, 3.258365302485964, 3.5637449091900195, 3.9570032941503306, 5.463922075253677, 5.4, 5.463922075253677, 9.803008590349075, 10.75880080705597], [3.982461550347975, 3.210053651334264, 3.465544690232691, 2.5405598683054964, 2.681003129013052, 2.0999999999999996, 3.0232432915661946, 1.89326290948839, 2.1766436956419337, 1.3999999999999995, 2.692582403567252, 1.3017082793177757, 1.8076995817274997, 0.6999999999999997, 2.5179356624028344, 0.8856886837057611, 1.6666666666666665, 0.0, 2.5317977802344327, 0.924361641590803, 1.8076995817274997, 0.7000000000000002, 2.6570660511172846, 1.8941430193567164, 1.2265579661982733, 0.9000000000000004, 3.8415430700860274, 2.1766436956419346, 1.4000000000000004, 2.7925888383199697, 4.021504693519579, 3.5637449091900195, 3.258365302485964, 3.1500000000000004, 3.907653966625277, 5.950630218724736, 5.651351854006064, 5.463922075253677, 9.046012072718076, 9.806599529354015], [3.5, 3.8765677832043357, 2.8, 3.258493175959983, 2.6352313834736494, 3.5355339059327378, 2.1, 2.6810031290130527, 1.9835434062415787, 3.080584360149872, 1.4000000000000004, 2.1766436956419346, 1.3800161029656302, 2.7313000567495327, 0.7000000000000002, 1.8076995817275001, 0.9243616415908034, 2.5317977802344327, 0.0, 1.666666666666667, 0.8856886837057615, 2.5179356624028344, 0.5, 0.9718253158075502, 1.7400510848184252, 2.5495097567963922, 6.229788994105494, 1.3017082793177759, 2.692582403567252, 2.0583365217688017, 2.75, 2.873489941594445, 3.2156302302624566, 3.7165171868296265, 3.875848579730567, 5.0, 5.068968775248516, 5.270462766947299, 9.939109569815349, 11.002595398304823], [3.8765677832043357, 3.5, 3.258493175959983, 2.8, 2.6352313834736494, 2.6352313834736494, 2.6810031290130527, 2.1, 1.9835434062415787, 1.9835434062415784, 2.1766436956419346, 1.4000000000000004, 1.3800161029656302, 1.38001610296563, 1.8076995817275001, 0.7000000000000002, 0.9243616415908034, 0.924361641590803, 1.666666666666667, 0.0, 0.8856886837057615, 0.8856886837057611, 1.7400510848184252, 0.9718253158075502, 0.5, 0.9718253158075498, 4.575412832256896, 1.3017082793177759, 1.3017082793177757, 2.029875135597055, 3.2156302302624566, 2.873489941594445, 2.75, 2.873489941594445, 3.443299128479454, 5.270462766947299, 5.068968775248516, 5.0, 9.0409887877555, 9.934632718135024], [3.890301330802595, 3.890301330802595, 3.210053651334264, 3.210053651334264, 2.8, 3.258493175959983, 2.540559868305497, 2.540559868305497, 2.0999999999999996, 2.681003129013052, 1.8932629094883904, 1.8932629094883904, 1.4, 2.176643695641934, 1.3017082793177759, 1.3017082793177759, 0.7000000000000002, 1.8076995817274997, 0.8856886837057615, 0.8856886837057615, 0.0, 1.6666666666666665, 0.8569973421454962, 0.20000000000000018, 0.8569973421454962, 1.6786237749352226, 5.3739793218354555, 0.7000000000000002, 1.8076995817274997, 1.5666440654043434, 2.5878455217505634, 2.45, 2.5878455217505634, 2.963153350364739, 3.2817698172363134, 4.773305400290709, 4.7, 4.773305400290709, 9.213044789528333, 10.220844131868404], [4.548626166217663, 3.890301330802595, 3.982461550347975, 3.210053651334264, 3.258493175959983, 2.8, 3.4655446902326914, 2.540559868305497, 2.681003129013052, 2.0999999999999996, 3.023243291566195, 1.8932629094883902, 2.176643695641934, 1.4, 2.692582403567252, 1.3017082793177757, 1.8076995817274997, 0.7000000000000002, 2.5179356624028344, 0.8856886837057611, 1.6666666666666665, 0.0, 2.5079872407968904, 1.6786237749352226, 0.8569973421454958, 0.20000000000000018, 3.712352785471227, 1.8076995817274997, 0.7000000000000002, 2.2618123783179493, 3.5003571246374277, 2.963153350364739, 2.5878455217505634, 2.45, 3.222095216825375, 5.323532661682466, 4.9867602486762665, 4.773305400290709, 8.403067968971722, 9.213210856762533], [4.0, 4.333333333333333, 3.3, 3.6969957773546045, 3.1135902820449006, 3.905124837953327, 2.6, 3.0883292858401257, 2.446312417587836, 3.3970575502926055, 1.9000000000000004, 2.527405344968982, 1.8040078836979747, 2.968164415931166, 1.2000000000000002, 2.053722906766582, 1.2265579661982735, 2.6570660511172846, 0.5, 1.7400510848184252, 0.8569973421454962, 2.5079872407968904, 0.0, 0.8333333333333335, 1.666666666666667, 2.5, 6.197838869890693, 0.9718253158075502, 2.5495097567963922, 1.6187940278379254, 2.25, 2.3993633414813282, 2.8000496027352404, 3.3634060117684275, 3.4396035030639722, 4.5, 4.576510072581994, 4.7987266829626565, 9.543190374312177, 10.644039501066128], [4.0858835573770875, 4.0858835573770875, 3.4035928728983498, 3.4035928728983498, 3.0, 3.431876713662333, 2.7302828506300303, 2.7302828506300303, 2.3, 2.8403833857030243, 2.074715509279392, 2.074715509279392, 1.6, 2.310363126821794, 1.4609738000540753, 1.4609738000540753, 0.9000000000000004, 1.8941430193567164, 0.9718253158075502, 0.9718253158075502, 0.20000000000000018, 1.6786237749352226, 0.8333333333333335, 0.0, 0.8333333333333335, 1.6666666666666665, 5.364776607645005, 0.5, 1.740051084818425, 1.3667009822024807, 2.3993633414813282, 2.25, 2.3993633414813282, 2.8000496027352404, 3.090870613830263, 4.576510072581994, 4.5, 4.576510072581994, 9.04736578710527, 10.07080152363911], [4.333333333333333, 4.0, 3.6969957773546045, 3.3, 3.1135902820449006, 3.1135902820449006, 3.0883292858401257, 2.6, 2.446312417587836, 2.446312417587836, 2.527405344968982, 1.9000000000000004, 1.8040078836979747, 1.8040078836979743, 2.053722906766582, 1.2000000000000002, 1.2265579661982735, 1.2265579661982733, 1.7400510848184252, 0.5, 0.8569973421454962, 0.8569973421454958, 1.666666666666667, 0.8333333333333335, 0.0, 0.833333333333333, 4.53181402218042, 0.9718253158075502, 0.9718253158075498, 1.5824468186424487, 2.8000496027352404, 2.3993633414813282, 2.25, 2.399363341481328, 2.9436336275898647, 4.7987266829626565, 4.576510072581994, 4.5, 8.603839941554599, 9.536005382008574], [4.716990566028302, 4.0858835573770875, 4.1400483088968905, 3.4035928728983498, 3.431876713662333, 3.0, 3.606937759374287, 2.7302828506300303, 2.8403833857030243, 2.3, 3.1400636936215167, 2.0747155092793914, 2.310363126821794, 1.6, 2.7730849247724096, 1.4609738000540748, 1.8941430193567164, 0.9000000000000004, 2.5495097567963922, 0.9718253158075498, 1.6786237749352226, 0.20000000000000018, 2.5, 1.6666666666666665, 0.833333333333333, 0.0, 3.699018451186203, 1.740051084818425, 0.5, 2.1282136128215314, 3.3634060117684275, 2.8000496027352404, 2.399363341481328, 2.25, 3.027435483111929, 5.1478150704935, 4.7987266829626565, 4.576510072581994, 8.221081722193642, 9.046471292816333], [7.455851439555911, 6.14116050622609, 7.0904041304567365, 5.691920801249881, 6.2179750380357, 4.854392137633298, 6.777753372443406, 5.297364670491459, 5.894686049155211, 4.432745545413811, 6.525492381586078, 4.9705314098837645, 5.640162556396319, 4.088195581776388, 6.340832821215834, 4.725493893881472, 5.464022667142319, 3.8415430700860274, 6.229788994105494, 4.575412832256896, 5.3739793218354555, 3.712352785471227, 6.197838869890693, 5.364776607645005, 4.53181402218042, 3.699018451186203, 0.0, 5.374361710564805, 3.7129063074990154, 5.465569583820431, 6.543234484133435, 5.760341908876594, 4.993801076220004, 4.25246379872198, 5.223257950102636, 7.572293468400305, 6.907043489394361, 6.282018787466419, 7.320582557278374, 7.486330762220116], [4.576510072581994, 4.576510072581994, 3.890301330802595, 3.890301330802595, 3.5, 3.8765677832043357, 3.210053651334265, 3.210053651334265, 2.8, 3.258493175959983, 2.5405598683054973, 2.5405598683054973, 2.1, 2.6810031290130523, 1.8932629094883904, 1.8932629094883904, 1.4000000000000004, 2.1766436956419346, 1.3017082793177759, 1.3017082793177759, 0.7000000000000002, 1.8076995817274997, 0.9718253158075502, 0.5, 0.9718253158075502, 1.740051084818425, 5.374361710564805, 0.0, 1.6666666666666665, 0.8669581549703942, 1.9382838916021679, 1.75, 1.9382838916021679, 2.4166666666666665, 2.6195708039161616, 4.0858835573770875, 4.0, 4.0858835573770875, 8.63952609610345, 9.70358257191587], [5.1478150704935, 4.576510072581994, 4.548626166217663, 3.890301330802595, 3.8765677832043357, 3.5, 3.9824615503479754, 3.210053651334265, 3.258493175959983, 2.8, 3.4655446902326914, 2.5405598683054973, 2.6810031290130523, 2.1, 3.023243291566195, 1.8932629094883902, 2.1766436956419346, 1.4000000000000004, 2.692582403567252, 1.3017082793177757, 1.8076995817274997, 0.7000000000000002, 2.5495097567963922, 1.740051084818425, 0.9718253158075498, 0.5, 3.7129063074990154, 1.6666666666666665, 0.0, 1.847440946151005, 3.0516389039334255, 2.4166666666666665, 1.9382838916021676, 1.75, 2.544412633535618, 4.716990566028302, 4.333333333333333, 4.0858835573770875, 7.769991516247359, 8.635804204195901], [5.436040393782241, 5.425327546987376, 4.746343643019877, 4.734070321288338, 4.366394664761141, 4.6612041336440315, 4.0601749706679175, 4.045820636373552, 3.666421304659024, 4.012987265155875, 3.379683950792033, 3.3624258261720987, 2.9664605168551637, 3.38545559786364, 2.709152343823482, 2.687591905649394, 2.266523949324963, 2.7925888383199697, 2.0583365217688017, 2.029875135597055, 1.5666440654043434, 2.2618123783179493, 1.6187940278379254, 1.3667009822024807, 1.5824468186424487, 2.1282136128215314, 5.465569583820431, 0.8669581549703942, 1.847440946151005, 0.0, 1.2388890221838815, 0.8844339881965335, 1.1910037105549283, 1.855706088399474, 1.8214915901838225, 3.2517991810706475, 3.1339392757679954, 3.2338586461500767, 7.935478239224997, 9.071674148459731], [6.25, 6.468406123441676, 5.55, 5.79484924547462, 5.315726144605687, 5.814851674806504, 4.85, 5.1283796444664445, 4.625683132732337, 5.1915797210483055, 4.15, 4.472167011391433, 3.939155295801937, 4.5904792778096715, 3.45, 3.831485061667053, 3.258365302485964, 4.021504693519579, 2.75, 3.2156302302624566, 2.5878455217505634, 3.5003571246374277, 2.25, 2.3993633414813282, 2.8000496027352404, 3.3634060117684275, 6.543234484133435, 1.9382838916021679, 3.0516389039334255, 1.2388890221838815, 0.0, 0.8333333333333335, 1.666666666666667, 2.5, 1.9124297273618187, 2.25, 2.3993633414813282, 2.8000496027352404, 7.908831024773992, 9.19544442682436], [6.305310812675648, 6.305310812675648, 5.612213863035197, 5.612213863035197, 5.25, 5.508200956553581, 4.921071473210326, 4.921071473210326, 4.55, 4.845645238539216, 4.232841178740876, 4.232841178740876, 3.85, 4.195268498889884, 3.5492174411332487, 3.5492174411332487, 3.1500000000000004, 3.5637449091900195, 2.873489941594445, 2.873489941594445, 2.45, 2.963153350364739, 2.3993633414813282, 2.25, 2.3993633414813282, 2.8000496027352404, 5.760341908876594, 1.75, 2.4166666666666665, 0.8844339881965335, 0.8333333333333335, 0.0, 0.8333333333333335, 1.6666666666666665, 1.1747324611360297, 2.3993633414813282, 2.25, 2.3993633414813282, 7.3028729513627715, 8.525354223437928], [6.468406123441676, 6.25, 5.79484924547462, 5.55, 5.315726144605687, 5.315726144605687, 5.1283796444664445, 4.85, 4.625683132732337, 4.625683132732336, 4.472167011391433, 4.15, 3.939155295801937, 3.939155295801937, 3.831485061667053, 3.45, 3.258365302485964, 3.258365302485964, 3.2156302302624566, 2.75, 2.5878455217505634, 2.5878455217505634, 2.8000496027352404, 2.3993633414813282, 2.25, 2.399363341481328, 4.993801076220004, 1.9382838916021679, 1.9382838916021676, 1.1910037105549283, 1.666666666666667, 0.8333333333333335, 0.0, 0.833333333333333, 0.7010664285822823, 2.8000496027352404, 2.3993633414813282, 2.25, 6.745605043133882, 7.8864453305818065], [6.73145600891813, 6.305310812675648, 6.087076473973363, 5.612213863035197, 5.508200956553581, 5.25, 5.456418239101544, 4.921071473210326, 4.845645238539216, 4.55, 4.844842618702903, 4.232841178740876, 4.195268498889884, 3.85, 4.260575078554537, 3.5492174411332487, 3.5637449091900195, 3.1500000000000004, 3.7165171868296265, 2.873489941594445, 2.963153350364739, 2.45, 3.3634060117684275, 2.8000496027352404, 2.399363341481328, 2.25, 4.25246379872198, 2.4166666666666665, 1.75, 1.855706088399474, 2.5, 1.6666666666666665, 0.833333333333333, 0.0, 0.9959321303243549, 3.3634060117684275, 2.8000496027352404, 2.399363341481328, 6.2500648269477495, 7.286924190514756], [7.166694628346177, 6.942306430225756, 6.491043826640878, 6.242415929314593, 6.016764984582369, 5.9844252299332945, 5.821150060149571, 5.542553084812744, 5.326687426825716, 5.290130754156164, 5.159256350113459, 4.842729887302613, 4.639583710475527, 4.597566906470808, 4.508887240727224, 4.142966428150326, 3.9570032941503306, 3.907653966625277, 3.875848579730567, 3.443299128479454, 3.2817698172363134, 3.222095216825375, 3.4396035030639722, 3.090870613830263, 2.9436336275898647, 3.027435483111929, 5.223257950102636, 2.6195708039161616, 2.544412633535618, 1.8214915901838225, 1.9124297273618187, 1.1747324611360297, 0.7010664285822823, 0.9959321303243549, 0.0, 2.368312197727413, 1.8252428767300974, 1.5630129049666752, 6.147314920202097, 7.351501023660553], [8.5, 8.661857640124188, 7.8, 7.976075336766685, 7.54615428178118, 7.905694150420948, 7.1, 7.292995117081718, 6.850871801781467, 7.244998274671982, 6.4, 6.613454299968949, 6.156658545383562, 6.592419889539803, 5.7, 5.938668013770241, 5.463922075253677, 5.950630218724736, 5.0, 5.270462766947299, 4.773305400290709, 5.323532661682466, 4.5, 4.576510072581994, 4.7987266829626565, 5.1478150704935, 7.572293468400305, 4.0858835573770875, 4.716990566028302, 3.2517991810706475, 2.25, 2.3993633414813282, 2.8000496027352404, 3.3634060117684275, 2.368312197727413, 0.0, 0.8333333333333335, 1.666666666666667, 6.644677105510143, 8.120456853735154], [8.540751983545972, 8.540751983545972, 7.844389360839022, 7.844389360839022, 7.5, 7.68295371441074, 7.148737262233411, 7.148737262233411, 6.8, 7.001269726112384, 6.454025444979625, 6.454025444979625, 6.1, 6.323588995007326, 5.760594105163499, 5.760594105163499, 5.4, 5.651351854006064, 5.068968775248516, 5.068968775248516, 4.7, 4.9867602486762665, 4.576510072581994, 4.5, 4.576510072581994, 4.7987266829626565, 6.907043489394361, 4.0, 4.333333333333333, 3.1339392757679954, 2.3993633414813282, 2.25, 2.3993633414813282, 2.8000496027352404, 1.8252428767300974, 0.8333333333333335, 0.0, 0.8333333333333335, 5.910505816070992, 7.353046031519863], [8.661857640124188, 8.5, 7.976075336766685, 7.8, 7.54615428178118, 7.54615428178118, 7.292995117081718, 7.1, 6.850871801781467, 6.850871801781467, 6.613454299968949, 6.4, 6.156658545383562, 6.156658545383562, 5.938668013770241, 5.7, 5.463922075253677, 5.463922075253677, 5.270462766947299, 5.0, 4.773305400290709, 4.773305400290709, 4.7987266829626565, 4.576510072581994, 4.5, 4.576510072581994, 6.282018787466419, 4.0858835573770875, 4.0858835573770875, 3.2338586461500767, 2.8000496027352404, 2.3993633414813282, 2.25, 2.399363341481328, 1.5630129049666752, 1.666666666666667, 0.8333333333333335, 0.0, 5.206276313836625, 6.601639285724014], [12.914325947714348, 12.23655972499353, 12.297196085092143, 11.583376484200587, 11.646258060349926, 11.016654837361884, 11.689407531034362, 10.935987730704918, 11.021639790868825, 10.354124814631433, 11.092495900292246, 10.29548660906933, 10.406620995840118, 9.696861221465623, 10.50831490627292, 9.663242798818793, 9.803008590349075, 9.046012072718076, 9.939109569815349, 9.0409887877555, 9.213044789528333, 8.403067968971722, 9.543190374312177, 9.04736578710527, 8.603839941554599, 8.221081722193642, 7.320582557278374, 8.63952609610345, 7.769991516247359, 7.935478239224997, 7.908831024773992, 7.3028729513627715, 6.745605043133882, 6.2500648269477495, 6.147314920202097, 6.644677105510143, 5.910505816070992, 5.206276313836625, 0.0, 1.5948531081155817], [13.761824213693309, 12.923916876629772, 13.181868822387669, 12.304531173355468, 12.469571561195933, 11.65795069654202, 12.614100269645737, 11.694244197814456, 11.885456443983418, 11.030941682605578, 12.06023986389646, 11.094557554051342, 11.314501086829573, 10.41323841881505, 11.522293414800625, 10.507286390034217, 10.75880080705597, 9.806599529354015, 11.002595398304823, 9.934632718135024, 10.220844131868404, 9.213210856762533, 10.644039501066128, 10.07080152363911, 9.536005382008574, 9.046471292816333, 7.486330762220116, 9.70358257191587, 8.635804204195901, 9.071674148459731, 9.19544442682436, 8.525354223437928, 7.8864453305818065, 7.286924190514756, 7.351501023660553, 8.120456853735154, 7.353046031519863, 6.601639285724014, 1.5948531081155817, 0.0]];